epoch tr_q1 tr_median tr_q3 vl_q1 vl_median vl_q3 vl_tumour_q1 vl_tumour_median vl_tumour_q3 n
1 1.648129 1.682318 1.707222 1.962295 2.128533 2.358553 43.571429 44.948980 59.948980 10
2 1.026484 1.044069 1.087304 1.404352 1.558821 2.102417 53.443878 70.663265 74.566327 10
3 0.828162 0.853519 0.876443 1.198896 1.426704 1.492111 63.801020 70.204082 84.948980 10
4 0.719710 0.727091 0.754373 1.364273 1.570697 1.829841 61.071429 74.183673 80.000000 10
5 0.627413 0.654529 0.670079 1.063334 1.344934 1.878687 59.081633 69.030612 79.413265 10
6 0.568653 0.574378 0.580996 0.954664 1.189120 1.712657 55.586735 72.142857 85.765306 10
7 0.507814 0.511911 0.516282 1.048736 1.299196 1.542626 65.484694 70.816327 79.617347 10
8 0.447152 0.456643 0.463658 0.915972 1.127366 1.214455 70.816327 76.887755 81.581633 10
9 0.379871 0.391061 0.401059 0.953206 1.227777 1.632638 69.387755 82.091837 86.352041 10
10 0.343948 0.350641 0.366969 0.923149 1.186855 1.442184 72.627551 79.132653 88.622449 10
11 0.302306 0.311954 0.328874 0.674109 0.830496 0.931747 75.510204 82.244898 90.765306 10
12 0.255668 0.274858 0.288042 0.643684 1.031173 1.303481 71.454082 78.928571 89.744898 10
13 0.220100 0.231448 0.237638 0.639301 1.045079 1.405262 68.724490 75.969388 88.035714 10
14 0.180400 0.185909 0.194306 0.480110 0.944213 1.264259 77.066327 85.765306 93.214286 10
15 0.148130 0.153615 0.171070 0.566133 0.773032 1.113100 76.071429 84.183673 88.214286 10
16 0.118782 0.131216 0.141137 0.522711 0.982242 1.952121 66.785714 75.102041 90.816327 10
17 0.097166 0.101423 0.117270 0.693763 1.293490 1.720271 61.938776 72.142857 83.852041 10
18 0.075623 0.084026 0.089089 0.583340 1.000491 1.468501 74.744898 78.112245 85.688776 10
19 0.038501 0.064128 0.071183 0.386175 0.522516 1.067761 79.056122 89.183673 92.576531 10
20 0.002045 0.030179 0.048057 0.494276 0.887445 1.450133 66.020408 80.357143 87.193878 10
21 -0.011865 0.001288 0.039750 0.542085 0.715517 1.756327 75.357143 85.510204 91.250000 10
22 -0.031991 -0.020131 -0.007138 0.272325 0.611132 1.852429 61.836735 85.918367 95.510204 10
23 -0.045311 -0.035772 -0.030082 0.361441 0.632009 1.450555 67.551020 82.806122 93.903061 10
24 -0.064037 -0.049082 -0.040003 0.266418 0.525154 1.273428 82.066327 85.051020 94.948980 10
25 -0.083826 -0.071551 -0.053745 0.331683 0.472021 1.299756 82.933673 90.969388 93.316327 10
26 -0.102957 -0.091968 -0.084463 0.316265 0.915491 1.592298 73.188776 73.520408 92.525510 10
27 -0.107935 -0.082861 -0.070535 0.260268 0.563509 0.910562 81.173469 89.642857 94.872449 10
28 -0.126687 -0.106409 -0.087509 0.146658 0.344055 0.789328 84.132653 91.479592 95.051020 10
29 -0.147987 -0.120318 -0.083959 0.487985 1.220022 1.877066 65.000000 76.734694 90.178571 10
30 -0.150571 -0.138139 -0.095810 0.084114 0.711404 2.250233 59.183673 89.285714 96.301020 10
31 -0.159362 -0.105727 -0.089695 0.005349 0.313500 1.347129 76.326531 91.581633 96.173469 10
32 -0.172782 -0.130067 -0.093764 -0.022141 0.141540 2.015709 69.770408 95.561224 97.525510 10
33 -0.180010 -0.155887 -0.134907 -0.026554 0.151853 0.421272 89.183673 93.826531 98.061224 10
34 -0.186459 -0.178942 -0.153073 -0.021207 0.075514 0.258198 91.479592 95.255102 97.448980 10
35 -0.192760 -0.187369 -0.171403 -0.028677 0.089943 0.295996 93.673469 96.326531 97.448980 10
36 -0.197172 -0.187433 -0.168044 -0.027037 0.075067 0.444980 87.372449 95.969388 98.112245 10
37 -0.199335 -0.190309 -0.174782 -0.014813 0.013973 0.324549 94.336735 96.479592 97.448980 10
38 -0.202319 -0.197064 -0.168825 0.015962 0.143893 0.734523 92.806122 94.183673 96.785714 10
39 -0.206941 -0.197507 -0.187067 0.034138 0.154367 0.344887 92.474490 94.693878 96.096939 10
40 -0.211353 -0.202424 -0.165268 -0.029385 0.068654 0.475708 90.943878 96.785714 97.729592 10
41 -0.218159 -0.205258 -0.164833 -0.031875 0.032178 1.238432 77.193878 96.530612 97.525510 10
42 -0.219365 -0.196217 -0.164792 -0.049239 0.043067 1.179202 91.198980 95.765306 98.112245 10
43 -0.219927 -0.207857 -0.178155 0.031426 0.228218 1.351246 84.132653 90.306122 96.352041 10
44 -0.220641 -0.194724 -0.174184 0.064681 0.342056 1.057666 78.571429 91.020408 95.229592 10
45 -0.218421 -0.207209 -0.179893 -0.059478 0.102953 1.062733 90.178571 94.744898 98.290816 10
46 -0.225572 -0.214944 -0.175249 -0.038096 0.066124 0.308379 90.484694 94.744898 97.397959 10
47 -0.226110 -0.220663 -0.156839 -0.067682 -0.051359 1.424665 80.484694 97.244898 98.086735 10
48 -0.228106 -0.217382 -0.187473 -0.061468 0.042470 0.466204 87.755102 97.244898 97.448980 10
49 -0.228078 -0.223819 -0.219131 -0.082190 -0.042715 -0.001135 96.505102 97.448980 97.806122 10
50 -0.232718 -0.229493 -0.226173 -0.074464 -0.047704 -0.011087 96.250000 97.040816 97.857143 10
51 -0.236023 -0.233500 -0.226368 -0.071542 -0.040950 -0.011994 96.683673 97.448980 98.239796 10
52 -0.237995 -0.234626 -0.227451 -0.089929 -0.062118 -0.013621 96.454082 97.244898 98.010204 10
53 -0.236264 -0.235138 -0.231342 -0.077678 -0.048751 -0.038702 96.658163 97.295918 97.831633 10
54 -0.238012 -0.236487 -0.234594 -0.083691 -0.062152 -0.040969 97.066327 97.397959 97.729592 10
55 -0.240593 -0.236561 -0.233856 -0.084772 -0.035869 0.016181 96.479592 97.295918 97.678571 10
56 -0.239680 -0.236683 -0.232244 -0.084874 -0.047391 -0.032074 97.015306 97.397959 97.704082 10
57 -0.241098 -0.237792 -0.227325 -0.087196 -0.061815 -0.031355 97.142857 97.448980 98.061224 10
58 -0.240573 -0.237333 -0.208690 -0.066548 -0.049391 0.042569 95.714286 97.244898 98.010204 10
59 -0.240881 -0.238162 -0.210101 -0.071680 -0.069885 0.006553 96.887755 97.602041 97.831633 10
60 -0.241382 -0.239352 -0.214066 -0.092546 -0.079168 -0.060405 97.346939 97.704082 98.035714 10
61 -0.242598 -0.239033 -0.228437 -0.088676 -0.065060 -0.036188 97.066327 97.653061 97.959184 10
62 -0.241557 -0.238293 -0.236210 -0.093049 -0.069547 -0.049248 96.938776 97.500000 98.035714 10
63 -0.242956 -0.241371 -0.237704 -0.092134 -0.071039 -0.029255 97.346939 97.500000 98.137755 10
64 -0.242904 -0.241205 -0.239278 -0.083277 -0.059249 -0.002064 96.198980 97.040816 97.857143 10
65 -0.242096 -0.240369 -0.228191 -0.062481 -0.050523 -0.003954 96.173469 97.500000 97.857143 10
66 -0.242588 -0.239519 -0.216140 -0.096316 -0.062003 0.012992 96.326531 97.704082 97.959184 10
67 -0.242143 -0.240808 -0.218248 -0.073815 -0.052373 -0.013651 96.556122 97.193878 97.423469 10
68 -0.244051 -0.242592 -0.224673 -0.097003 -0.069367 0.006926 96.301020 97.295918 98.214286 10
69 -0.245451 -0.242906 -0.231268 -0.084927 -0.062359 -0.009508 96.760204 97.244898 97.882653 10
70 -0.246347 -0.244437 -0.237527 -0.084489 -0.057933 -0.048150 96.760204 97.295918 98.061224 10
71 -0.247282 -0.244749 -0.237909 -0.093756 -0.064048 -0.035084 97.040816 97.346939 97.908163 10
72 -0.246936 -0.245177 -0.241141 -0.099222 -0.068272 -0.053559 97.321429 97.653061 97.933673 10
73 -0.247837 -0.245514 -0.241456 -0.096047 -0.085565 -0.048925 96.887755 97.755102 98.163265 10
74 -0.248411 -0.245476 -0.238740 -0.092195 -0.063958 -0.048652 97.168367 97.500000 98.061224 10
75 -0.248347 -0.246716 -0.240126 -0.104177 -0.077171 -0.063949 97.270408 97.704082 98.239796 10
76 -0.248341 -0.247461 -0.241253 -0.092996 -0.078421 -0.058865 97.270408 97.806122 98.035714 10
77 -0.248509 -0.247133 -0.243007 -0.102419 -0.071881 -0.045745 97.066327 97.346939 98.035714 10
78 -0.249096 -0.246563 -0.244759 -0.098474 -0.068019 -0.058152 97.244898 97.755102 98.418367 10
79 -0.248864 -0.247778 -0.246276 -0.100407 -0.066639 -0.049632 97.244898 97.806122 98.316327 10
80 -0.248965 -0.248093 -0.246429 -0.101400 -0.090503 -0.061230 97.193878 97.908163 98.137755 10
81 -0.248869 -0.247500 -0.245147 -0.111532 -0.094254 -0.058333 97.346939 98.061224 98.265306 9
82 -0.249646 -0.248192 -0.242172 -0.101884 -0.083398 -0.044374 97.448980 97.857143 98.061224 9
83 -0.248988 -0.247794 -0.243701 -0.103032 -0.070639 -0.036682 97.142857 97.857143 98.061224 9
84 -0.249470 -0.247890 -0.224341 -0.090804 -0.080110 -0.033144 97.244898 97.653061 97.755102 9
85 -0.249636 -0.248157 -0.240595 -0.103953 -0.092527 -0.057197 97.244898 97.959184 98.061224 9
86 -0.250255 -0.249432 -0.247251 -0.112243 -0.101952 -0.083707 97.653061 97.857143 98.265306 9
87 -0.250095 -0.249849 -0.247347 -0.108094 -0.093165 -0.064108 97.653061 97.959184 98.061224 9
88 -0.251927 -0.250941 -0.249395 -0.122598 -0.110827 -0.095792 97.806122 98.418367 98.520408 8
89 -0.251456 -0.250718 -0.249795 -0.120106 -0.111979 -0.093221 97.959184 98.571429 98.673469 8
90 -0.251405 -0.250913 -0.248828 -0.114064 -0.110005 -0.100489 98.163265 98.571429 98.673469 7
91 -0.252067 -0.250212 -0.249085 -0.121534 -0.114255 -0.090455 98.010204 98.469388 98.571429 7
92 -0.251920 -0.251001 -0.250120 -0.114799 -0.105563 -0.093556 97.908163 97.959184 98.571429 7
93 -0.251885 -0.251146 -0.250177 -0.112417 -0.110764 -0.095220 98.112245 98.163265 98.265306 7
94 -0.252498 -0.251108 -0.250683 -0.111234 -0.104755 -0.101478 97.857143 98.265306 98.673469 7
95 -0.252964 -0.251356 -0.250485 -0.115220 -0.110250 -0.101323 97.959184 98.265306 98.367347 7
96 -0.252393 -0.251436 -0.250871 -0.117090 -0.109039 -0.098041 97.704082 98.163265 98.367347 7
97 -0.252927 -0.251882 -0.251105 -0.111460 -0.108794 -0.103450 98.010204 98.163265 98.469388 7
98 -0.252475 -0.251918 -0.250431 -0.111871 -0.104300 -0.090291 97.857143 98.265306 98.418367 7
99 -0.252387 -0.251976 -0.250542 -0.118790 -0.114022 -0.100375 98.061224 98.469388 98.520408 7
100 -0.253103 -0.252641 -0.251094 -0.115378 -0.111704 -0.107953 98.112245 98.265306 98.469388 7
101 -0.253174 -0.252335 -0.250764 -0.119310 -0.108742 -0.106566 98.239796 98.520408 98.647959 6
102 -0.252925 -0.252796 -0.252129 -0.122185 -0.114790 -0.099373 98.367347 98.418367 98.469388 6
103 -0.253596 -0.252922 -0.250477 -0.118060 -0.112472 -0.100593 97.806122 98.214286 98.622449 6
104 -0.253438 -0.252892 -0.251678 -0.120683 -0.115858 -0.109912 98.290816 98.418367 98.698980 6
105 -0.253392 -0.253116 -0.253052 -0.120129 -0.117005 -0.107021 98.265306 98.316327 98.520408 6
106 -0.253724 -0.252889 -0.252472 -0.119076 -0.118925 -0.115824 98.163265 98.469388 98.545918 6
107 -0.253809 -0.253362 -0.252743 -0.115283 -0.110030 -0.105400 98.086735 98.265306 98.367347 6
108 -0.254161 -0.253588 -0.253018 -0.125744 -0.116033 -0.105068 98.214286 98.418367 98.545918 6
109 -0.253805 -0.253582 -0.253015 -0.119070 -0.118075 -0.115777 98.035714 98.418367 98.647959 6
110 -0.253798 -0.253204 -0.252889 -0.119339 -0.112330 -0.102019 97.831633 98.418367 98.622449 6
111 -0.253901 -0.252718 -0.251950 -0.125062 -0.116873 -0.105932 98.188776 98.316327 98.520408 6
112 -0.254104 -0.252535 -0.252300 -0.122316 -0.120342 -0.116425 98.137755 98.469388 98.801020 6
113 -0.252927 -0.252459 -0.252043 -0.126493 -0.112009 -0.102392 98.163265 98.469388 98.545918 6
114 -0.253663 -0.253282 -0.252724 -0.120953 -0.117387 -0.104881 98.035714 98.622449 98.750000 6
115 -0.254158 -0.253543 -0.253084 -0.120367 -0.115136 -0.105543 98.290816 98.418367 98.545918 6
116 -0.254190 -0.253130 -0.252784 -0.118262 -0.113857 -0.101696 97.959184 98.418367 98.801020 6
117 -0.254128 -0.253213 -0.253081 -0.121808 -0.120576 -0.116051 98.290816 98.418367 98.775510 6
118 -0.253852 -0.253219 -0.253042 -0.122633 -0.120791 -0.083009 97.933673 98.265306 98.520408 6
119 -0.253929 -0.253094 -0.252581 -0.121971 -0.118197 -0.101889 98.086735 98.265306 98.750000 6
120 -0.254672 -0.253718 -0.253562 -0.118786 -0.116712 -0.105661 98.239796 98.520408 98.724490 6
121 -0.253926 -0.253680 -0.253373 -0.104996 -0.101508 -0.095640 97.448980 97.959184 98.239796 6
122 -0.253991 -0.253632 -0.253410 -0.122209 -0.114487 -0.112012 98.188776 98.418367 98.724490 6
123 -0.254441 -0.253866 -0.253487 -0.118563 -0.115494 -0.113319 98.163265 98.163265 98.316327 6
124 -0.254613 -0.254442 -0.254138 -0.121247 -0.114137 -0.104718 98.163265 98.520408 98.724490 6
125 -0.254580 -0.254220 -0.254076 -0.121162 -0.115604 -0.111114 98.290816 98.469388 98.724490 6
126 -0.254424 -0.254035 -0.253469 -0.123768 -0.113456 -0.094836 98.010204 98.265306 98.596939 6
127 -0.254530 -0.254487 -0.253814 -0.123184 -0.113057 -0.107720 98.188776 98.367347 98.698980 6
128 -0.254641 -0.253912 -0.253296 -0.122214 -0.115709 -0.074327 97.627551 98.214286 98.418367 6
129 -0.254637 -0.254408 -0.253338 -0.123633 -0.119123 -0.102388 98.035714 98.265306 98.724490 6
130 -0.254363 -0.254240 -0.253840 -0.118883 -0.111462 -0.106372 98.112245 98.316327 98.673469 6
131 -0.254799 -0.254348 -0.253605 -0.118434 -0.117746 -0.106949 97.984694 98.112245 98.469388 6
132 -0.254889 -0.254524 -0.253973 -0.118835 -0.116983 -0.112025 98.367347 98.367347 98.520408 6
133 -0.254599 -0.254442 -0.254152 -0.123855 -0.113312 -0.107299 98.163265 98.316327 98.622449 6
134 -0.255421 -0.254866 -0.253887 -0.124611 -0.113155 -0.109086 98.214286 98.367347 98.596939 6
135 -0.255155 -0.254788 -0.254473 -0.122555 -0.117693 -0.103427 98.163265 98.265306 98.520408 6
136 -0.255405 -0.255076 -0.254631 -0.121851 -0.116523 -0.108983 98.163265 98.316327 98.698980 6
137 -0.255668 -0.254928 -0.254286 -0.123999 -0.120740 -0.115085 98.214286 98.367347 98.520408 6
138 -0.255550 -0.254790 -0.254280 -0.124132 -0.116326 -0.107957 98.163265 98.316327 98.698980 6
139 -0.255172 -0.254848 -0.254215 -0.122240 -0.114828 -0.113532 98.086735 98.214286 98.647959 6
140 -0.255576 -0.255307 -0.254571 -0.121165 -0.116344 -0.110644 98.265306 98.367347 98.545918 6
141 -0.255804 -0.255106 -0.254686 -0.121325 -0.120276 -0.117399 98.214286 98.418367 98.698980 6
142 -0.255112 -0.254849 -0.254365 -0.119231 -0.118314 -0.114823 98.163265 98.367347 98.775510 5
143 -0.255072 -0.254962 -0.254795 -0.121520 -0.115296 -0.111733 98.163265 98.571429 98.775510 5
144 -0.255216 -0.254821 -0.254649 -0.119022 -0.117851 -0.116273 98.367347 98.469388 98.775510 5
145 -0.255450 -0.255450 -0.254736 -0.118591 -0.116988 -0.115587 98.163265 98.367347 98.775510 5
146 -0.255418 -0.254876 -0.254449 -0.117103 -0.113594 -0.110754 98.265306 98.367347 98.775510 5
147 -0.255510 -0.254950 -0.254780 -0.119661 -0.118306 -0.115832 98.265306 98.367347 98.673469 5
148 -0.254979 -0.254960 -0.254350 -0.122081 -0.114427 -0.113923 98.163265 98.265306 98.673469 5
149 -0.255291 -0.255075 -0.251302 -0.118786 -0.115370 -0.104230 98.010204 98.469388 98.826531 4
150 -0.255266 -0.254828 -0.247967 -0.116926 -0.114406 -0.090107 97.806122 98.265306 98.520408 3
151 -0.254971 -0.254906 -0.248216 -0.118392 -0.116038 -0.092134 97.806122 98.265306 98.520408 3
152 -0.255217 -0.255043 -0.248319 -0.119643 -0.114453 -0.087378 97.959184 98.469388 98.622449 3
153 -0.254941 -0.254298 -0.247830 -0.117079 -0.114306 -0.090605 97.755102 98.061224 98.418367 3
154 -0.254886 -0.254726 -0.248027 -0.118450 -0.118230 -0.091735 97.653061 98.061224 98.418367 3
155 -0.254889 -0.254698 -0.247997 -0.118080 -0.114679 -0.089606 97.806122 98.265306 98.418367 3
156 -0.254858 -0.254590 -0.248027 -0.118540 -0.115339 -0.089051 97.806122 98.265306 98.520408 3
157 -0.252061 -0.248619 -0.245177 -0.120514 -0.119308 -0.118102 98.316327 98.469388 98.622449 2
158 -0.251823 -0.248399 -0.244976 -0.118262 -0.117559 -0.116855 98.443878 98.520408 98.596939 2
159 -0.251968 -0.248565 -0.245163 -0.117117 -0.116124 -0.115130 98.545918 98.622449 98.698980 2
160 -0.255373 -0.255373 -0.255373 -0.119241 -0.119241 -0.119241 98.163265 98.163265 98.163265 1
161 -0.255568 -0.255568 -0.255568 -0.118942 -0.118942 -0.118942 98.469388 98.469388 98.469388 1
162 -0.255985 -0.255985 -0.255985 -0.116555 -0.116555 -0.116555 98.163265 98.163265 98.163265 1
163 -0.255538 -0.255538 -0.255538 -0.119088 -0.119088 -0.119088 98.163265 98.163265 98.163265 1
164 -0.255544 -0.255544 -0.255544 -0.122041 -0.122041 -0.122041 98.265306 98.265306 98.265306 1
165 -0.255686 -0.255686 -0.255686 -0.120322 -0.120322 -0.120322 98.367347 98.367347 98.367347 1
166 -0.255772 -0.255772 -0.255772 -0.120745 -0.120745 -0.120745 98.367347 98.367347 98.367347 1
167 -0.255909 -0.255909 -0.255909 -0.120623 -0.120623 -0.120623 98.367347 98.367347 98.367347 1
168 -0.255657 -0.255657 -0.255657 -0.115922 -0.115922 -0.115922 98.163265 98.163265 98.163265 1
169 -0.255351 -0.255351 -0.255351 -0.118731 -0.118731 -0.118731 98.469388 98.469388 98.469388 1
170 -0.255325 -0.255325 -0.255325 -0.120548 -0.120548 -0.120548 98.367347 98.367347 98.367347 1
171 -0.255400 -0.255400 -0.255400 -0.119198 -0.119198 -0.119198 98.061224 98.061224 98.061224 1
172 -0.255311 -0.255311 -0.255311 -0.120025 -0.120025 -0.120025 98.265306 98.265306 98.265306 1
173 -0.255758 -0.255758 -0.255758 -0.119045 -0.119045 -0.119045 98.367347 98.367347 98.367347 1
174 -0.255515 -0.255515 -0.255515 -0.121233 -0.121233 -0.121233 98.367347 98.367347 98.367347 1
175 -0.256014 -0.256014 -0.256014 -0.120548 -0.120548 -0.120548 98.265306 98.265306 98.265306 1
176 -0.255858 -0.255858 -0.255858 -0.121546 -0.121546 -0.121546 98.265306 98.265306 98.265306 1
177 -0.255831 -0.255831 -0.255831 -0.120510 -0.120510 -0.120510 98.469388 98.469388 98.469388 1
178 -0.256014 -0.256014 -0.256014 -0.120500 -0.120500 -0.120500 98.163265 98.163265 98.163265 1
179 -0.255771 -0.255771 -0.255771 -0.119075 -0.119075 -0.119075 98.163265 98.163265 98.163265 1
180 -0.255665 -0.255665 -0.255665 -0.122580 -0.122580 -0.122580 98.367347 98.367347 98.367347 1
181 -0.256042 -0.256042 -0.256042 -0.117706 -0.117706 -0.117706 98.367347 98.367347 98.367347 1
182 -0.255506 -0.255506 -0.255506 -0.120624 -0.120624 -0.120624 98.163265 98.163265 98.163265 1
