kimg	fid	precision	recall
0	350.185574	0	0
2.5	344.626494	0	0
5	338.803285	0	0
7.5	332.743836	0	0
10	326.475645	0	0
12.5	320.025685	0	0
15	313.420264	0	0
17.5	306.68491	0	0
20	299.844271	0	0
22.5	292.922023	0	0
25	285.940802	0	0
27.5	278.922137	0	0
30	271.886406	0	0
32.5	264.852803	0	0
35	257.839313	0	0
37.5	250.862699	0	0
40	243.9385	0	0
42.5	237.08104	0	0
45	230.303441	0	0
47.5	223.617646	0	0
50	216.87427	0.00060986712	0
52.5	209.804365	0.00299938806	0
55	202.498058	0.00704468481	0
57.5	195.048717	0.0125826755	0
60	187.541448	0.0194502781	0
62.5	180.052601	0.0274844108	0
65	172.649586	0.0365219916	0
67.5	165.390946	0.0463999386	0
70	158.326643	0.05695517	0
72.5	151.498522	0.0680246037	0
75	144.9409	0.079445158	0
77.5	138.681237	0.0910537508	0
80	132.740882	0.1026873	0
82.5	127.135831	0.114182724	0
85	121.877503	0.125376941	0
87.5	116.973499	0.136106869	0
90	112.428342	0.146209426	0
92.5	108.244181	0.15552153	0
95	104.421465	0.163880099	0
97.5	100.914705	0.171266992	3.00444373e-06
100	97.5410754	0.178205749	2.10845535e-05
102.5	94.2850839	0.184804742	5.49360214e-05
105	91.1503805	0.191113594	0.000103901707
107.5	88.1397256	0.19718193	0.000167324472
110	85.2550847	0.203059375	0.000244547175
112.5	82.4977199	0.208795554	0.000334912676
115	79.8682804	0.214440092	0.000437763836
117.5	77.366888	0.220042612	0.000552443514
120	74.9932198	0.22565274	0.000678294571
122.5	72.7465871	0.231320101	0.000814659867
125	70.6260097	0.237094318	0.000960882262
127.5	68.6302866	0.243025017	0.00111630462
130	66.7580626	0.249161823	0.00128026979
132.5	65.0078912	0.255554359	0.00145212064
135	63.3782943	0.262252251	0.00163120003
137.5	61.8678184	0.269305124	0.00181685082
140	60.4750892	0.276762601	0.00200841587
142.5	59.1988631	0.284674308	0.00220523804
145	58.0337044	0.293180198	0.00241157785
147.5	56.937298	0.303084279	0.00267125451
150	55.8962664	0.314405892	0.00299176355
152.5	54.9071236	0.326946231	0.00336934988
155	53.9666044	0.340506492	0.00380025843
157.5	53.0716465	0.354887871	0.0042807341
160	52.2193737	0.369891563	0.00480702181
162.5	51.4070812	0.385318764	0.00537536647
165	50.6322218	0.400970669	0.00598201301
167.5	49.892393	0.416648473	0.00662320633
170	49.1853264	0.432153372	0.00729519135
172.5	48.5088763	0.447286561	0.00799421299
175	47.8610107	0.461849237	0.00871651615
177.5	47.2398023	0.475642594	0.00945834577
180	46.6434208	0.488467828	0.0102159467
182.5	46.0701254	0.500126134	0.010985564
185	45.5182579	0.510418707	0.0117634424
187.5	44.9862372	0.519146744	0.012545827
190	44.4725534	0.52611144	0.0133289625
192.5	43.9753685	0.53115111	0.0141111523
195	43.4813986	0.535343375	0.0149550327
197.5	42.9870809	0.53927485	0.0158840784
200	42.4955302	0.54296109	0.0168881508
202.5	42.0097227	0.546417647	0.017957111
205	41.5324986	0.549660073	0.0190808204
207.5	41.0665673	0.552703923	0.0202491402
210	40.6145141	0.555564747	0.0214519317
212.5	40.1788084	0.558258101	0.0226790562
215	39.7618144	0.560799535	0.0239203749
217.5	39.3658018	0.563204604	0.0251657491
220	38.9929588	0.565488861	0.02640504
222.5	38.6454066	0.567667857	0.027628109
225	38.325214	0.569757146	0.0288248172
227.5	38.034414	0.571772281	0.029985026
230	37.7750215	0.573728814	0.0310985967
232.5	37.5490522	0.575642299	0.0321553904
235	37.3585423	0.577528289	0.0331452684
237.5	37.2055703	0.579402336	0.0340580921
240	37.0922798	0.581279993	0.0348837227
242.5	37.0033366	0.583160096	0.0356298721
245	36.9215412	0.585027255	0.0363161749
247.5	36.8463102	0.586875682	0.0369503759
250	36.7770683	0.588699592	0.0375402199
252.5	36.7132471	0.590493199	0.0380934518
255	36.6542849	0.592250715	0.0386178165
257.5	36.599625	0.593966356	0.0391210589
260	36.5487159	0.595634334	0.0396109237
262.5	36.5010103	0.597248863	0.040095156
265	36.4559644	0.598804158	0.0405815004
267.5	36.4130379	0.600294431	0.041077702
270	36.3716935	0.601713896	0.0415915055
272.5	36.3313963	0.603056768	0.0421306558
275	36.2916142	0.604317259	0.0427028979
277.5	36.2518171	0.605489584	0.0433159764
280	36.2114776	0.606567956	0.0439776364
282.5	36.1700704	0.607546589	0.0446956227
285	36.1270728	0.608419696	0.0454776801
287.5	36.0819648	0.609181492	0.0463315536
290	36.0345066	0.609863235	0.0473557108
292.5	35.9852598	0.61053685	0.0487168775
295	35.9346535	0.61120127	0.0503767144
297.5	35.8831038	0.611853129	0.0522908645
300	35.8310242	0.612489061	0.0544149708
302.5	35.7788261	0.613105699	0.0567046764
305	35.7269186	0.613699677	0.0591156243
307.5	35.6757081	0.614267629	0.0616034576
310	35.6255991	0.614806188	0.0641238194
312.5	35.5769936	0.615311989	0.0666323526
315	35.5302915	0.615781664	0.0690847004
317.5	35.4858912	0.616211848	0.0714365058
320	35.444189	0.616599174	0.0736434118
322.5	35.4055802	0.616940276	0.0756610615
325	35.3704589	0.617231788	0.077445098
327.5	35.3392186	0.617470343	0.0789511643
330	35.3122527	0.617652575	0.0801349033
332.5	35.2899545	0.617775119	0.0809519583
335	35.2727184	0.617834606	0.0813579723
337.5	35.260132	0.617775158	0.081347494
340	35.2490552	0.617393037	0.0810655203
342.5	35.239033	0.616696949	0.0805520716
345	35.229956	0.61571991	0.0798317147
347.5	35.2217152	0.614494936	0.0789290167
350	35.2142015	0.613055043	0.0778685444
352.5	35.2073062	0.611433246	0.0766748647
355	35.2009206	0.609662563	0.0753725447
357.5	35.194936	0.607776008	0.0739861512
360	35.189244	0.605806598	0.0725402512
362.5	35.1837362	0.603787348	0.0710594115
365	35.1783041	0.601751274	0.0695681991
367.5	35.1728396	0.599731393	0.0680911809
370	35.1672344	0.59776072	0.0666529239
372.5	35.1613804	0.595872271	0.065277995
375	35.1551695	0.594099063	0.0639909611
377.5	35.1484937	0.59247411	0.0628163891
380	35.1412452	0.591030429	0.061778846
382.5	35.1333162	0.589801036	0.0609028986
385	35.1245369	0.588803446	0.0601992884
387.5	35.1143334	0.587913827	0.0595560469
390	35.1027697	0.58709157	0.0589417484
392.5	35.090069	0.586328468	0.0583544865
395	35.0764545	0.585616314	0.0577923549
397.5	35.0621491	0.584946901	0.057253447
400	35.0473753	0.584312024	0.0567358564
402.5	35.0323556	0.583703475	0.0562376767
405	35.0173116	0.583113048	0.0557570015
407.5	35.0024648	0.582532536	0.0552919244
410	34.9880365	0.581953732	0.0548405388
412.5	34.9742473	0.58136843	0.0544009385
415	34.9613177	0.580768423	0.053971217
417.5	34.9494679	0.580145504	0.0535494677
420	34.9389178	0.579491468	0.0531337844
422.5	34.9298872	0.578798106	0.0527222606
425	34.9225959	0.578057213	0.0523129899
427.5	34.9172637	0.577260582	0.0519040657
430	34.9141107	0.576400006	0.0514935818
432.5	34.913538	0.575466879	0.0510792001
435	34.921464	0.574443419	0.0506464453
437.5	34.9399857	0.573328551	0.0501927373
440	34.9681901	0.57212922	0.0497231452
442.5	35.0051695	0.570852371	0.0492427384
445	35.0500197	0.569504949	0.0487565864
447.5	35.1018373	0.568093897	0.0482697585
450	35.1597179	0.566626163	0.0477873241
452.5	35.2227545	0.56510869	0.0473143525
455	35.2900359	0.563548423	0.046855913
457.5	35.3606456	0.561952307	0.0464170751
460	35.4336607	0.560327287	0.0460029081
462.5	35.5081512	0.558680308	0.0456184814
465	35.5831794	0.557018315	0.0452688642
467.5	35.6577997	0.555348253	0.0449591261
470	35.7310587	0.553677066	0.0446943364
472.5	35.8019951	0.5520117	0.0444795644
475	35.8696406	0.5503591	0.0443198794
477.5	35.9330204	0.54872621	0.0442203509
480	35.9911543	0.547119975	0.0441860482
482.5	36.0459296	0.545432782	0.0441983367
485	36.0999661	0.543572247	0.0442338879
487.5	36.15338	0.541568159	0.0442907305
490	36.2062877	0.539450307	0.0443668929
492.5	36.2588067	0.53724848	0.0444604038
495	36.3110551	0.534992467	0.0445692918
497.5	36.3631518	0.532712056	0.0446915854
500	36.4152161	0.530437038	0.0448253132
502.5	36.4673683	0.5281972	0.0449685039
505	36.5197292	0.526022333	0.0451191859
507.5	36.5724204	0.523942224	0.0452753879
510	36.6255642	0.521986664	0.0454351385
512.5	36.6792836	0.52018544	0.0455964662
515	36.7337022	0.518568342	0.0457573997
517.5	36.7889446	0.517165159	0.0459159674
520	36.8451359	0.516005681	0.0460701981
522.5	36.9024023	0.515119695	0.0462181202
525	36.9608707	0.514536991	0.0463577624
527.5	37.0206688	0.514287358	0.0464871532
530	37.0836877	0.514287855	0.0466057632
532.5	37.1530957	0.514318412	0.04671642
535	37.2280344	0.514369853	0.0468205992
537.5	37.3075226	0.514439831	0.0469197091
540	37.3905722	0.514525999	0.0470151578
542.5	37.4761875	0.514626012	0.0471083534
545	37.5633639	0.514737523	0.0472007042
547.5	37.651088	0.514858188	0.0472936183
550	37.7383366	0.514985658	0.0473885037
552.5	37.8240773	0.515117589	0.0474867688
555	37.9072683	0.515251634	0.0475898216
557.5	37.9868593	0.515385447	0.0476990703
560	38.0617921	0.515516682	0.047815923
562.5	38.1310018	0.515642993	0.047941788
565	38.1934185	0.515762034	0.0480780733
567.5	38.2479686	0.515871459	0.0482261872
570	38.2935771	0.515968921	0.0483875377
572.5	38.3291698	0.516052074	0.048563533
575	38.353676	0.516118573	0.0487555814
577.5	38.3679841	0.51616975	0.0489941586
580	38.3796036	0.516219264	0.049390921
582.5	38.389578	0.516268417	0.0499390885
585	38.3981172	0.516316931	0.0506183834
587.5	38.4054312	0.516364529	0.0514085285
590	38.4117305	0.516410932	0.0522892463
592.5	38.4172259	0.516455864	0.0532402592
595	38.4221283	0.516499045	0.0542412898
597.5	38.4266487	0.516540198	0.0552720607
600	38.4309981	0.516579046	0.0563122944
602.5	38.4353879	0.51661531	0.0573417134
605	38.4400295	0.516648713	0.0583400403
607.5	38.4451341	0.516678977	0.0592869977
610	38.4509135	0.516705824	0.060162308
612.5	38.4575793	0.516728977	0.0609456938
615	38.4653435	0.516748157	0.0616168777
617.5	38.4744183	0.516763086	0.0621555822
620	38.4850161	0.516773488	0.0625415299
622.5	38.4973499	0.516779084	0.0627544432
625	38.5150568	0.516772911	0.0627638249
627.5	38.5684128	0.516695768	0.0624730799
630	38.6607612	0.516540716	0.0618913533
632.5	38.7875246	0.516316393	0.0610541307
635	38.9441632	0.516031436	0.0599968976
637.5	39.1261359	0.515694481	0.0587551396
640	39.3288667	0.515314168	0.0573643423
642.5	39.5477166	0.514899132	0.0558599911
645	39.7779616	0.514458011	0.0542775718
647.5	40.0147756	0.513999443	0.0526525697
650	40.253219	0.513532065	0.0510204706
652.5	40.4882341	0.513064513	0.0494167599
655	40.7146462	0.512605427	0.0478769232
657.5	40.9271707	0.512163442	0.0464364461
660	41.1204284	0.511747196	0.0451308141
662.5	41.2889661	0.511365327	0.0439955128
665	41.4272852	0.511026471	0.0430660277
667.5	41.5298774	0.510739267	0.0423778444
670	41.5912673	0.510512351	0.0419664485
672.5	41.6061184	0.510353148	0.041860465
675	41.5735158	0.510227808	0.041860465
677.5	41.4984411	0.510116367	0.041860465
680	41.3861672	0.510017166	0.041860465
682.5	41.242022	0.509928544	0.041860465
685	41.0713451	0.509848842	0.041860465
687.5	40.8794513	0.5097764	0.041860465
690	40.6716006	0.509709557	0.041860465
692.5	40.4529747	0.509646655	0.041860465
695	40.2286608	0.509586032	0.041860465
697.5	40.0036409	0.509526029	0.041860465
700	39.782788	0.509464986	0.041860465
702.5	39.5708685	0.509401243	0.041860465
705	39.3725497	0.50933314	0.041860465
707.5	39.1924134	0.509259017	0.041860465
710	39.0349748	0.509177214	0.041860465
712.5	38.904707	0.509086072	0.041860465
715	38.8060699	0.50898393	0.041860465
717.5	38.7435455	0.508869129	0.041860465
720	38.7216779	0.508740008	0.041860465
722.5	38.7524636	0.50856521	0.0418787335
725	38.8405257	0.50832046	0.0419309104
727.5	38.9795683	0.50801472	0.042013053
730	39.1634191	0.507656953	0.0421212183
732.5	39.3859507	0.507256121	0.0422514635
735	39.6410118	0.506821188	0.0423998458
737.5	39.9223687	0.506361116	0.0425624224
740	40.2236569	0.505884868	0.0427352503
742.5	40.5383428	0.505401406	0.0429143868
745	40.8596954	0.504919693	0.043095889
747.5	41.1807699	0.504448693	0.0432758141
750	41.4944019	0.503997366	0.0434502191
752.5	41.7932144	0.503574677	0.0436151614
755	42.0696372	0.503189588	0.043766698
757.5	42.31594	0.502851062	0.0439008861
760	42.5242789	0.502568061	0.0440137828
762.5	42.6867581	0.502349548	0.0441014453
765	42.7955038	0.502204486	0.0441599308
767.5	42.8427538	0.502141837	0.0441852964
770	42.8305369	0.502146366	0.0441860482
772.5	42.7777168	0.502171133	0.0441860482
775	42.6895049	0.502212563	0.0441860482
777.5	42.5706514	0.50226852	0.0441860482
780	42.425929	0.502336867	0.0441860482
782.5	42.2601018	0.502415469	0.0441860482
785	42.0779	0.502502188	0.0441860482
787.5	41.8839991	0.50259489	0.0441860482
790	41.6830048	0.502691436	0.0441860482
792.5	41.4794429	0.502789692	0.0441860482
795	41.2777537	0.50288752	0.0441860482
797.5	41.0822923	0.502982785	0.0441860482
800	40.8973322	0.50307335	0.0441860482
802.5	40.7270744	0.503157079	0.0441860482
805	40.5756607	0.503231835	0.0441860482
807.5	40.4471907	0.503295483	0.0441860482
810	40.345744	0.503345885	0.0441860482
812.5	40.2754058	0.503380906	0.0441860482
815	40.240297	0.50339841	0.0441860482
817.5	40.2407618	0.5033893	0.0441460205
820	40.2624969	0.503325708	0.0439115004
822.5	40.3018018	0.503208967	0.0434877239
825	40.3565298	0.503043686	0.0428983482
827.5	40.4245414	0.502834471	0.0421670302
830	40.5036974	0.502585931	0.041317427
832.5	40.5918515	0.502302671	0.0403731957
835	40.6868457	0.501989299	0.0393579932
837.5	40.7865051	0.501650423	0.0382954767
840	40.8886359	0.501290651	0.0372093031
842.5	40.9910223	0.500914588	0.0361231295
845	41.0914269	0.500526843	0.035060613
847.5	41.1875901	0.500132023	0.0340454105
850	41.2772327	0.499734734	0.0331011792
852.5	41.3580584	0.499339586	0.032251576
855	41.4277579	0.498951183	0.031520258
857.5	41.4840148	0.498574135	0.0309308823
860	41.5245122	0.498213048	0.0305071059
862.5	41.5469406	0.49787253	0.0302725857
865	41.5498657	0.497551947	0.030232558
867.5	41.540084	0.49720776	0.030232558
870	41.5205197	0.496833743	0.030232558
872.5	41.4923788	0.496435519	0.030232558
875	41.4568701	0.496018712	0.030232558
877.5	41.4152028	0.495588949	0.030232558
880	41.3685841	0.495151851	0.030232558
882.5	41.3182182	0.494713046	0.030232558
885	41.2653047	0.494278156	0.030232558
887.5	41.2110379	0.493852806	0.030232558
890	41.1566059	0.493442621	0.030232558
892.5	41.1031907	0.493053226	0.030232558
895	41.0519682	0.492690245	0.030232558
897.5	41.0041087	0.492359302	0.030232558
900	40.9607776	0.492066021	0.030232558
902.5	40.9231367	0.491816029	0.030232558
905	40.8923453	0.491614948	0.030232558
907.5	40.8695625	0.491468403	0.030232558
910	40.8559491	0.49138202	0.030232558
912.5	40.8527906	0.491361728	0.0302318063
915	40.8645964	0.491419755	0.0302064407
917.5	40.8920573	0.491553546	0.0301479552
920	40.9336537	0.491754082	0.0300602927
922.5	40.987876	0.492012343	0.0299473961
925	41.0532186	0.49231931	0.0298132081
927.5	41.1281764	0.492665964	0.0296616717
930	41.21124	0.493043285	0.0294967295
932.5	41.3008934	0.493442252	0.0293223246
935	41.3956102	0.493853847	0.0291423997
937.5	41.4938523	0.49426905	0.0289608976
940	41.5940678	0.494678841	0.0287817613
942.5	41.6946902	0.4950742	0.0286089335
945	41.7941377	0.495446109	0.0284463571
947.5	41.8908137	0.495785547	0.0282979749
950	41.983107	0.496083495	0.0281677298
952.5	42.069394	0.496330933	0.0280595645
955	42.1480398	0.496518841	0.027977422
957.5	42.2174014	0.496638201	0.0279252451
960	42.2758308	0.496679991	0.0279069766
962.5	42.3277845	0.496617786	0.0279495163
965	42.3787525	0.496435478	0.0280738663
967.5	42.4286352	0.496139535	0.0282751232
970	42.4773325	0.495736422	0.0285483834
972.5	42.5247442	0.495232604	0.0288887437
975	42.5707695	0.494634548	0.0292913004
977.5	42.6153075	0.49394872	0.0297511502
980	42.658257	0.493181584	0.0302633896
982.5	42.6995165	0.492339607	0.0308231151
985	42.7389845	0.491429254	0.0314254233
987.5	42.7765592	0.490456992	0.0320654106
990	42.8121387	0.489429285	0.0327381738
992.5	42.8456212	0.4883526	0.0334388092
995	42.8769048	0.487233402	0.0341624134
997.5	42.9058876	0.486078158	0.0349040831
1000	42.9324678	0.484893332	0.0356589146
