x y
1.7413423 3.4049399
1.2530389 3.3424454
1.2593000 3.1744545
1.2803476 3.9714580
1.2693540 3.8934100
-0.6908550 4.6410193
1.4525014 4.3430724
-0.8078383 4.6682849
1.0229644 2.8175461
0.7497059 2.6619515
2.3654611 3.8538942
1.0087377 7.3492002
1.3351375 2.6230347
0.3658631 1.6871839
1.1366432 7.2067847
1.2186207 3.2253025
1.1274290 7.2267051
0.9654732 3.7005720
-3.0325048 2.8262665
1.0052898 7.3847313
-2.7134137 2.8381240
1.0088280 7.3700523
-0.5077271 4.5469022
-2.5528924 2.8014948
-2.7294216 2.8066471
1.7450964 0.2681623
-0.5606888 4.5969620
0.9214972 3.9607003
1.1890957 7.1533260
1.0050297 7.3347292
-2.7236705 2.9142320
1.4267842 4.1384830
-1.0000670 4.7843280
1.2544628 4.0329118
1.0879819 7.2719150
-0.3790919 4.3718190
1.2554806 4.0346632
1.0782382 2.9273534
-2.7809145 2.8841870
-0.4797846 4.5343103
1.1506361 7.2016335
1.9672191 3.8275435
1.1753604 3.9229472
1.3098896 3.1103227
1.7951248 4.1145425
-0.3073778 4.4798312
1.1008734 2.9196255
0.0667788 4.1525397
0.1338871 4.1150093
-1.0635180 1.4593325
1.2745354 3.9682117
-0.4677334 4.5575066
1.6432492 3.3706517
1.0302644 7.3351946
1.1956879 4.0246329
1.0250798 7.3456664
-2.0200229 1.0453442
-0.2194940 4.3899961
1.0879545 2.8759787
1.2786386 3.2401850
1.7066764 3.3476675
1.0285705 2.4102249
0.7900146 2.7299476
1.8464664 3.5227931
1.2927412 3.2950277
1.4669266 2.4666533
2.3602042 3.8462901
2.3635151 3.8543913
1.1330057 7.2131257
1.3865169 4.1609292
0.9590149 3.6387622
1.2383782 4.0016603
-2.5974274 2.8645084
1.9876618 3.8915641
-1.1163758 4.7386341
-0.1058078 4.3543358
-0.8891754 4.7368002
1.0981144 2.5661547
-0.7642696 4.5384111
1.1207341 3.5289528
0.1329586 4.1936336
1.5451336 3.2864435
1.6460561 3.3332007
1.3986642 4.3618450
1.0692221 7.2920451
1.5258757 3.1760890
1.4187419 4.3095675
1.0110757 7.3315234
0.9746220 7.3965187
1.3269348 3.0237975
1.7826936 -0.0579438
-2.6997457 2.8997879
1.2892278 3.3152585
1.6161323 3.3536131
1.1931739 3.0711570
1.5043092 3.2965262
-0.1676921 4.0473204
1.2827327 3.8905993
0.1616227 4.1566796
1.2917731 3.6241918
1.8178436 3.4980631
1.3752693 4.2641664
1.5076362 2.2014472
-0.4279700 4.4684095
1.9617085 3.8828611
1.2891656 3.2261610
0.8174234 3.7744405
-0.2420397 4.3832879
-0.3261451 4.4539757
1.0868447 7.2667046
0.9610729 3.6656568
-0.1715510 4.3733354
1.1573972 2.9650214
1.1772735 3.2370665
1.7242860 0.3879240
0.3018700 4.2337599
-0.9780762 4.7905087
1.0868694 4.1937594
0.7632797 2.6219280
-3.8578658 -3.6434100
-1.0036577 4.7048998
1.5663782 3.6787617
-0.3969766 4.3896141
-2.5736573 2.8421633
1.3172539 2.4416437
-0.9650929 4.7432156
1.0134946 7.3171434
-2.7881725 2.7902224
-0.1943094 4.4075809
1.4549714 4.3427186
1.6441816 3.4018855
-1.0851963 4.7342849
1.0839186 2.7643161
1.3968946 4.3911219
-0.2926447 4.4640875
1.2648423 7.0731373
1.0503874 2.5270071
0.9651657 7.4064751
1.5026536 3.2552600
-0.0860692 4.2964344
-1.0272425 4.4078369
1.0718130 7.2949209
-2.6949599 2.8898985
1.3344404 2.6740170
-0.4365377 4.5203595
1.2218086 3.1212912
-0.3078602 4.4995914
-0.9008098 4.7201071
0.0948923 4.1999454
1.3348701 4.4281368
0.9680746 7.3997374
0.2973062 4.2292676
1.0065758 7.3564730
1.2015229 3.1943526
1.5070244 4.3136811
1.2295128 3.1109912
0.9793764 7.3787675
0.7976788 2.6833506
1.7195411 3.3772027
-0.9596949 4.8104401
0.2306253 4.1602468
1.4920223 4.3371162
0.9154674 2.7371681
0.8813266 3.1184132
1.3405493 3.5893795
1.3345177 4.4332018
1.7405380 4.1486712
0.7276956 2.4463630
1.1593738 3.1775205
2.3695345 3.8565705
1.6159458 3.3444231
1.1819060 3.9706440
1.6204361 3.3841653
-0.6460543 4.6009798
2.3147981 3.8452172
1.1402493 7.2242560
-2.6606002 2.8099113
1.7014717 3.4228344
0.9912876 3.6183789
-0.5223735 4.5822520
0.1679052 4.1725216
-2.7650406 2.8898342
1.2406420 3.1919758
2.2674487 3.8104630
-2.4038420 1.0349987
1.5686607 3.2632542
1.4182953 3.1937201
-0.5177323 4.5813146
1.1607746 7.1595383
0.7784730 2.6834948
1.1153190 2.9611015
1.0771450 2.8403335
1.2301781 3.8999679
1.4002752 3.1906683
-0.3702656 4.4953961
0.9705783 2.6670284
-2.8043170 2.8109577
1.8736866 3.6886799
1.8962073 4.0518599
-1.0089074 4.1104221
1.3041666 3.3485634
0.1749198 4.2092414
1.1086417 2.8980980
1.6254700 3.4045320
1.3486240 2.5162423
0.7317898 2.6485391
1.9527069 3.6508400
-0.9766118 4.6310878
2.3620718 3.8479223
-0.2195675 4.4128189
0.9720788 7.3985486
1.1499933 3.0703063
-0.6742455 4.6956215
-0.1693188 4.3716307
1.0065989 7.3105617
-0.2289635 4.4005733
0.9917997 2.8839970
-0.9826745 4.8163829
0.9869785 7.3774567
1.2558032 2.9946485
-0.9699168 4.7370110
-0.6491218 4.6296349
1.4299965 4.3073468
1.6919730 3.3468432
1.3339535 3.1291544
0.6185810 2.7523446
2.0709007 3.8507178
1.2336555 7.1521025
0.0767509 4.2012081
-2.6868765 2.9085057
0.8837095 3.7169096
1.4552513 3.2018425
-0.3234749 4.4677615
-2.6878362 2.9157250
1.1813018 3.1421010
1.0111762 7.3491616
0.2527739 4.2231121
1.0879165 3.8506281
-2.6275012 2.8516870
-2.7653480 2.7079298
1.2203735 3.9867592
-3.1277959 2.8875675
1.2568703 4.0912204
-0.4649588 4.5634665
-0.4787630 4.5657439
2.2623484 3.8605986
0.3173487 4.2456393
1.0680988 7.3413644
1.1671365 3.9502130
-0.6456223 4.6485648
1.3390633 4.1725473
-0.1749742 3.9978869
1.6520240 3.3503277
1.4346261 3.2355468
1.3447709 3.3651791
1.0147980 3.5750430
1.6214802 3.3526511
1.7919848 3.8778117
-0.2532230 4.4385343
1.7428273 3.4190416
2.1773679 3.8484116
1.4586847 3.3635876
0.7373265 2.6606634
1.6861562 3.3736477
1.0300766 2.7407174
1.0126075 4.2364955
1.7178344 3.4289443
1.5642391 3.3370078
-0.2298544 4.4282484
1.7684456 3.4094977
1.6281745 3.3119841
1.0434154 7.3072848
0.0802978 4.0907288
1.1082586 2.9197638
1.9362895 3.8821261
1.2580980 3.2554381
1.4866840 4.3580375
-1.0307015 4.7361884
-0.2793632 4.3933320
1.4708471 4.3727093
-0.8468105 4.6993694
1.3591288 3.2082167
0.2437857 4.2113814
0.7975901 3.8105006
1.6164999 3.4170697
-0.9616739 4.8116970
0.0934872 4.2526779
0.9405320 3.6744449
-1.0422306 4.7234998
1.2566974 3.9456158
1.8010395 4.1278858
-2.7939246 2.8443370
1.1724855 3.5134904
-0.0179990 4.0815320
2.4054651 3.8950248
-0.6115512 4.6596861
1.0124100 7.4044781
-0.6311783 4.5858583
-2.6868391 2.8209786
-0.1618358 4.0224996
-2.6336348 2.8569503
1.4511666 2.3164096
0.7491555 2.6643543
0.2115117 3.9055996
0.8105137 2.6437504
1.6537198 3.3660815
1.1122334 3.1940458
1.1377262 3.9971414
-1.0913490 4.7421670
-0.1805824 4.3845057
-0.2223860 3.9789889
0.8824444 3.7434986
-1.0123510 4.8144655
-2.7348785 2.8685155
-0.9730828 4.6344619
-2.5711308 2.8348520
1.4718797 4.3588119
-0.3657248 4.4870849
0.1171101 4.1210728
1.3170555 3.2708516
1.2901143 3.1695499
-0.6404048 4.6293764
1.2157929 3.9998703
1.2771351 2.5239084
1.0551164 7.3285613
1.4871035 4.3871927
0.8996539 3.7521188
1.5264499 3.3578367
0.0271636 4.0417075
1.0002015 7.3796153
0.1420588 4.1579075
-0.6653034 4.6638365
-1.0256766 4.7360787
-0.7620484 4.6819515
1.1975021 4.0527787
2.0868380 3.8052511
1.2850618 3.5092533
1.4721607 4.3175507
0.8272079 3.8034310
0.9924174 7.3828812
2.2001269 1.2975011
-1.0195372 4.8037953
0.7237036 3.9293358
0.4216103 4.0928674
-1.1263092 1.4247390
10.3697653 4.8290453
-0.4710276 4.5871944
-0.2413055 4.4273763
-0.2205986 4.4266262
-2.7385213 2.7907140
-0.9103988 4.6017075
0.6956660 3.8959079
-3.0048769 2.0086591
1.4478540 4.2512503
0.8633814 3.7699625
-1.0121052 1.4421263
1.3018283 4.2010555
1.0082639 7.3849568
0.2539915 4.1956720
0.7534165 2.6567426
1.5112605 1.9991051
-0.7427461 4.6723785
-2.6723058 2.9385736
-0.2562195 4.3838000
1.9770263 3.8602016
-1.1040796 1.5544153
1.1312358 2.9511228
1.1061319 7.2638907
-2.9100480 2.8964851
1.3111825 3.1369147
1.0805794 2.9366841
0.3523709 4.2391481
1.8836601 3.8250041
1.2324654 4.0032334
-0.9642243 1.1876521
-0.8512865 4.7217784
0.1458015 4.1595650
0.2427237 4.1983891
1.5775383 3.2691388
1.2035298 3.0154786
-2.6660507 2.8911860
-1.1888250 1.6068383
2.0130217 3.8929825
1.4125756 4.3018441
1.1000350 2.9227536
1.3682141 2.5471237
0.0790442 4.2285080
1.3239464 2.8084714
1.1095304 7.2594671
1.0432254 3.5909095
1.1676651 2.9745860
1.4012831 4.3670425
1.3476150 3.1568186
1.3982046 3.3111308
1.0770959 2.9169178
1.1397783 3.0062718
0.9685078 3.5406604
0.7653342 2.6731625
1.3008194 4.4094005
1.1503448 2.9695160
1.2154806 4.0240498
0.9705154 7.3780394
1.1790615 7.1570663
1.1480620 7.2228532
-2.6842213 1.1266135
-0.1792616 4.3657365
1.4837031 3.3114996
1.5933486 3.3582942
-2.7524745 2.8723674
-2.7212656 2.7783840
-0.1744983 1.5990018
-2.6805012 2.9035017
1.3834540 3.8339033
-0.5173241 4.5404949
-2.7350683 2.8779466
1.4556228 3.1560535
1.1440741 7.2535996
1.4391333 3.7758260
1.2386875 4.0251555
1.2754792 3.0441060
1.1038178 2.8999753
0.7631353 3.9458787
1.0613832 3.5521560
0.7969503 2.6318438
-0.7333637 4.6703553
1.0914344 3.6078570
1.4228754 4.2351375
0.1310304 4.0916791
-0.2157771 4.3941288
1.1409676 2.3866844
-1.0378469 4.7344065
-1.0040174 4.8150802
-3.3194242 -2.4630423
1.5360968 3.4353993
-0.0990643 4.2826090
-2.9338844 1.2673906
1.0998349 3.0209417
-0.3430398 4.5313635
1.4870255 4.3073215
0.6424129 2.7373111
1.0911832 2.9035730
1.0118541 7.3439474
0.2971528 4.2208571
-0.7059800 4.5817461
0.0793348 4.2479167
-1.0071189 4.8013959
1.2157922 3.3474865
-0.2653982 4.4397573
1.3284385 3.2267001
1.0201458 7.3422894
0.9954762 7.3794160
0.4163068 4.2694874
1.3828443 4.3839507
1.0062695 7.3541827
0.1560315 4.1760502
1.0619193 3.8294294
1.4025403 3.2173986
0.9078991 3.5388753
1.9653367 3.8969769
-0.0246266 4.3162060
-2.9853101 2.7731545
1.2920028 3.0956633
-0.1929036 4.3737116
0.1760097 4.1516500
0.7528859 2.6334655
-0.2151975 4.3997269
1.0453955 7.3181496
2.0639579 1.7243809
-2.6845119 2.8960710
-2.7082527 2.9259508
-0.4347215 4.5384340
0.3399350 4.2442083
1.1433789 7.1840143
1.4723101 4.3471680
1.1277277 7.2252336
1.7401854 4.1549859
0.6796896 2.7036083
1.6845682 0.2442008
1.0046940 7.3584223
0.9687333 7.4034076
1.3905026 4.4136453
0.2341880 4.1767244
0.1356682 4.1593990
1.4552970 4.3372307
-1.0893136 1.4485368
2.3599231 3.8437917
-2.7066016 2.9223642
-0.1507892 1.6147881
-1.0783311 4.7260799
-3.0493653 2.8523355
2.0128686 3.8695979
0.1182235 4.2177501
1.5827093 3.3487544
1.1092681 2.9840736
1.3059871 4.1300983
1.0893877 7.2756109
-2.8785677 2.8811157
0.9720585 7.4037304
1.6848631 3.3778603
1.9688495 3.8841257
1.3302029 3.2490492
-0.9504870 4.8092661
0.3872504 1.7248188
1.4853182 4.3525205
0.0842791 4.2250981
0.1312694 4.1636400
1.1353227 7.2362113
1.1288048 7.2087240
1.1116588 3.5485542
1.0885806 2.9455230
1.4757338 3.3979638
2.3710034 3.8524587
-0.6071311 4.6320000
-0.7178441 4.6841192
1.0393077 7.3323984
-0.8001143 4.6535830
-2.6906598 2.8814108
1.3185831 3.2811379
2.0278978 3.8926845
1.4260720 3.2027583
1.4611114 3.2614963
-2.6144350 2.8771036
0.9914508 7.3779826
0.9374103 3.6631391
0.1191941 4.0419941
1.8506891 4.0884361
1.1996763 4.0151877
1.4522020 3.2704337
1.2208813 3.0500355
-0.6487425 4.6142545
-1.0015115 4.7658095
1.1905637 3.1155961
1.2547950 3.5792089
1.2917986 3.2458074
1.2018546 3.9912400
1.5237191 3.2650793
1.4046555 4.1039901
1.3120549 4.1650414
1.7010679 3.3515069
1.1421883 7.1991763
1.0524554 7.3004742
1.3189752 4.4281068
1.7006246 3.3979509
-0.2763025 4.0513539
1.3740529 3.9831803
1.0442828 7.3117075
1.5633143 3.7617142
1.1692916 2.9564371
-0.2384815 1.6371688
1.1388674 7.2355294
-0.2254169 4.3865891
0.0166214 4.2135739
-0.6482508 4.6321821
1.7614843 4.1952195
-0.4839272 1.5507275
-1.0793583 4.6940770
1.1169279 7.2339220
1.0221922 7.3408365
-2.6612918 2.4202166
0.4220878 4.0633402
0.0721729 4.1946125
0.1691789 3.9474425
-0.4116870 4.5324240
0.9190165 3.7235065
1.9979463 3.7369235
-0.3408113 4.4569445
1.6478872 3.3537529
0.2664913 3.8274701
1.9582572 3.5895777
1.3940402 3.1889353
1.6322855 3.3694630
1.1535935 7.1358118
1.6295860 3.3527489
1.4791127 3.6113460
1.1933420 7.1373954
1.3458817 3.3667231
1.4686928 3.4287486
1.4066665 4.2278676
1.7490942 4.1855168
1.1956757 3.3426173
1.1226078 2.9922147
1.3145789 4.4311967
0.1231809 4.1362886
0.9410108 3.6574051
0.7925902 3.8293176
0.0216728 4.1694546
0.9545697 7.4071040
1.4483888 3.3028131
0.1228630 4.1200323
1.9558105 3.8784463
-2.7003958 2.9054575
-0.8636684 4.7011700
0.9312862 3.1023731
0.9042886 3.6508529
-0.8845397 4.7078071
1.4691312 3.2602036
1.2752856 3.2831972
-2.6586385 2.9084523
-0.5218455 4.5967174
-1.1956260 1.3435816
2.3659744 3.8519778
-0.9289996 4.7075305
0.9626392 7.4134865
-0.8953027 4.7142839
1.1289347 7.2388315
1.2398458 3.5274110
1.3900335 4.3262639
-0.4559296 4.5110035
1.7952105 3.4659717
1.6193521 3.3789504
1.4445127 3.2399642
1.0549257 7.3476276
1.0325681 7.3181977
-0.0997362 4.3545980
1.4266694 4.2248006
1.1306512 7.0057654
1.5334407 2.2625999
1.9869051 3.8347981
0.9437120 3.7121086
-0.3578349 4.4695339
1.4950413 4.3012958
-0.2012624 4.3805757
0.2382391 4.1650081
1.2313881 3.2880626
1.2749964 2.9350255
0.1504588 4.1738305
0.9429829 3.6224370
-2.7009635 2.9245510
0.9688629 4.2618976
1.0154246 3.6238134
-0.3273514 4.4667921
0.9719397 7.4014106
1.4576397 3.1906977
0.3947985 4.2709694
0.6725591 3.7757449
-0.9135610 4.7243772
1.0190040 7.3328609
1.5817372 3.3496225
-0.9699143 4.6873384
2.3228655 3.8387425
1.4324946 3.1918728
0.2963326 4.1469126
1.5611205 2.3430784
0.4277177 4.2640791
1.5469009 3.2886560
1.4176742 4.3798404
1.1666867 7.0805755
1.0969192 7.2696133
0.3242955 4.2703815
1.0128013 7.3569050
1.1833043 7.1574326
1.0520017 7.3364825
1.4417561 3.2359746
2.0241086 3.8871286
-1.0524795 4.7463126
0.9511513 3.7050252
1.3040688 3.7035744
1.9498297 3.8990486
1.1172081 3.6711783
1.1278874 3.9481227
-0.3291743 4.4889898
1.2230946 3.9874024
1.3937992 3.4083629
-0.6585109 4.6963868
1.4275726 4.3800030
-0.2990979 4.1870198
1.1939915 4.1408334
1.4834062 2.3329487
0.5739615 4.0995374
0.2433819 4.1588488
0.1278792 3.9552782
1.9784641 3.8905520
0.0018528 4.2101536
0.1358253 4.1972990
0.1192236 4.2317867
-2.8989913 1.5946810
1.0043044 7.4124928
1.3765792 3.2904639
1.0207859 7.2659292
1.8751409 3.7250564
-0.2403571 4.4152236
1.0158112 3.6626360
1.1966834 7.1188765
2.3380837 1.1784724
1.0546806 2.7556355
-1.0514861 4.7198505
0.9764546 7.3891883
1.0940065 2.9638031
1.2075183 3.1504602
2.1958849 3.8217139
-0.2828920 4.4230213
1.9928794 3.9267220
1.0235776 7.2760148
0.2507286 4.1324167
-0.5428723 4.6092296
1.0570476 7.3080668
-0.2809741 1.6298788
0.1260559 4.1935821
-0.9883084 4.8148737
1.9347944 3.8754687
-2.9584110 2.8091078
0.0331084 4.2221189
-0.3537985 4.4831314
-0.8438441 4.7022939
-3.6101007 -3.6595140
-6.4380512 -4.0558476
-4.7271872 -4.3529053
-6.2546945 -4.3136234
-6.0997047 -4.4697580
-5.9558249 -4.4625692
-4.7607002 -4.4496980
-4.8471594 -4.4016237
-4.8055530 -4.4130774
-6.0037107 -4.4957361
-3.0367646 -1.8978034
-4.4311433 -4.1691413
-7.2779841 -3.5529504
-5.8378062 -4.4747238
-3.3271506 -3.2298737
-6.0518069 -4.4332538
-6.7198529 -3.6829588
-4.2664413 -4.0724258
-3.6200294 -3.6667614
11.0234709 -2.5799994
-5.6356969 -4.4519963
-6.0329332 -4.4520049
-2.8521764 -1.5983189
-6.3828306 -4.1632404
-3.4658732 -2.5180197
10.9379587 -2.3055296
-4.5813041 -4.2609549
-6.9447536 -3.6336327
-6.7111287 -3.8000300
11.0368147 -2.5778852
-4.2900615 -4.0629258
11.1023779 -2.5096698
-7.5658407 -3.0692811
-4.5232420 -4.2458844
-4.9109850 -4.4924746
-6.1199646 -4.3651462
-7.2996831 -3.3579774
-4.2891889 -4.0842690
10.9027843 -2.3938174
-5.3399005 -4.4754496
-6.8002701 -3.8780820
-4.9022770 -4.4316964
-3.4768236 -3.4814501
-7.3857164 -3.2763920
-4.6797194 -4.3363199
-6.7296267 -3.7089593
-6.0129504 -4.4723310
-5.6112800 -4.4193082
10.9186487 -2.3493357
-6.3250923 -4.2672658
-3.4436214 -3.5214076
11.1126223 -2.4768560
-4.4443116 -4.2143736
-7.2758708 -3.4165235
-5.3173237 -4.3996325
-3.4539731 -3.4933965
-7.4578543 -3.2002788
-6.2845531 -4.3025618
-7.3687143 -3.3388574
-4.3503222 -4.1457672
-4.8996592 -4.4222269
-5.0565863 -4.5593634
-2.8307548 -1.5698941
10.9344816 -2.4118428
-6.8546286 -3.8367045
-4.8998299 -4.4393892
-6.6191134 -3.8845191
-4.3498950 -4.1401391
-7.5875387 -3.0391004
-5.3871660 -4.4891229
-6.8508811 -3.7033625
-4.0325422 -3.9043663
-4.8144708 -4.3943219
-5.4186516 -4.4569550
-7.0756407 -3.5507748
-3.5031054 -3.2741582
-5.4540582 -4.4749937
-3.5092671 -3.5724633
-3.9755468 -3.7590039
-4.8436694 -4.3949046
-7.5508232 -3.0891631
-7.6294432 -2.9720616
-6.8735151 -3.6794817
-7.6008964 -3.0414515
-6.9427872 -3.0705895
-4.9062366 -4.5203218
-5.1474495 -4.5911431
-6.4748435 -4.1898470
-6.8771634 -3.7479918
10.9973278 -2.5902643
-5.1846895 -4.3724918
-4.8431888 -4.3673835
-6.8761349 -3.9522829
10.8363657 -2.5916941
-5.3841033 -4.5278449
-5.5742130 -4.4285927
-1.4543995 4.6657467
-4.8178811 -4.4703608
-4.8063002 -4.4262786
-5.8599544 -4.4828334
-3.6568995 -3.0522099
-3.3543341 -2.4981022
-6.9651656 -3.9144068
-4.9046807 -4.4674006
-6.7206883 -3.6758871
-2.7825134 -1.4911644
-4.5735888 -4.2915111
-4.6960664 -4.2197547
-3.3539109 -3.0933449
-6.6503234 -4.0142469
-6.7739019 -3.9832740
-5.0356622 -4.5540023
10.9140215 -2.5932834
-3.5610039 -3.6245716
-4.2427273 -4.0583944
-4.3794026 -4.1704178
-7.3665242 -3.2802424
-7.0151954 -3.3613098
-6.8513746 -3.9549906
-4.3311439 -4.1399131
-6.6482053 -4.0108294
-6.3154106 -4.3020201
-7.5045629 -3.1709175
-3.3446007 -3.2674773
-4.9264145 -4.5128236
-6.0554786 -4.4578924
-5.2578959 -4.4961305
-5.2914290 -4.4846621
-6.0067468 -4.3908334
10.9355316 -2.3491108
-6.4967847 -4.0485835
-7.4227719 -3.2236331
-6.0962000 -4.4557047
-7.3507428 -3.3072846
-5.0614924 -4.4508615
-5.2615590 -4.4740291
-3.6452169 -3.6662893
-7.3928003 -3.2637458
-7.2718039 -3.4123147
-6.8215933 -3.9625459
-6.7922220 -3.9849920
-3.8376470 -3.6655543
-5.3018017 -4.3846631
-7.3978944 -3.2404394
-6.8992867 -3.7936242
-7.0357351 -3.5866129
-3.3820868 -3.3510001
-5.2191305 -4.3488183
-7.3580022 -3.2888391
-1.3452091 4.6624861
-6.1615181 -4.4904180
-7.3639698 -3.2874596
-7.2261200 -3.4553063
-4.7592711 -4.3836970
-2.8132811 -1.5399317
-4.9542537 -4.4776926
-1.4944396 4.6183791
-6.9778924 -3.5366726
-4.4225755 -4.2020359
-6.8256688 -3.7148955
-5.1649094 -4.3902063
-4.3393364 -4.1299381
-1.2797848 1.2840854
-3.3972139 -2.5737078
-6.8108230 -3.6932161
-6.8958898 -3.7590744
-5.9547153 -4.4836669
-4.0892615 -3.9516568
-4.0252366 -3.7942305
-4.2362437 -4.0125895
-6.9091463 -3.9610562
-5.2960300 -4.4021325
-5.4548421 -4.5145087
-3.3771069 -2.5417755
-3.3050942 -3.1985078
-3.3415935 -3.0174141
-3.4160752 -3.4813788
-6.7317886 -3.8701112
-3.6373460 -3.6711130
-3.5185061 -3.4922099
-3.5053782 -3.3352587
-4.8487062 -4.4127240
-6.4248195 -4.1458969
-5.9524722 -4.5239396
-7.3308411 -3.2558279
-4.2918739 -4.0358758
-4.3139453 -4.1247811
-7.3682623 -3.2642903
-5.5321431 -4.4616909
-5.4739847 -4.4147420
-3.4235823 -3.2606165
-4.9630599 -4.4723382
-3.9222431 -3.6786468
-7.4417853 -3.2465799
-7.4589462 -3.2023232
-4.3823566 -4.1474366
-3.3382604 -2.4716585
10.9538174 -2.4021749
-6.7740712 -3.6616635
-5.6476603 -4.3973026
-7.4570217 -3.2017903
-7.5037541 -3.1634412
-6.9090738 -3.7122915
-4.8530207 -4.4384031
-6.0433955 -4.4446950
-6.0249524 -4.4545708
-7.0833240 -3.6771951
-4.3079047 -4.0983233
-1.4522612 4.6733136
-6.4142966 -4.2023487
-6.4469390 -4.2255940
-5.3267336 -4.4949389
-6.2411551 -4.3250856
-4.9325261 -4.5009537
-5.8506236 -4.4934602
-6.8213196 -3.7551260
-7.2556586 -3.5349753
-5.3641176 -4.5269575
-7.4245210 -3.2956161
-4.3124218 -4.0984998
-3.6890898 -3.6396010
-6.0349560 -4.4853587
-7.0751300 -3.5661373
-4.2689357 -4.0508027
-1.4419678 4.6715074
-7.5172014 -3.1496737
-6.2601900 -4.3217702
-4.8659129 -4.3887014
-5.2973413 -4.4659028
-3.4973216 -3.4546819
-7.3948522 -3.2428296
-6.5284815 -3.9099481
-6.7329607 -3.8587513
-7.4796710 -3.1862278
-1.4306329 4.6638904
-4.9661522 -4.5027990
-4.8668318 -4.3648362
-7.3457980 -3.2815192
-5.5206666 -4.4197521
-6.8899169 -3.9414039
-6.3932595 -4.2441783
-7.0481696 -3.3152142
-6.9564600 -3.6922030
-6.7286849 -3.7060857
-3.4543068 -3.4390478
-5.6471796 -4.4720168
9.5933657 -5.7837873
-3.5707860 -3.6266108
-6.7710376 -3.6510313
-4.8808823 -4.3997812
-4.1206098 -3.9032018
-6.7493687 -3.8832223
-7.2059183 -3.4653089
-1.3549433 4.6653991
-6.9491415 -3.6068611
-5.9668655 -4.5202680
-4.2878022 -4.0738273
-6.2532463 -4.3565717
-6.9154329 -3.9303305
-2.4421163 1.2628074
-7.6103864 -3.0236523
-4.6971474 -4.2219739
-4.0088205 -3.8122697
-7.3534017 -3.2991498
-5.6662798 -4.4991617
-4.0908127 -3.8661780
-6.5398645 -4.0756836
-3.3652413 -3.2550607
-3.6156166 -3.6695433
-5.0051479 -4.4833932
-4.8717318 -4.4480500
-3.5146585 -3.5657899
-3.3220937 -3.1569889
-6.6012559 -4.0968361
-6.6085162 -3.7191195
-6.8746309 -3.9623666
-3.5918040 -3.6191452
-6.4964266 -4.1233001
-6.8709278 -3.9397764
-5.4584160 -4.4352980
-5.0054464 -4.5022659
-1.4362528 4.6695757
-7.3381734 -3.4144890
-7.3837419 -3.2550728
-6.3773150 -4.2578859
-6.5213084 -3.8566425
-7.2524166 -3.4212165
-4.1728067 -3.9443626
-6.6933904 -3.9129474
-7.2305608 -3.6059909
-3.5947475 -3.6559968
-4.2593441 -4.0965977
-5.5486865 -4.4933548
-7.6227908 -2.9948287
-7.2505755 -3.5427349
-1.4752218 4.6587787
11.0923595 -2.4568577
-6.7194109 -3.6941278
-6.4862118 -4.2464075
-2.7743952 -1.4835715
-7.4170899 -3.1584115
-3.3505452 -2.5115452
-7.5350022 -3.1574113
-4.9055400 -4.5003362
-5.9583454 -4.5013533
-4.8419876 -4.3980422
-6.0597901 -4.4852610
11.1085520 -2.4645975
-7.0659513 -3.4412529
10.8926191 -2.3206558
-5.2733212 -4.3831649
-7.3512745 -3.3556638
-4.8249693 -4.4823656
-4.3041873 -4.0957069
-7.3859372 -3.2782917
-6.7413311 -3.7634673
-6.7631221 -3.7691495
-6.9346108 -3.6032147
-5.2492495 -4.4080839
-7.5933290 -3.0456452
-6.2284131 -4.3863664
-6.7694168 -3.8414361
-3.3463182 -2.4858997
5.9793124 12.6735620
-6.2915130 -4.2868729
-7.6055384 -3.0004656
-4.7182670 -4.3732052
-6.8599472 -3.8160055
-6.9015098 -3.5822408
-6.8743944 -3.8730512
-5.3491306 -4.4008541
-3.3644221 -3.0578482
-4.2830548 -4.0927167
-7.3695326 -3.3020742
-4.2987571 -4.0895543
-7.4401636 -3.1370249
-6.3711839 -4.2535262
-5.5162592 -4.4866853
-6.1220794 -4.3803611
10.8513613 -2.6019862
-3.5052657 -3.5658557
11.0220537 -2.4944112
-4.9569497 -4.4834919
-5.9871149 -4.5425940
-3.9892681 -3.7819510
11.0969601 -2.6428189
-4.0941720 -3.9117839
-3.4026518 -3.4005785
11.0065250 -2.5366979
-3.5996571 -3.6516540
-6.7451773 -3.7225711
-4.3944798 -4.1835017
-4.2421217 -4.0526657
-5.8512301 -4.4418321
-3.5867164 -3.5878403
-5.4854169 -4.4861970
-6.0997210 -4.4795513
-4.3365784 -4.0849047
-6.6011724 -4.0064549
-4.0641332 -3.8538334
-4.9515147 -4.4312625
-5.9777107 -4.5278792
-7.2498794 -3.3896039
-5.8677278 -4.4657893
-5.8251796 -4.4708824
-5.3810835 -4.5458922
-5.9626756 -4.4953661
-3.3880899 -2.5704119
-7.3814125 -3.3196352
-4.3067298 -4.1062918
-7.3736024 -3.1763973
-4.6732955 -4.2385993
-4.3315368 -4.1103048
-6.9882178 -3.3607092
-5.2719097 -4.4540176
-3.2974710 -3.1665227
-1.4320470 1.3017612
-7.3544245 -3.2875478
-6.4351506 -4.1646209
-7.3960290 -3.1843634
-6.2972708 -4.2424197
-7.3185854 -3.5376692
-4.4090037 -4.1353455
-5.6425834 -4.4941449
-4.7559204 -4.4191546
-7.0347295 -3.4535773
-5.9533877 -4.4386697
-6.9553232 -3.9176178
-6.0402913 -4.4469094
-7.4108968 -3.1829085
10.9226027 -2.3406022
-5.9805603 -4.5210390
-3.9822030 -3.7394938
-6.9208322 -3.9178553
-7.2124367 -3.4857676
-6.5373673 -4.1387353
-3.4950166 -3.5195999
-6.9359751 -3.4394126
-7.4639935 -3.1996655
-4.3115377 -4.1117921
-4.4272614 -4.2050900
-5.9250627 -4.5459061
-6.8341613 -3.6411197
-6.9931669 -3.1054866
-7.4308395 -3.3250561
-4.6978326 -4.3484092
11.1027241 -2.4956818
-3.2416890 -2.2760503
-6.6711025 -3.6967020
-4.0176063 -3.8124981
-6.3266664 -4.2368603
-3.5966237 -3.6490700
-5.2781496 -4.4619532
-6.7822285 -3.8193865
-5.4025497 -4.4445539
-5.9282432 -4.5108132
-1.2100706 4.6208439
-7.5251937 -3.1526372
-3.3099570 -2.4448946
-3.6152732 -3.6688607
-7.4218159 -3.1777337
-1.4446826 4.6957664
-6.8759294 -3.7662873
-7.2857780 -3.4171181
-3.4886189 -3.4285641
-4.1801171 -3.9403126
-4.7813659 -4.4033847
6.4893789 10.7879229
-7.0049877 -3.4523802
-2.9057031 -1.6795446
-3.4195910 -3.4258680
-7.4673629 -3.2011027
-6.9489779 -3.0945630
-5.9630022 -4.5250297
-7.3283367 -3.2553463
-6.8819056 -3.9417858
-3.3206091 -3.1960979
-6.0752130 -4.4235792
-3.4801676 -3.5360761
-6.2805767 -4.2200847
-7.5081677 -3.1504722
-3.7513547 -3.4531755
10.9391794 -2.3285077
-6.3599648 -4.2499113
-3.4580657 -3.5011001
-4.3302851 -4.1268997
-3.3287776 -3.0573564
-4.2478571 -4.0468707
-4.5568409 -4.2616816
-7.5800624 -3.0156350
-7.2426538 -3.5774777
-6.7777238 -3.9932091
-6.7605672 -3.6612813
-6.3749232 -4.2496810
11.1161547 -2.5005984
-7.4165344 -3.1805425
-5.9069920 -4.4456277
-3.5120037 -3.5084696
-6.8487697 -3.8168824
-7.4075661 -3.2507770
-3.6062512 -3.6279211
-5.0217142 -4.5521560
-6.3779917 -4.2306376
-4.7334404 -4.2659960
-4.4076653 -4.1662130
-5.3330202 -4.4747033
11.1115761 -2.4645054
-7.6151013 -3.0199761
-7.5266213 -3.1552217
-6.0928516 -4.4162459
-5.1363177 -4.3924098
11.1056461 -2.4481473
-6.4743004 -4.2122507
-3.5641322 -3.6143098
-3.5779479 -3.2720864
-4.2518425 -4.0655360
-7.3502011 -3.3880465
-3.9358554 -3.6687629
-3.3468940 -2.4957273
-5.5080242 -4.5177326
-5.9765959 -4.5112371
-6.9490495 -3.2509611
-4.3798304 -4.1647797
-5.9225335 -4.4420052
-5.6158566 -4.4999046
-6.5772243 -4.1219668
-6.0273862 -4.4678602
-6.3738484 -4.1989074
-4.3179269 -4.1245513
-6.3512716 -4.2746744
-5.4818702 -4.3579960
-5.0868354 -4.5399942
-7.2526946 -3.4191651
-6.9359679 -3.5536609
-4.2227168 -4.0324612
-4.7584209 -4.3649578
-6.7520752 -3.9438491
-6.7891784 -3.6591575
-5.3221827 -4.5345006
-5.5664558 -4.4570575
-4.7914310 -4.4407868
-4.8629684 -4.4270124
-6.8466125 -3.9613426
-7.3667512 -3.3119822
-2.8206344 -1.5507330
-4.6178679 -4.3265095
11.1133270 -2.4410973
-6.1814375 -4.4220452
-4.4105248 -4.1914067
-5.1859088 -4.3957276
-6.2004094 -4.3858418
-7.3824801 -3.2706020
-5.2666821 -4.4611158
-7.3593206 -3.2370167
-7.2697821 -3.5133810
-5.8466148 -4.4900932
-4.8181057 -4.3896751
-3.8646529 -3.6218214
-6.3072095 -4.2835307
-4.8020740 -4.4466753
-6.8322725 -3.7467551
-6.8164530 -3.6566823
-6.2281060 -4.3614955
-7.5741897 -3.0683477
-2.8292692 -1.5734786
-4.8835244 -4.5019207
-5.2683487 -4.4690619
-5.9730520 -4.5254059
-5.9760532 -4.4939275
-5.1986780 -4.3631945
-4.7306681 -4.3620777
-1.4744779 4.6586580
-4.9557943 -4.4898901
-4.3144627 -4.1037016
-7.6299181 -2.9956071
-5.8798132 -4.4690261
-6.9639044 -3.7930727
11.1236324 -2.4739358
-7.3741031 -3.3024459
-7.5180640 -3.1495082
-4.1874766 -3.9879508
-4.0562134 -3.8989143
-4.3394012 -4.1423292
-6.8179851 -3.6220493
-6.1468000 -4.2786150
-4.6936927 -4.3290629
-5.8186245 -4.4803324
-6.6513767 -3.7642586
-5.8121982 -4.4698901
-6.7393470 -3.9481709
-3.3258462 -3.0066581
-6.9081993 -3.8953321
10.9261684 -2.4163465
-7.3161054 -3.2941334
-7.3063402 -3.3936973
-5.3088040 -4.5493026
-6.9078069 -3.7049890
-5.2178812 -4.4529037
11.0929642 -2.5999291
-6.0701966 -4.5068650
-4.2135010 -3.9754612
-4.9319630 -4.2991962
-4.3091130 -4.0969605
-5.5535393 -4.5567679
-3.3592353 -2.5091250
-4.2879381 -4.0813661
-1.3739547 4.6383157
-7.4321899 -3.2129264
-7.3252773 -3.2909894
-3.5048053 -3.5898173
-5.7965012 -4.4954028
-6.1777658 -4.3456531
-5.4239182 -4.4736896
-4.7270279 -4.2285552
-5.9215207 -4.4265971
-5.0579357 -4.4762979
-5.4906993 -4.4617891
-5.8387814 -4.5023923
-4.0098701 -3.8110139
-4.6851583 -4.3384771
-3.9739573 -3.7462575
-4.6538091 -4.3254757
-4.9024467 -4.5000162
-4.3413148 -4.1183820
-5.9956007 -4.5085387
-3.6391780 -3.6743901
-7.3852339 -3.2657928
-4.6928158 -4.3783884
-6.9841776 -3.0922260
-3.3943913 -3.2944391
-6.7275648 -3.7052279
-6.8348088 -4.0044622
-2.8371632 -1.5839924
-5.9879565 -4.5462394
-7.2756023 -3.5261333
-6.9912391 -3.5592833
-4.3553996 -4.1564150
-3.3437548 -3.2488310
-6.5367303 -4.0868292
11.1422558 -2.7816207
-6.9562998 -3.0506110
-3.6568336 -3.6864021
-7.4023890 -3.1976879
-3.6015155 -3.6512005
-5.1878557 -4.3511930
-3.3844197 -3.2932582
-7.2715993 -3.4155438
-6.9050670 -3.5697887
-6.7086511 -3.9585004
11.1067562 -2.4693360
-6.9299483 -3.0141027
-6.0037913 -4.5343537
-4.7018085 -4.3647919
-7.2533360 -3.6061280
-4.8423076 -4.3885727
-7.4963527 -3.1627207
-5.5094910 -4.5527339
-3.6404843 -3.6576722
-3.3622077 -2.4820111
10.0785618 -4.2586203
5.1532841 12.8600979
6.1338115 13.7414227
6.1969481 13.9054403
5.3915644 13.4797945
5.1014671 12.4466410
5.4831810 11.5609980
5.3623648 13.3881779
5.8422003 11.4324427
5.3601713 13.3856392
5.3428473 11.7375488
5.9679790 11.5503664
5.4902711 11.8735075
6.7907572 10.6844597
5.2077322 12.7420912
10.5939388 7.7130742
5.6448908 13.5116405
6.1218338 13.8797264
5.9169979 11.4022932
10.3557663 7.4794092
6.5862751 10.7542353
5.6940699 13.5634108
11.2361078 7.6160889
11.3872919 7.4004030
5.5471730 13.3727551
5.9351506 11.5663261
5.3972888 13.4333792
5.4347329 13.3250284
5.2264767 12.5744038
5.4217935 13.4137077
11.4261694 7.5421128
6.6164446 13.7577219
5.4750209 11.8906841
5.3317308 11.9839468
11.4888153 7.3891230
11.5549250 7.3532982
11.3628798 7.7420568
10.6365728 7.6860857
5.7428651 11.9008656
6.5929785 13.7122269
5.4008560 11.8423119
6.6076908 10.7165260
6.5609202 13.9330463
10.4595146 7.3881946
6.6209855 13.8300037
5.5805554 11.8387280
11.3214159 7.5322547
5.4491673 11.8299055
5.1500764 12.8562164
5.2170954 12.5874720
6.0769920 11.4988508
11.4049616 7.5234542
10.5847664 7.8342776
5.4684620 11.8738232
5.1481671 12.3968878
5.4131804 11.7093554
11.4395571 7.5439944
5.2161880 12.9159746
11.3975182 7.7235460
5.0007129 12.8491087
10.8089466 7.8840899
6.4574394 13.9372168
5.4598212 13.5050669
5.7346649 11.5431986
11.2937069 7.6584659
5.5710506 12.7710514
6.0586567 11.3479624
5.0502181 12.8869410
10.4325676 7.5740395
6.7597704 10.6297216
6.2073503 11.0700521
5.8099928 11.7091942
6.6383796 13.9124546
6.0973620 13.8427076
5.5156736 12.2422113
5.3474159 13.4491701
11.2945442 7.5325441
5.3997035 13.2871323
6.5165205 13.8978777
5.4254079 12.9317865
5.2879038 13.1154613
6.4842582 13.9167662
11.2639275 7.6613503
6.7466650 10.7124491
5.8854098 11.3389006
5.7206264 11.5839767
6.3601475 13.2595158
5.8033524 11.7405977
6.6155772 10.7436781
5.3581424 11.7550049
11.0209455 7.6791987
5.5753360 12.3009882
5.0508466 12.4026079
11.3419619 7.5584478
5.4659328 11.9179316
5.2586250 12.2154341
5.7165890 11.5404501
11.1836519 7.3613110
11.3931980 7.4676833
5.3555603 11.7248573
5.0665283 12.7737780
11.5007257 7.3119593
10.7172213 7.6779265
10.4430571 7.3962917
6.5415282 10.7951889
6.5585308 10.8242855
6.0338807 11.4802856
5.3797064 12.8598614
5.5563345 12.8816280
5.8165631 11.0810938
6.1379123 11.6304836
10.6086664 7.7973371
5.2429395 12.2795486
10.5511875 7.6871839
5.2194157 11.9496984
5.2466149 12.7890234
5.7567396 12.8163319
11.4223394 7.4650712
11.5618496 7.4550886
5.8567266 11.4314117
11.2886381 7.6941895
6.0768394 11.5258579
10.5498915 7.6404014
6.6303334 13.9048834
5.0113354 12.8317919
6.7047286 10.7477446
10.6365032 7.7313914
10.5798779 7.5759420
6.4705224 10.8891582
5.5956726 13.2345648
10.5940866 7.8329258
11.4012814 7.4598436
10.3674116 7.4506855
5.0767455 12.4573126
10.6655350 7.8943415
6.1046362 12.6794777
5.7543702 11.1221294
11.3100414 7.6868095
10.4658279 7.4110608
6.5425029 11.0894871
5.5026407 11.7460279
10.6008244 7.8968554
6.5828567 13.9309168
10.8073378 7.6148109
6.1177368 13.0738611
11.4172735 7.3293381
5.3654361 13.4428139
5.4546127 11.7570133
5.0918999 12.8436337
6.6092162 13.7296314
5.5115027 11.7111149
5.7408376 11.3410606
5.3410087 12.8113575
6.3933458 13.9488401
6.5718551 13.9371500
5.8332720 11.7896824
6.0853791 11.2880697
5.6877828 12.8438950
5.2122817 12.8443041
6.1182556 11.3149643
5.9642291 11.2438669
10.6251259 7.7379889
5.6713748 13.5008383
11.4253016 7.5609374
5.1710606 12.3813581
6.1983271 11.1803169
5.4036040 13.4419203
5.9466333 11.6884642
5.6771359 11.7649212
6.4001589 11.0638351
5.9103875 13.7075176
11.3183947 7.7616787
5.8389506 11.3846884
5.8581557 13.6794205
5.9460740 11.7305765
5.5159369 12.0403061
10.8161526 7.6059847
6.4863181 10.8261137
10.2124557 7.4399834
6.8168569 10.6343155
5.4650779 11.8880377
5.0775595 12.9198542
5.4027076 11.6876154
11.1294928 7.2584238
5.4653530 13.4620399
5.1637177 12.3252811
5.6185346 13.1322050
6.5206032 10.8054295
5.1182866 12.7877407
5.2310467 12.6786766
11.2758045 7.5424109
10.3941975 7.7932310
6.6018419 13.9162731
5.1259050 12.4351254
6.5884371 13.9111919
5.3231788 13.0798817
5.3121338 12.3352442
5.2706132 12.6395397
5.7177048 11.1545734
5.1985536 12.8963814
5.7983322 11.2043028
10.4578819 7.4118204
5.5597382 11.9180813
5.1908870 12.7307634
5.1731873 12.1440964
5.2780733 12.8262310
5.2266340 12.2858171
5.4122596 11.7227869
5.3702393 12.0738440
6.7995853 10.6300850
11.4822712 7.5356050
5.0821552 12.4577417
5.0343795 12.8401909
10.6893711 7.6498184
5.2857399 11.9647913
6.6172690 13.8930712
6.6018534 13.9134684
5.9999218 11.3218021
5.9057608 11.3480473
11.3797455 7.4228945
6.6223421 13.7970476
11.4645119 7.5087495
5.2595439 12.3883333
10.3400326 7.3509555
6.2830873 11.4300365
10.4612484 7.4351048
5.1173511 12.8471851
11.1986618 7.3166609
5.3628316 13.4890509
11.2570782 7.2241049
5.8171368 11.0935764
10.5705700 7.9018703
6.5413828 13.9208555
6.6515341 10.7030935
5.2926474 13.0802498
5.0182900 12.8724079
5.9854784 13.3136740
6.1005921 11.1907339
6.2083750 11.4195414
5.5601845 13.1107416
5.0552745 12.4347754
5.3818378 12.8217497
5.9538550 11.6479626
6.4948354 10.9724827
10.6158371 7.7166510
5.5699377 12.8215446
5.1946058 12.2424641
5.0392056 12.8632689
5.9430771 11.6879025
10.9445162 7.6421814
6.6351500 13.9146843
5.8468466 12.9822311
5.5658975 13.0211620
5.3567090 12.9131041
5.1675954 12.6267605
10.5646858 7.7884240
6.6364970 10.7509432
5.3251886 12.4405451
5.0963440 12.7048388
6.6280389 10.8207636
6.5379848 13.9396114
6.6112084 13.7603588
5.6305866 12.9029799
5.3663626 13.4144802
11.1819897 7.3094263
10.6742964 7.3021731
5.7003417 12.8024015
10.4321127 7.4200416
5.1503339 12.2978525
10.3514090 7.5191102
5.1678934 12.9510269
11.2632370 7.2683620
10.6123724 7.6884203
5.4221129 11.7100611
5.6505666 12.8046675
5.4264984 13.2072849
6.4887590 10.9220543
11.3693399 7.6227283
11.3077116 7.2922831
5.4020438 12.1344833
5.7536678 11.2963238
6.5113940 11.0410986
6.2792315 13.9158316
5.9604859 11.7808962
5.0965323 12.8972130
6.6485724 10.8194103
6.5994792 10.8423510
6.5859962 13.8472958
5.4132495 12.9051542
6.5830159 10.8791533
5.2768688 12.8116636
5.1660466 12.3400650
6.5801606 10.7559948
5.5622063 12.8833303
5.3598590 12.2118864
6.5172687 10.6904230
10.3940821 7.4389920
5.8802524 12.5302429
5.3598013 11.9068937
11.5180359 7.2620177
5.1126008 12.8440828
11.4556808 7.7253566
5.2460546 12.8536377
6.0917058 11.4165878
6.5298872 10.8258209
6.6573038 10.8528948
5.8632169 11.0782995
6.5198827 13.9428043
5.3923907 13.2640085
6.6228008 13.7726965
5.4731617 13.4097490
6.0866737 12.9919052
5.4143262 13.2635078
5.7825136 11.3772554
11.0733194 7.2206035
6.6282067 13.9238091
6.6419549 13.9161577
10.8620272 7.2358871
5.5711594 12.9747181
5.4953065 12.9788160
5.1767182 13.0085039
11.4670649 7.3445525
10.3284922 7.4915280
6.6952391 10.8033772
5.6928515 11.9215546
11.4714794 7.5647869
5.4174123 13.5075169
6.1309028 11.4182711
6.5422726 13.8954144
6.8648624 10.6090765
5.2570882 12.8585377
10.6928701 7.7659945
5.8242536 11.3930178
6.5682025 13.9232492
11.3858433 7.6330953
5.3429470 12.8030539
5.6390905 13.0908928
5.2755551 12.2064524
5.5086083 11.7668505
6.2944279 11.0740309
5.8726006 12.9988623
5.1357322 12.7348585
11.4702187 7.3768878
5.1305003 12.7640238
11.4150381 7.7067327
5.3644514 13.4677477
10.5212526 7.8488083
10.6649675 7.6143351
6.5934877 10.7441626
5.4018660 12.0071726
5.5340114 12.8075132
10.6154470 7.7232165
11.1236238 7.3104887
5.0652013 12.7360849
11.1464567 7.3236966
5.4534755 12.0472393
10.6976242 7.8531618
5.3136630 13.2471018
5.9296265 11.2881718
10.5368881 7.7980380
6.6664186 10.9152451
11.2162132 7.3058267
5.7512722 11.9257374
5.5144095 12.9519787
11.1638165 7.2422647
5.0554943 12.7173643
11.1828766 7.6170974
6.7657046 10.7116966
5.8823562 11.8170366
6.3311944 11.3318005
6.7295766 10.6735067
5.4020905 11.6955147
6.3058219 11.4072218
5.8032422 11.3923292
5.2751455 12.8087139
5.4606080 11.7977543
11.4365978 7.6812243
11.1557961 7.5479431
5.0959911 12.9062042
10.6586876 7.6701994
5.4926085 11.9692850
5.2246642 12.8302078
6.2531767 11.4609146
6.3223433 13.9522638
6.1366420 11.2433672
5.3828564 12.2869101
5.3111863 12.6070938
5.7226181 11.1646605
6.5161915 13.9733114
6.6212950 10.8249102
6.6588573 10.7544823
5.5015049 13.4380255
5.8097172 11.4263973
5.0436974 12.8272409
5.7374163 11.1103258
5.1780925 12.2920704
6.6564074 10.8297186
5.1929841 12.3005552
6.2046552 13.8742819
5.1143365 12.4463339
5.7729940 11.4615479
5.4013319 12.9012651
6.7284651 10.7491627
5.2284737 12.9712515
11.1819878 7.5677066
5.6381736 12.8933945
5.1858559 12.7314014
5.9672656 11.6566973
5.7456322 11.1920395
11.4327536 7.4760008
6.0345073 12.6646061
5.0828400 12.5275993
5.3940244 11.7013445
5.5726218 13.0456352
5.1804423 12.1029139
10.7116232 7.6360602
10.5384426 7.8277335
5.2755060 12.1219559
6.4666424 10.8359928
6.1241751 11.2893019
5.1336737 12.2441902
6.3424635 13.9244890
10.4223509 7.4366808
11.4292288 7.4368935
5.4222875 11.7401695
10.1467428 7.6152034
5.6997004 13.5496120
5.1868892 12.3467398
11.5079584 7.2727370
5.3086243 12.7494154
5.2613983 12.7216625
5.2679949 12.1624775
5.7183647 11.8439569
4.9606428 13.0031443
6.4552436 11.1768475
5.3392444 11.9786167
11.3765011 7.6112604
5.2311525 12.3576431
6.7855234 10.6383486
6.5588160 13.9105797
5.1897449 12.3054028
11.3289757 7.7658381
5.8028965 11.8714724
6.3883710 13.8984776
5.2257514 12.6473322
5.5132103 11.6979513
6.1593256 13.8894939
5.3919291 11.9729271
10.6878719 7.6707411
10.5018034 7.6830568
10.4191618 7.4948950
6.2311101 13.1052895
5.2510085 12.5032969
6.6918588 10.8335400
11.5023746 7.3142681
5.4000244 12.4837875
5.0414586 12.8949890
6.5715322 10.7455702
5.0102987 12.8573103
6.3791137 11.2653103
5.3594933 11.7256222
10.6552877 7.7534704
6.1913490 11.1621027
5.8936296 11.1169186
5.8284683 11.0717020
6.4931331 10.8618383
11.3627596 7.7891078
6.5072255 10.7611647
5.3645444 11.8570204
11.3496590 7.7789769
11.4622059 7.3876343
5.3383117 12.9245558
5.2210546 12.6478310
10.6893692 7.9239702
5.8825159 11.3693714
5.1822982 12.9494314
6.6610913 10.8781519
5.0454440 12.6975517
10.9440136 7.6470022
5.2820439 12.8408298
5.8381824 11.8707085
5.4119673 12.0330696
6.2199297 11.3871927
10.5762730 7.6960764
5.8267632 11.0984755
5.1538997 12.9017067
6.7585225 10.6426220
11.5201292 7.3255653
10.7172928 7.7729974
5.4041333 13.4457588
6.7123232 10.7578554
5.9486651 13.0290003
5.3262916 13.4749727
5.1004653 12.5400152
6.0296874 13.7770061
5.0145426 12.8905287
6.5073266 10.8315659
5.8691683 11.5183010
5.7716999 13.6023464
5.3485842 11.6874247
10.3361273 7.5516148
5.1888614 12.3005838
5.7252297 11.4888687
5.2731214 13.2279663
11.4786863 7.3565726
6.6275849 10.9636755
5.5681534 13.5858898
6.6631885 10.8138609
6.0973678 11.4423256
5.4763350 12.3727560
5.7389584 12.5848360
10.5565796 7.8533897
5.6291385 11.8459845
5.3619552 13.4211264
5.3276391 11.7104397
5.4180989 11.8078108
10.5067644 7.4832559
5.0925627 12.8896112
11.4098377 7.7748003
5.8111157 11.1112976
5.8263144 11.0515232
11.4783678 7.3513422
11.1852283 7.3269024
6.4351010 10.8913145
5.3644958 11.7843771
10.4104719 7.4469604
5.6103382 13.1718884
10.7279253 7.7747922
5.2655134 12.3648567
5.6811471 12.9306812
11.4194431 7.5338902
5.5179386 12.8396196
5.3416729 11.6428404
6.7263250 10.6538610
5.8169413 11.4026804
5.0779347 12.7976265
10.9118414 7.7497859
4.9887795 12.7987957
5.3990574 13.3435087
5.1315913 12.1544571
5.4267640 11.6307259
6.3327293 11.0528040
5.2389984 12.6006155
11.2409678 7.2810392
5.9484167 11.7102385
10.8890266 7.6232347
5.0995245 12.9467335
11.6442747 7.2461119
11.1493692 7.2893906
5.2815037 12.8080273
10.6287746 7.7986503
6.6768498 10.8205376
5.3635988 13.0035629
11.3779507 7.7557483
11.2638826 7.5120749
5.1522808 12.3328514
5.7180076 11.5211086
6.4561977 13.9896183
5.7615237 11.8713703
5.7319732 11.5411110
5.0851932 12.8421698
6.6949134 10.7616854
11.3022575 7.5321321
6.3438139 10.9943523
11.4214859 7.5758905
5.3682203 13.4435949
5.0185862 12.8689966
5.3441691 13.0605764
5.9398341 12.8255959
5.9458251 13.7021608
6.5318351 13.9353905
5.7701192 11.1064205
5.1081553 12.4876871
6.0134287 11.6900406
6.2395101 11.5111408
5.2044315 12.5312605
10.6232176 7.8993702
11.3514938 7.6557198
11.4603415 7.4144044
5.7013450 12.6322918
5.5346856 12.8924513
5.4242930 13.4654970
5.0612926 12.7581224
5.5757666 12.8859482
11.4139528 7.2648873
4.9804373 12.7821398
11.0686188 7.3216491
6.7890387 10.6903343
11.3087292 7.2771759
11.0939817 7.2616153
10.3605623 7.4460521
5.3330116 13.3756275
6.6495070 13.9082642
10.6351271 7.8354344
5.3979888 12.8870478
6.6490655 13.9106369
10.8454523 7.5986028
6.6342568 13.8847246
5.8920908 11.3388748
5.7597995 12.1899710
5.3203211 11.7681046
4.9748673 12.7485657
10.7484331 7.5071454
11.3118372 7.5784774
5.4019523 12.8964663
11.1813068 7.6147265
5.5485139 13.2731752
5.5411048 11.7430811
5.8217363 11.4000549
5.3983431 12.8972654
5.1103497 13.1298132
6.0447526 11.3528786
5.0766382 12.7341728
6.6203032 13.8367081
11.1232624 7.3611922
5.3365116 12.7022686
10.4050407 7.4905272
10.4200239 7.6096997
11.2242260 7.5465140
5.4960365 12.7914085
5.4364300 11.7845135
11.3896399 7.6710782
6.5903940 10.7477503
6.6540775 13.8607883
5.2080827 12.7807350
5.7028127 11.4123268
6.8393636 10.6157618
10.7208376 7.6632948
5.0715303 12.9582806
5.4315114 11.9183369
10.4457445 7.3821678
5.7044005 11.4778900
6.1932626 13.8253298
5.0521479 12.7381153
6.5762544 10.7380676
6.6819596 10.7175789
11.2074118 7.3479366
5.6035037 12.8649645
11.5138550 7.3612990
6.6126661 10.8507719
5.7579269 11.1262350
11.3825874 7.7642837
5.0438366 12.8548307
6.6105576 10.8910809
10.4728222 7.6689029
5.1484351 12.1049175
6.2261815 11.3175602
5.0704265 12.8186255
6.6934271 10.9434938
6.6409163 13.9150772
11.5320206 7.3788056
5.6096473 12.7666655
5.3852286 13.5159674
11.5294514 7.6661673
10.8474045 7.6453490
10.6747007 7.9106169
5.7819223 11.4986067
10.3828106 7.7933102
10.5290527 7.7445898
5.2598028 13.2739830
11.1501474 7.3425913
5.0145779 12.6766768
6.0765162 11.7921238
10.4607067 7.7661543
5.5776081 13.3405094
5.4194765 11.8285151
5.4577184 13.0286198
6.6292329 13.9210968
5.0300016 12.7265415
5.2827845 12.0590057
5.0024562 12.9156914
11.2641506 7.2868748
5.6134834 13.2270193
5.6217542 11.9658527
5.0770969 12.6654453
5.3662362 12.8984671
5.2058625 12.1866064
6.7330880 10.5827856
5.7713623 12.0659819
11.5147457 7.3135948
10.3589029 7.4050570
5.3314848 12.1535892
5.7383699 12.3028708
11.2709560 7.2662187
5.7827735 11.1321440
6.3984036 13.3027639
10.8069649 7.6331182
5.4366093 11.7296982
10.6158180 7.9012985
5.0896420 12.4332447
6.6361103 13.9307661
5.8683209 11.7781286
5.8127985 13.6430511
5.6928682 11.6166201
11.2647352 7.3915701
6.7488589 10.7266893
5.6262908 12.8724174
10.6301584 7.6290183
11.3853550 7.7751484
5.8555126 11.8252106
6.3022475 11.4247446
5.3662777 13.4167767
5.5717740 12.8910294
11.0776958 7.6834726
5.0611043 12.8786564
6.1350951 13.8146410
11.4182205 7.8076653
11.3471632 7.7395148
5.7924356 11.3864374
10.5995159 7.8871970
5.3661308 13.4452248
5.5153050 12.9758520
11.4660463 7.3622274
11.0445585 7.7038927
5.1183429 12.8016157
6.5815740 10.7522831
6.4457450 10.9480639
5.2991705 13.2220812
5.4298329 13.4749260
11.0912838 7.2663136
11.3519497 7.7683067
10.5670538 7.9139080
11.4836311 7.3802252
6.6620259 13.8038511
5.0027890 12.8304653
5.4670339 11.8733168
10.5888405 7.8317637
10.3694544 7.4373212
6.0985055 12.3912964
5.4835057 11.7670546
5.9011345 11.7570419
5.4714141 11.5571852
6.6477365 13.9149199
5.0788960 12.8700066
5.2025347 12.2298002
6.6273112 10.9105387
6.0949554 13.8512716
5.5474930 12.8762045
11.2475071 7.5307178
5.7967696 13.6201000
5.4974484 11.9361992
5.3635287 13.4592657
4.9705725 12.8457708
11.2946625 7.6419654
5.0708179 12.9174070
6.5534887 13.9319792
10.5945091 7.8472404
10.5077858 7.4887085
5.0758038 12.8468304
5.3644309 13.5156851
5.8663368 11.7667284
5.3625164 13.4671726
11.1142082 7.6755538
6.0408945 11.7607298
10.3600864 7.3968892
6.5296807 13.9168444
6.1258659 13.8102932
6.5786390 13.9431200
5.9883361 11.5800037
11.4220028 7.4497628
5.7812114 11.0817528
11.3971090 7.7900801
10.4623203 7.6000700
6.3452168 11.3118744
5.6379824 11.6388512
6.0284629 13.7378244
10.4300003 7.7605944
10.6512165 7.6461391
11.2954273 7.5958652
6.4313111 13.9270039
5.8291430 11.8475313
11.0360117 7.5149179
11.3884449 7.8264279
6.4441795 11.2071371
10.3671732 7.7978354
10.6620951 7.9034324
5.7509255 11.1254406
11.1913815 7.7170668
5.5492978 13.3583279
6.4765186 13.9195318
10.4994106 7.8011193
5.7719851 11.1445103
5.4286890 12.7975998
5.6590376 11.9679804
6.3752041 10.9791431
5.6856742 13.5417538
10.3216257 6.9837117
10.3651390 7.4888434
5.6020126 12.9467068
10.4689741 7.5840383
5.9511642 11.7395086
5.1116118 12.4946260
6.6554198 13.7586622
5.1325479 12.8975382
5.0937238 12.8311205
6.6448526 13.7011623
10.7353477 7.9001036
5.1201439 12.3762722
5.5012898 12.7521524
6.6132665 13.9451065
5.7876229 11.4288149
6.1318426 13.8419056
5.8548055 11.8464317
11.4749012 7.3610597
5.0261974 12.7746983
6.0937490 11.6429567
5.6664791 12.2274351
6.5248461 13.9311504
11.0045395 7.6614447
10.9096308 7.7469034
5.8355551 11.0573177
