x y
-4.1152191 1.8717775
-2.1806509 2.4071620
-2.0858297 2.4582663
-4.9930167 2.1283245
-5.5402017 1.4127290
-3.8008451 2.7890100
-4.3981700 2.1959870
-4.7338147 1.8187627
-5.2806840 2.3836415
-3.6610599 3.0733199
-4.1202121 1.6668695
-3.3245828 0.3718206
-3.6559336 2.9473436
-2.5930581 0.9547070
-2.7727065 2.2277212
-4.5534148 1.5992837
-4.2162910 1.2963620
-2.3201175 0.7129521
-4.8669209 1.9427786
-5.4504981 1.9175783
-3.6754365 2.9955180
-5.2832384 1.8274887
-2.8251736 0.1074907
-3.2794082 2.0570614
-3.6601620 2.8044426
-4.0186057 0.9090611
-5.2489910 1.8647892
-2.3181930 0.4784512
-2.8605232 0.1516577
-3.8128123 2.7698815
-3.9211395 3.0217769
-2.9732151 0.9584607
-2.4435637 0.4787295
-4.1901798 1.9461592
-5.4216695 1.8693857
-4.6872697 2.3273921
-3.9418356 2.6254528
-5.3753014 2.2022309
-4.6977105 1.2483437
-4.4587159 1.8358504
-4.8683324 1.7821118
-4.8244729 2.5087678
-5.0450149 2.4507945
-2.2467873 0.4838475
-4.1738319 1.9647572
-5.0349741 1.3886427
-3.6005695 2.8758376
-5.1027536 1.6330191
-5.1110291 2.2107177
-4.0066500 0.4791238
-4.4656506 2.2918882
-3.0589240 1.7262700
-2.2714365 0.4624083
-5.4286819 2.1085577
-4.3125124 1.0228275
-3.7933438 2.7850118
-3.4010634 0.3625582
-3.2919438 2.4446328
-4.3718648 1.1121038
-2.8308976 1.1579441
-4.7969122 1.8756778
-4.8118300 1.9792261
-4.9823928 1.9691404
-4.0516863 2.1720831
-4.5371594 0.9004684
-4.4473109 0.7866297
-2.5907176 0.7972371
-4.1307898 2.5462310
-5.5505805 1.4523053
-4.5304446 0.8034775
-4.0655050 2.7917929
-4.8989778 2.0064487
-4.5412159 2.1568830
-2.2754829 0.3717394
-4.2594995 2.4560652
-4.6460161 2.3668914
-2.7834280 0.2169892
-2.3201115 0.6898947
-0.9463490 1.1831378
-4.4296999 1.2735438
-3.7182605 2.9816694
-4.2661777 1.7541245
-2.2085576 2.3526728
-2.0954251 2.4913654
-2.0934494 2.4836075
-3.5928926 2.8245118
-2.8139760 0.7156450
-3.7312586 2.9204531
-5.4650340 1.5241630
-3.7327056 2.4790721
-3.8309872 2.6733775
-2.0937872 2.4832406
-2.3090868 0.3645754
-4.2422915 1.1621679
-2.6092360 0.3924429
-2.4155581 0.6715489
-2.6526763 0.3369159
-4.1116228 1.8241713
-4.5897474 0.8695250
-4.3489885 1.1008712
-3.5751164 3.1977243
-5.2152963 1.7916700
-5.4142809 1.4170161
-5.4229379 2.1624322
-4.2848191 2.4263704
-4.8117194 1.6645770
-5.0579023 1.4484800
-4.8638105 1.2667522
-3.5439692 2.6363814
-4.7013187 2.1035323
-4.1902299 1.7820858
-4.1475768 0.6010547
-4.1251116 2.1401379
-3.6699224 2.9809000
-2.6955810 0.7156730
-5.4018550 2.2486911
-4.7523212 1.0211318
-3.8232930 0.3978160
-0.9756864 1.1299285
-2.5946703 0.6261165
-2.7647374 0.3198079
-3.2846761 0.5438403
-0.9096057 1.0680012
-3.5164726 3.2373176
-5.3378992 2.3872426
-5.4068570 1.7771393
-5.2195263 2.5115688
-3.1245351 1.1003350
-4.2739205 2.1731539
-4.2961054 1.0198187
-4.6390438 2.7598748
-4.4262528 1.4019928
-2.5997360 0.8525999
-2.2997875 0.3744007
-4.1173253 2.1859214
-4.6497707 1.3582116
-3.8867123 2.1174614
-3.7239826 2.4003723
-2.9552474 1.1356406
-2.6925170 0.3474698
-3.5446556 2.8877966
-3.3860016 2.0351326
-2.6571777 0.7276832
-5.3133888 2.3296335
-4.2031250 2.7537534
-2.7640030 1.0551604
-3.9262562 2.5792141
-4.4386492 1.2832980
-3.5173283 3.2460849
-5.5047040 1.4698675
-4.4997840 2.8017626
-2.5956020 2.2515607
-4.2131605 0.5929067
-5.3115683 2.1091921
-2.2060497 2.3981645
-5.2650099 1.8793137
-4.6588593 1.6537020
-4.4114304 2.4557409
-4.4861302 2.1471691
-4.1361809 1.6526073
-3.5763481 0.3663464
-4.6897097 2.2493360
-4.5212612 0.8310960
-4.8422899 1.9455066
-3.5765669 3.0760984
-3.8674302 2.6275947
-5.5147848 1.6045349
-4.8435712 1.2212492
-4.1656852 1.8028067
-2.6540449 0.2738476
-4.5741453 0.9599938
-4.2073002 2.5351834
-4.9115701 2.2935536
-4.5737424 0.8524603
-4.4643288 2.3560135
-3.8208740 2.7285457
-4.4216800 1.0993069
-2.1360362 2.3050280
-4.9627562 1.8720688
-4.6757679 1.1550407
-5.3966398 1.9804747
-2.7605815 0.1033422
-5.4997282 1.4870296
-5.0240011 2.4153767
-4.3521128 2.2285843
-5.5552487 1.4639063
-2.9309015 0.5265280
-3.9519751 2.9938333
-4.1690760 0.5754154
-4.6776485 1.9850814
-2.7912469 1.0263251
-4.2837524 0.6399973
-2.8552999 0.3212673
-5.3615689 2.1113496
-3.5955403 2.7755368
-2.5836751 0.5427477
-3.8545561 2.3994637
-4.1974506 1.8178086
-4.4357681 1.2974788
-5.3092561 2.4184177
-3.8161163 2.7490060
-3.9684207 2.5486937
-4.7937584 1.9411557
-4.6915731 1.9842579
-4.8252296 2.1190615
-4.1027145 2.4319518
-2.6019852 0.4377916
-4.9909778 1.3299333
-4.4832015 1.6636769
-5.1020179 2.1017561
-3.7095773 3.0681555
-3.5068316 0.3961084
-4.3297677 1.0926952
-4.4315147 1.3209163
-4.0083714 0.4594499
-4.0699759 0.4788586
-2.5911210 0.5713882
-2.3457227 0.4355662
-5.2766685 1.9694707
-2.5974007 0.7149311
-5.4246120 2.2939413
-2.4688010 0.5802359
-4.9359102 1.1509057
-3.7825544 2.6856706
-3.7011046 2.9695597
-2.4893069 2.3799090
-3.5775337 2.8559759
-3.4609265 0.3288505
-2.3624828 0.5016167
-5.5037708 1.5166178
-2.5877602 0.7758537
-3.4683578 3.2198887
-4.7480702 0.9975319
-3.8218164 2.8571205
-3.8595707 0.8118783
-4.7846684 2.0510278
-4.9411454 1.9079696
-4.2104115 1.1635849
-3.6190562 2.9523857
-4.2501426 0.5864700
-5.2770772 2.5156748
-2.0667243 2.5173695
-4.0838528 3.0186574
-3.2470584 2.0431964
-4.6915007 0.9206835
-4.7234573 2.1439288
-4.3443127 0.7426679
-5.4305758 1.7904334
-2.6192925 2.2131915
-5.2176094 1.3829039
-5.3723955 2.2717617
-3.5836070 2.8437703
-2.4965570 0.5122119
-3.4245534 0.4090137
-5.2029634 1.8958247
-4.6659970 1.9415985
-2.7159624 0.0989197
-4.6650043 0.8972492
-4.7297525 1.8869624
-4.3241878 1.6727389
-3.0987768 0.4615788
-2.5755088 0.5511182
-2.3348718 0.6061904
-5.5506873 1.4699177
-2.2997315 0.7869354
-3.7490151 2.4871054
-3.0673494 0.9680486
-2.2306147 0.5339524
-4.4805956 0.8372508
-2.1815658 2.3095081
-3.8138878 2.8172650
-3.7943416 2.4756980
-4.8656082 2.1593227
-4.3244858 0.9523897
-3.9865608 2.6102073
-2.6886899 0.8689022
-3.6774123 2.8035290
-3.6974137 2.9903224
-3.5260184 0.3296419
-5.3815441 2.3339257
-3.7981005 2.8273056
-3.3553967 2.7290397
-2.1119578 2.4667418
-4.3295946 0.7057844
-2.5401883 0.4176592
-2.2011189 2.4342444
-3.8146083 2.7607341
-3.3654275 0.5984055
-4.4874020 1.1778082
-4.2351518 1.1979584
-4.4624128 1.4417720
-5.2699947 2.4946113
-3.0507302 0.2009559
-4.0867133 2.4903789
-4.7923732 2.1137118
-4.0861197 2.8678620
-3.8288016 2.7373610
-4.0774646 1.9309871
-4.2855630 0.6875404
-4.2516618 1.5339016
-2.6921947 0.0761724
-2.4120228 0.4632416
-2.6242030 0.4220840
-4.7345796 2.7181120
-5.4374843 2.0582273
-4.4415159 1.0808780
-3.4019408 0.5036649
-2.8041849 2.2713280
-5.5452962 1.4749734
-4.8722029 2.2443516
-4.2497373 0.5964899
-3.0976570 1.1730937
-4.2877331 0.6385017
-4.1270399 2.3690243
-3.2540495 2.0542288
-3.8961029 2.7128668
-5.4271064 2.0321217
-4.5966115 2.3006814
-4.2629833 1.5923878
-4.8121705 2.5930514
-4.0760746 2.7822216
-4.0204911 2.8707056
-5.3740206 1.3972783
-4.4988542 1.7909950
-3.2174475 0.2707632
-5.5351553 1.4574521
-2.8239439 1.1143525
-4.2806892 1.1003206
-3.9880414 2.7635729
-2.6990311 0.0691023
-3.4473977 0.5917822
-2.4905062 0.4494131
-2.5015898 0.3887106
-2.3272753 2.3521471
-2.8999252 0.2625265
-4.0665040 0.7037905
-5.1809301 2.5436840
-4.8593354 1.1909699
-2.6796162 0.7265197
-5.4100208 2.2172332
-4.5235043 0.8318136
-4.1168437 2.8198800
-2.7056482 0.3559068
-2.5352590 0.4980245
-2.6832821 0.3366580
-2.6357203 0.2778949
-4.1976490 2.1758380
-4.5883002 2.2966292
-5.5160260 1.8910887
-5.3932819 2.1088822
-2.6311867 0.0657381
-3.8508830 0.4032446
-2.8906977 1.2117693
-2.8452909 1.1924464
-3.7255268 2.8305380
-4.7918305 1.9858356
-4.4597611 2.6316364
-4.3623509 2.2300019
-3.5594323 2.8604200
-5.1851177 1.7674239
-3.6865425 0.3506525
-3.7980533 2.7909420
-4.6241417 2.1991956
-3.9587295 3.0941942
-4.4251699 1.2051984
-3.0198524 0.8107428
-3.4861734 3.2340319
-5.3510942 2.2230759
-5.4848289 2.3831763
-4.2921576 2.7689612
-2.3107753 0.5604250
-5.4900136 1.5616504
-5.1008234 2.0370970
-3.0263782 0.4907579
-5.5595069 1.4294846
-4.5346589 2.2002649
-3.6884036 2.8967271
-5.5477929 1.4759939
-2.7200918 0.9568952
-4.4039545 0.9807725
-4.3264236 1.6103762
-4.3881607 0.5976256
-5.5507350 1.4534942
-3.9994116 1.8704648
-2.2319231 2.4362526
-5.4990020 1.5027183
-4.2274146 1.5647913
-3.9300258 3.0299914
-2.7238116 0.1356296
-3.9269271 3.0449555
-4.4852409 0.8338330
-3.7692821 2.8339767
-3.7458179 2.3677042
-3.7435455 2.8123598
-5.1958938 1.9931718
-5.5322862 1.4914849
-4.4195986 1.3970506
-3.2576778 0.5420784
-4.1735225 1.9619335
-5.4860549 1.8049151
-3.7922688 0.4359279
-4.3498826 1.1223681
-4.3539319 1.0720509
-2.5825477 0.6191137
-2.5105829 0.4764333
-4.3806233 0.6728713
-4.9905105 2.2818069
-5.4721842 2.0936322
-4.2551279 0.6432684
-5.3124580 1.3621297
-4.4785795 1.4858892
-5.2456970 1.6708673
-2.9125233 2.2243159
-2.2378852 2.2535260
-5.5556364 1.4381329
-5.0441413 1.7008840
-4.4537244 1.8399429
-4.4260631 1.4428961
-4.2933183 0.6331320
-4.3902893 1.7519723
-4.2438984 2.4780428
-2.9969928 0.3778020
-5.2889085 2.0411727
-4.3369346 2.2018037
-4.3487329 0.7923376
-4.3252406 1.2981802
-5.3874598 1.8185819
-4.1589971 1.0758752
-3.5630488 2.8992496
-4.1001725 0.5743452
-5.3836498 2.2919321
-3.8161547 2.8632882
-4.8414373 2.1476896
-4.6945095 2.6837249
-4.4169903 2.8121140
-3.6365540 2.8559828
-3.6423509 2.8055129
-4.4120107 0.9017480
-3.9994242 0.4513467
-5.1477170 2.5572612
-3.6398258 3.0824113
-2.9385898 0.4068891
-3.7830462 3.0285439
-4.2037644 0.6434509
-2.7608843 0.2398726
-5.2666912 1.9969631
-4.9653144 1.3245031
-4.3159900 0.7146836
-4.6715384 1.9267896
-2.4941704 0.2471790
-4.7865419 2.2311337
-2.2470284 0.8679016
-4.3849692 2.1407478
-3.3771250 2.8961623
-2.6740654 0.7749250
-4.4730835 0.8282919
-5.0164614 1.9387470
-2.4574981 0.1828371
-4.8587136 2.5744486
-4.0806413 2.1877425
-2.7403054 0.1572534
-5.1948414 1.5587165
-3.8041651 2.7271948
-4.0092382 2.5558465
-3.4961088 3.2267442
-2.6283975 0.1052728
-5.5469351 1.4630435
-3.8205156 2.6197827
-5.5695181 1.5777774
-2.6929576 0.0962306
-3.3034854 2.0992677
-5.0414133 1.9732271
-4.4286227 2.2981043
-5.3009524 2.0068879
-3.2789640 0.2278411
-3.9797089 3.0514107
-4.2770152 2.4678164
-3.5060155 3.2053320
-5.2207670 1.7477852
-4.4142647 0.7496449
-2.3922784 0.2920435
-3.7086606 2.9784851
-5.2073755 2.4040680
-5.0584612 1.9902630
-2.9278777 0.3581177
-4.3137136 1.1199062
-5.5550094 1.4512783
-2.8330081 1.1330872
-4.0559001 2.7509556
-4.3604383 1.0543216
-3.4841428 3.2661352
-4.4816623 1.4599861
-4.5289350 0.8172464
-2.6830628 0.0702337
-4.0260248 2.6797435
-2.4874561 0.7684976
-2.6589358 0.1669656
-2.9143140 0.9968057
-2.7641110 0.1931814
-3.2939916 2.0992305
-2.9109087 0.2281346
-4.1823249 1.0917591
-4.1675501 2.3906882
-4.7925200 1.7791665
-4.0240197 2.9810994
-4.6130352 1.8286159
-3.9702508 2.4249756
-3.5604160 2.7809649
-5.3291044 2.2285941
-4.1198211 2.5714669
-3.3331568 2.7911882
-2.5408940 0.4779248
-3.7937090 2.7952731
-2.3190403 0.8487763
-3.3141673 0.5529202
-3.6469955 2.9820540
-4.2485209 2.6386969
-3.5978186 2.9140763
-3.8786511 1.7647214
-5.3623524 2.3521457
-4.8967266 2.5484955
-5.0643492 1.9257731
-4.1906185 1.7358302
-2.2786086 0.4652576
-2.5346701 0.6631775
-4.2822127 2.4291523
-4.9361973 2.6620138
-3.6111596 3.1630578
-3.5148466 0.3077624
-4.3344674 2.1910455
-3.4727936 2.8565779
-5.2470088 2.0031204
-4.5287066 1.8545363
-3.5263953 0.6723465
-2.6654899 0.1027690
-3.7786729 0.3951224
-5.3869762 2.1022558
-2.6191518 2.2239947
-4.1286230 2.5421541
-4.3559995 1.7979304
-4.7673903 2.4093986
-5.4004469 2.3509212
-5.4058299 1.7115806
-4.7982249 2.5186303
-4.7751489 2.0709388
-2.5000308 0.4456736
-5.3604598 2.2912767
-4.2713809 0.6565922
-3.2689497 2.0600197
-4.2219958 0.5298475
-3.6413891 2.7847784
-4.4948678 2.2974036
-2.2169945 2.4126217
-4.2806044 0.6500857
-4.0417390 1.0199194
-4.9230123 2.2525482
-2.6141725 0.3825747
-4.3214908 2.6635768
-2.4197938 0.6042889
-4.3236232 1.0236161
-5.2854466 2.0242505
-2.7291439 0.1751138
-4.1303163 0.5238261
-2.6828012 0.8942832
-4.0810909 2.7680728
-4.6428995 1.7438185
-0.9395715 1.1422818
-4.2789097 1.2237350
-3.7251208 2.6891875
-4.8985376 2.1084392
-4.5219817 0.7999328
-2.6146834 0.1369102
-4.8897991 2.0511501
-3.9155130 2.7958248
-2.5605307 0.6716998
-2.4360535 0.3281523
-3.8780172 1.7965403
-4.3521338 1.8322985
-4.7612863 1.9317575
-5.2109690 1.6479203
-5.2569585 2.3433790
-3.6724300 2.3722844
-3.4609470 3.2230761
-2.2525899 2.3949230
-3.7726605 2.5733223
-4.9244242 1.9710943
-2.6761482 0.1213492
-4.0269928 2.0404780
-2.1739314 0.4770962
-2.6538274 0.1174754
-4.8533354 2.2040358
-4.2528620 2.3892236
-3.4638035 0.5398103
-2.1685236 2.3291907
-4.3678365 1.3056403
-3.4751527 3.2690165
-2.2398701 0.4822396
-5.2882261 2.4567251
-2.2707832 2.2101569
-3.5769105 1.5559007
-4.0439329 1.8304911
-3.7253475 1.6276228
-2.6754982 0.0526300
-3.7255487 3.0594747
-2.2569151 0.4998474
-4.4177051 1.5121640
-3.6422894 2.8931165
-2.0844691 2.4973576
-2.6271594 0.1283925
-4.1209903 2.2425013
-2.4394720 0.2034783
-2.5679252 0.5839010
-5.4016690 2.0995097
-4.1332078 1.9079111
-2.5032895 0.5396700
-4.9091277 2.0720885
-3.7391410 2.8316607
-2.6451812 0.0795906
-3.8735907 2.7702470
-3.7420082 1.8024039
-4.5734115 2.4475236
-4.2162008 1.1582361
-5.3707809 2.1512797
-2.7722752 1.0493571
-4.8451295 2.2079120
-4.3394284 1.0404398
-2.6043358 0.8240446
-4.2228947 2.4179444
-4.1656895 2.5630357
-3.6636095 3.1451986
-4.4124565 2.2135468
-2.5375395 0.3908146
-2.7304173 0.2299007
-3.6294532 3.1354954
-5.2176375 2.5424161
-2.5065069 0.5861826
-4.9165611 2.1379967
-2.8397627 1.2471398
-2.5464747 0.8309594
-4.9741378 1.9314862
-5.3617215 2.2495403
-4.3391232 0.6486915
-5.3771639 1.3833288
-3.7148037 2.8748050
-5.0177712 2.5402648
-4.8892260 2.0463877
-4.6595497 1.8821360
-3.4210670 0.2886049
-2.7799110 0.1020454
-4.9549441 1.2211980
-4.0372133 2.5959499
-3.5283277 3.2355368
-2.6730883 1.0780377
-5.3907247 2.0082641
-2.6150243 2.2031746
-2.6620576 2.2111342
-2.3083625 0.4266600
-2.6963959 0.2440699
-2.4572165 0.4409992
-2.5089846 2.2675202
-4.2571087 1.1425526
-4.4633403 1.4562641
-3.4995239 3.2307496
-4.1158085 1.8250196
-2.8727007 0.1190368
-2.6405370 1.0699124
-4.8926077 2.2292480
-3.7504056 2.4446297
-5.4315219 2.0585158
-5.4327812 1.5759286
-2.6071405 0.6420059
-3.8044393 3.0512285
-2.1401296 0.7650403
-3.4819801 0.2621781
-4.0279527 2.6916378
-3.9675004 0.4547226
-2.6841660 0.0884561
-5.0814300 2.0452175
-3.7595346 3.0234363
-2.6813381 0.0846625
-3.2494652 2.7594118
-2.9412134 0.3579603
-3.7845402 3.0340123
-3.8556345 0.4394461
-2.5561759 0.5279617
-5.2355247 2.5021837
-3.4533532 0.3011603
-5.2911253 1.7670397
-5.4307685 1.6441734
-4.2312145 2.3986971
-3.5985949 2.7971389
-2.7325473 1.1083736
-3.7935851 2.8088934
-4.2645078 0.5758448
-5.1474771 2.5903084
-2.8307500 0.3793962
-4.6010852 1.6487821
-4.2812543 2.2007332
-3.7966771 2.3268843
-3.2404377 0.3303475
-3.9505639 3.0460627
-4.8177071 2.1802826
-4.9231391 2.5234604
-4.7199664 0.9164804
-4.1739044 1.7561076
-4.6007767 1.9661449
-4.6863322 2.5423338
-2.0969872 2.5001459
-2.5207131 0.4027130
-3.8337898 2.7137926
-3.6978810 2.9432714
-3.2945905 1.2758133
-4.1821551 2.7487807
-2.0952592 2.4776175
-5.5474277 1.4505841
-2.6753626 0.3177306
-3.0721905 2.7667058
-5.5260000 2.0811741
-1.0464677 1.2278441
-2.7623937 0.8538610
-3.7795303 2.8127785
-4.9589558 2.2053640
-2.7281125 0.1612883
-4.1630735 2.5192595
-5.1433325 2.6432221
-4.5563660 2.0359430
-2.0869057 2.4918950
-4.0449195 2.2058985
-4.8300509 2.0153472
-3.6277773 2.9082873
-2.3812284 0.2665808
-3.5105956 3.2449632
-3.6913733 3.0288799
-4.3912158 0.9384506
-2.9185488 1.2191107
-5.5752325 1.4224833
-3.8069341 2.8984897
-5.2828093 2.3233211
-3.4943950 3.2747183
-5.1585150 2.6320696
-5.2080631 2.3568316
-2.2145989 0.4490521
-4.7209921 0.9173505
-5.0182137 1.2922111
-2.6844611 0.3389706
-2.6152387 0.7783169
-4.2226610 1.4892633
-3.9166353 2.6320980
-2.7881935 1.0891169
-4.6350164 2.1367350
-4.6657143 2.0990796
-3.7249339 2.8015144
-4.4943557 1.3320554
-4.3639655 2.1536276
-1.0192242 1.3149368
-5.4364543 2.1061625
-2.6588123 0.0443643
-4.3714843 0.6461518
-5.5510035 1.4456441
-2.6536219 0.0824584
-2.4691334 0.4737279
-2.8141112 0.8903642
-4.9254127 2.2665951
-2.6268756 0.2563569
-4.5651336 1.4423759
-3.0855138 2.6872716
-4.2711973 1.7099025
-5.2924223 2.4543383
-3.5741632 0.5662153
-3.5954449 2.9285984
-2.2465112 0.4255785
-3.4788592 0.3131246
-3.1409712 0.6116408
-3.8690860 1.5458951
-4.2004361 2.1765406
-4.1117296 2.5555856
-4.3996654 1.2185370
-3.0541186 2.7174520
-4.3295255 1.2108573
-2.2475209 0.5597029
-3.7606716 3.0544853
-4.0126905 2.5314913
-3.2285106 1.0249212
-3.6277883 3.1512275
-4.6368542 1.7060992
-2.6222820 0.3362000
-2.3431289 0.3058853
-3.9517808 3.0486140
-4.7980523 1.1205497
-4.1245408 1.1479903
-5.5266824 1.4922441
-4.9585028 2.0689020
-4.4068389 0.8888081
-4.1141663 2.1310539
-5.2422557 2.4986033
-2.5878561 0.6192240
-3.8152575 2.7891757
-3.6787877 2.7628093
-4.2358713 1.6718448
-5.3560548 2.3875957
-5.0732284 1.3142408
-3.4386892 0.5048997
-3.2290056 2.0503578
-4.1354666 1.9129072
-4.2494960 2.2440362
-4.4188819 0.7740636
-3.8273702 2.7862885
-4.8568840 2.1018250
-4.3076544 1.1660638
-4.8291636 2.1989322
-4.2783213 1.4068437
-4.9948912 1.5367583
-4.4344249 1.1273868
-2.2054896 2.4036953
-5.4423485 1.7060860
-0.9214820 1.1794964
-5.3977399 2.3221169
-3.8715816 2.7811449
-0.8726535 0.8347874
-3.8695946 3.0976300
-4.3071375 1.0953168
-5.0462198 1.9883100
-4.0961471 2.6281555
-5.3795528 2.3158605
-2.6077731 0.1263879
-5.2097869 2.2695451
-3.8575392 2.7875423
-5.4717689 1.4032829
-2.5152507 0.6523040
-2.7001178 0.3174243
-3.4974961 0.6761553
-4.6342559 1.9176718
-2.7379410 0.5475031
-4.3563595 0.6101334
-4.2938128 1.0668737
-4.4457464 2.4162788
-4.9648900 2.5889406
-4.4518409 1.4495760
-5.3173561 1.8297162
-2.6746926 0.7779717
-5.4267507 2.1342568
-3.7821708 2.7862236
-2.7830265 1.1228576
-3.4008379 0.4359676
-5.5406523 1.5328315
-3.9764411 2.8381016
-5.2744522 1.4136410
-4.3151040 1.1034085
12.4958096 -5.0840487
14.0538549 -3.4762740
13.1836147 -3.9676712
12.8086557 -4.1644273
13.2734871 -3.1946769
12.8582611 -2.9882050
12.3957253 -4.7616353
12.7644882 -4.3131886
13.2262268 -3.2123795
13.4245682 -3.6995549
12.4618988 -4.6533308
12.6705322 -3.4291871
12.1257057 -4.2903180
13.2475939 -4.0722942
12.0110245 -4.7555904
14.0678864 -3.4583108
13.1491852 -3.9071841
12.4476595 -5.1961937
12.1749296 -3.6585064
12.4495201 -4.6089325
12.6761913 -3.2791800
13.4107933 -3.2370808
12.7562971 -4.2557693
12.9753380 -4.0536175
13.3929520 -5.6724758
12.3082142 -4.3973594
13.1215096 -3.2244885
12.2370520 -4.9241877
12.7386646 -4.2240214
12.2685986 -5.0193720
12.1976748 -3.6486068
12.5821962 -5.5034828
12.0752602 -4.3466873
12.8073921 -4.4494786
12.9475584 -3.7967904
13.8558836 -3.5612566
12.3794565 -5.2759104
12.5497141 -4.1068459
12.2188921 -4.3518219
12.4483976 -3.8310711
13.2474670 -3.3554316
13.0786009 -3.1547365
12.2300453 -4.8796806
12.8828182 -2.9622378
12.5477953 -5.1484008
12.6792850 -4.1435509
12.8951492 -3.1197791
12.8730383 -3.0924270
13.1926928 -3.2585247
12.3711681 -5.2186542
13.3658276 -3.6848602
12.3943520 -5.6429682
13.5895014 -5.7540221
12.7671213 -4.3120942
12.8117399 -4.2141857
12.8254652 -3.1426911
12.1706600 -5.0776396
12.3267212 -3.6579094
12.6104345 -4.7705021
12.3838520 -3.7692671
12.6286955 -4.7434726
12.8050537 -3.5688078
12.4970121 -3.5007761
12.4235992 -3.6534441
12.2379503 -4.5721622
12.9266233 -4.1228623
12.8201227 -3.1725740
13.2577486 -3.3114777
12.5473251 -4.0912304
12.1361189 -4.9529395
12.8666792 -3.5576041
12.9862309 -3.5767765
12.4777222 -3.7158287
13.1213589 -3.3024628
12.7505779 -3.1812441
12.6656055 -3.9322474
12.6240225 -5.0378098
12.3458786 -5.1475568
12.6136084 -3.2325902
12.4976349 -4.7176995
12.3917570 -3.5020676
12.1878929 -5.1095629
13.0653534 -3.9688966
12.7814512 -4.3069401
12.2894812 -5.6424770
12.5689602 -4.4963336
13.4433355 -3.1710610
12.4652233 -4.2981830
12.2612467 -5.0806136
13.1825027 -3.9402092
12.4642439 -3.7904820
12.8607206 -4.5470629
12.8023214 -4.1261120
12.9844847 -5.4458694
12.7821665 -3.4657865
12.5564661 -5.0177970
12.1429319 -4.7371550
12.7104006 -5.4653759
13.2321930 -3.8333890
14.0703697 -3.4573185
12.5954800 -4.8093452
12.8172503 -3.8606646
12.8177395 -4.3440909
12.9620628 -4.0925536
12.9999094 -4.6124988
12.8242579 -3.6474750
13.5844154 -3.3256586
12.5683336 -4.7854576
13.0345230 -4.5760527
13.3699532 -2.9993269
13.2823000 -5.6289277
12.8287163 -4.7933335
13.1817856 -3.9802346
13.2674122 -3.7809420
11.9368992 -4.4078650
12.2269411 -4.0091248
12.9189720 -4.4015269
11.9295483 -4.5711155
12.4149294 -3.7442193
12.4450550 -4.0678778
12.4800243 -3.6660073
12.4926205 -4.5808544
12.5424843 -4.2578878
13.2769957 -3.6581769
12.6868362 -4.0809879
12.7145462 -3.7449284
12.4945765 -3.8889949
13.1375456 -2.9935501
12.6477766 -3.7049537
12.1953878 -4.3796978
12.9856224 -3.0778558
12.9034224 -3.2101974
12.8026075 -4.9095645
12.8468676 -4.7996812
13.4633112 -3.2635033
12.8581066 -5.3989429
13.1967363 -3.1342680
12.9000940 -3.7841914
13.0275412 -3.1703362
12.6476793 -3.9652882
12.9498892 -3.3274958
13.3867121 -3.6088147
12.6165819 -3.4545293
12.1684465 -4.4745765
12.6281071 -4.0933681
12.9225464 -4.2515807
13.0178967 -4.1781206
12.6831474 -4.9874234
13.3831682 -3.7252572
13.6254234 -5.7913513
12.7532129 -4.1967483
12.2714987 -4.6982141
12.3744974 -5.5279241
12.1784029 -5.0733905
13.2034655 -4.2513623
13.0792990 -4.1043463
13.0170221 -3.0167832
12.0730133 -4.3046913
13.7597284 -3.2785945
12.9113617 -5.2710986
12.1314640 -4.8963065
12.6682243 -3.1740863
12.7518864 -4.1834621
13.3677216 -3.6361713
12.2515564 -5.1362128
11.9792719 -4.2294073
12.4321918 -5.2098503
12.4460669 -3.7051609
12.4651499 -4.9158893
13.2260208 -3.4107869
12.4336557 -3.6762137
12.3781157 -5.5116363
12.8865700 -3.6600904
13.1336145 -4.0524631
13.0694017 -2.9721484
13.3097916 -3.7720220
12.2855892 -5.3608317
12.7970715 -3.1392617
12.4005165 -3.9692981
12.4301538 -3.7266052
12.2766161 -5.2629595
11.8729229 -3.6354911
13.0156918 -4.0573854
12.5845041 -5.6061616
12.1183319 -5.0987997
12.5353556 -4.5159492
12.8228054 -4.6540709
12.4243822 -4.1800990
12.4774179 -3.8366413
12.2120800 -5.0426002
13.2449884 -3.1987088
13.6500454 -3.5431714
14.0300083 -3.4540613
12.7060928 -4.3039203
12.3304548 -4.6240506
13.1882706 -3.3842235
11.9113674 -4.3435268
12.1201916 -4.2560720
12.9179544 -3.9010887
13.2607498 -3.2346234
12.2097387 -4.2216258
13.0689602 -3.3221445
12.5950155 -4.1127152
12.7717533 -4.2920599
12.3806505 -3.6907814
12.7069588 -4.3515224
12.4547367 -3.6731019
12.6318684 -4.0264182
12.5612011 -5.5275865
13.3324490 -3.0329404
13.3597555 -3.7226188
13.6451435 -3.2356088
12.3923063 -5.0961518
12.7148790 -3.4753013
12.7534466 -4.2235141
13.1073503 -4.0510268
9.1913490 -1.1943282
12.7336798 -3.5294352
12.7163372 -3.9266129
12.1610937 -5.2183390
12.1376286 -4.9495811
13.3246422 -3.3665829
12.6690569 -3.9733632
13.2871351 -3.0983555
12.5917740 -5.1527777
13.2398415 -3.4358704
12.6466599 -5.0304909
12.3555584 -5.6098609
12.4016867 -4.9464321
12.4400969 -5.3089380
12.8567486 -4.4391809
12.6217365 -3.8810320
12.5064859 -5.1935616
14.0672684 -3.4630148
12.6800804 -2.9938447
12.6342916 -3.5274289
12.2869625 -4.6977353
12.3364248 -5.0577302
12.6375942 -3.3640351
12.9435453 -3.0574181
12.5260372 -5.3107986
12.4613075 -4.3820572
12.4732256 -5.6683555
13.2773962 -3.5611317
12.9489164 -4.3124433
12.6122694 -4.3704672
12.2135630 -4.4218240
12.8838921 -4.3528357
13.2824297 -3.9693472
12.6799107 -4.9875340
13.4045887 -3.6136458
12.6888332 -3.1755252
13.5743332 -3.2730091
12.2675877 -4.3941941
12.3479519 -3.9190409
12.6058311 -3.3492286
13.0915928 -3.0234609
12.9880848 -4.3733869
13.1018896 -5.5516686
12.3885374 -5.6455851
12.6087065 -4.7228179
13.1969547 -3.1917017
12.9050531 -4.1501575
12.4916058 -5.2261214
12.9974957 -3.0955276
12.9257765 -5.5772285
12.7344265 -4.3198242
13.1609449 -3.6907792
12.5548420 -5.1651764
12.2671394 -3.8129795
13.5296373 -3.2348394
12.3074017 -5.6103835
12.5558043 -5.2578807
12.4758024 -4.8505273
13.8508368 -3.5494809
12.4040089 -4.3407130
12.4354153 -3.9720106
12.3054104 -5.5364943
12.4798698 -5.2534504
13.1369123 -2.9816895
13.1389170 -3.3876612
12.5802155 -5.6160278
12.6842918 -3.9783506
12.7142162 -4.4635792
12.5332918 -3.5414667
12.2177658 -4.9954109
12.7204189 -5.3922172
12.6130676 -5.1926775
12.4997654 -5.2698121
12.7196407 -4.0942245
12.4865532 -5.2668314
13.0937996 -3.2752242
12.6760292 -3.4974346
13.6219187 -3.5697770
12.0825748 -4.4905453
12.6307335 -4.9623609
12.0064135 -4.5143805
12.3892956 -3.9571483
12.8911257 -4.3749728
12.4567242 -5.1135340
13.3169699 -3.5732319
13.2872114 -3.6948538
12.3688955 -3.5631475
12.3250751 -3.9137533
12.3012009 -5.0503445
12.3907890 -4.9807444
12.6347389 -4.2416353
12.1495047 -5.2715883
12.5407610 -5.1021280
12.4358788 -4.7119813
12.5618057 -5.1751480
12.7647228 -5.0415821
13.2322426 -3.0846231
12.4576311 -3.9550970
12.3316584 -5.0152907
12.2541075 -4.3231468
13.0227633 -3.9143836
12.0009851 -4.5287666
12.4703560 -4.6723938
13.8720856 -3.5323606
13.4779787 -3.6200542
13.5146418 -3.6098819
12.0511465 -4.9264393
13.1590776 -3.3164496
13.5342531 -5.7475672
13.0803127 -3.0731797
12.4774313 -5.2245517
13.1310139 -3.0787234
13.0053062 -3.0932553
12.8018417 -2.9684689
12.3786354 -5.7149391
12.5330515 -5.6750689
12.6670961 -4.7852559
12.7685881 -4.0660615
13.0046082 -4.0074883
13.0999956 -4.0979319
12.8395681 -4.1163640
12.2649221 -3.7963228
13.3164530 -3.7426214
13.0988398 -3.0235507
13.0306339 -4.0562944
13.0845156 -3.1863434
13.1286345 -5.5155602
12.8432884 -4.4541445
12.3014860 -4.0596581
12.7102299 -3.4744024
12.8522167 -3.6789703
12.3639269 -4.3839126
13.1166973 -3.0731788
13.3548279 -3.6748419
12.4750051 -5.1264505
12.9911671 -4.2042656
13.6394682 -3.3373747
12.1855383 -4.7971559
12.8690195 -2.9990704
13.1176281 -3.5519934
12.3570738 -5.6587496
12.7564888 -5.3999920
12.7393255 -3.1836894
12.5317059 -3.4139011
12.8208971 -4.5707345
12.5090294 -3.7005355
12.6363297 -4.0345197
12.0581255 -4.1485858
15.5661020 5.0111651
12.2146006 -5.0010810
12.6296520 -4.9852166
12.0308580 -4.7576637
12.8906384 -2.9936497
13.3641663 -3.1848984
12.5913143 -5.1430497
13.6428270 -5.7972364
12.0251245 -4.1227407
12.3472719 -4.1327310
12.6957598 -5.4416142
12.5108957 -5.0335979
13.1083498 -3.0097878
12.5093775 -3.6703053
12.7167006 -3.8693492
12.5714502 -4.0700412
13.5672941 -3.5190454
12.2391462 -5.4591146
12.1928120 -4.6657305
13.0272369 -4.1108956
13.2961769 -3.8371620
12.7084703 -4.9796405
12.5675230 -3.3620355
13.2070427 -3.9013240
12.2638216 -4.3476396
13.3146839 -3.7965107
14.0272932 -3.4490469
12.3425941 -4.5862694
13.2034264 -3.2627361
13.6926594 -3.2828114
12.9267635 -4.2168036
14.0959444 -3.4734480
13.5960331 -3.5878143
12.0657969 -4.1082535
12.3927202 -5.0184135
12.3498440 -4.1347661
13.3038063 -4.0591965
11.9534922 -4.7284670
12.3480701 -5.0072823
12.6312628 -3.6260443
12.0699997 -4.7037945
13.6169615 -5.7982717
12.9195347 -3.9691081
12.5714417 -3.9720569
12.6741619 -3.1976089
13.4746113 -3.6882293
12.1093855 -4.6794200
12.3041992 -5.0645452
12.4115734 -3.6539347
12.2860518 -3.3354158
12.8294592 -3.8825402
12.9329405 -4.0205088
12.5148344 -4.0349627
12.8896704 -2.9744136
13.2612333 -3.9284153
12.6921682 -4.7641954
13.2622938 -3.6720667
12.3793230 -3.7164614
12.7228270 -3.2403979
12.5125751 -5.6803198
12.1288643 -4.5418835
12.0387268 -4.3875599
13.5108347 -3.5473835
12.3401489 -3.7951324
13.1499929 -3.2622983
12.1719494 -4.1392989
12.1002445 -4.3009033
13.2034254 -2.9607882
12.4290276 -5.1593108
12.0466576 -3.9872363
14.0435648 -3.4635806
13.2426891 -3.1933994
12.6855974 -4.2046385
12.4280109 -3.8998489
12.9463911 -4.2211046
12.5541906 -4.4232898
13.2130556 -3.3831012
13.1598129 -5.5718279
11.8756113 -4.4855728
12.5561390 -4.0447855
13.1365700 -3.0301185
13.2022667 -3.7724576
13.3322840 -3.7280824
12.3614349 -5.5213327
13.2231846 -3.7855322
12.9587517 -2.9990559
13.0167904 -3.1173036
13.2527847 -3.5446084
12.7270279 -3.1825228
12.3025637 -4.2930446
11.1364298 -5.1261840
12.6879120 -5.5072799
13.4785900 -3.2444303
13.1401215 -3.1039617
11.9741707 -4.7591586
12.3235035 -5.1234517
12.0932016 -4.7408733
13.3626633 -3.5856562
12.8342247 -4.1209354
13.1760883 -3.0187979
12.1544447 -4.4195213
12.5375004 -5.0315976
11.9728765 -4.2707748
11.9365997 -4.4093976
13.5852261 -3.2471561
12.3191166 -3.9252524
12.4290085 -4.0549750
13.4743710 -3.6559770
12.7222385 -3.2215042
12.4850588 -3.7257469
12.1895227 -4.4926310
13.4549417 -3.1870499
12.1792612 -5.1911564
13.4160824 -3.3973486
13.1722498 -3.9605639
12.5739994 -3.3783693
12.2851896 -5.0041809
12.6927996 -4.9569054
12.6791334 -4.4229536
13.0124283 -3.1862288
12.6111526 -5.4436579
12.4899244 -5.3233509
12.2115498 -4.5282149
12.0881138 -4.8314815
12.6549244 -4.8372903
12.7665138 -2.9732251
13.2634325 -3.4961755
12.4019918 -5.0976872
12.7068768 -4.1577563
13.2766247 -3.3982532
13.0404348 -3.2026777
12.6422930 -5.1788254
13.9985437 -3.4423420
12.7424164 -4.2615576
13.6640139 -3.2767367
13.1579294 -5.6002555
12.1423922 -4.4164314
12.8599787 -4.2883668
12.5328102 -3.7874858
12.6769247 -3.1848097
13.2872324 -3.4995363
13.2878323 -3.2580049
12.7906408 -4.9440932
13.1021605 -3.4314268
12.3043137 -5.1726155
12.3291931 -3.5741034
12.8215218 -3.1766107
13.6448021 -3.5854897
12.1846104 -5.1697502
12.6562996 -3.7290416
12.2625046 -4.6280074
12.1763191 -4.4613695
13.1150761 -2.9714546
12.9063749 -4.7222352
12.3976765 -5.2807398
13.3687878 -3.3506877
13.3401546 -3.6377788
12.3150721 -5.0927815
12.7942896 -4.3606091
12.6246500 -5.0969372
12.6455355 -4.1747885
12.8423243 -3.2099690
13.7120476 -3.4280894
13.2953806 -3.7002172
12.3419809 -4.0182471
13.1852703 -3.3968065
12.8755074 -3.9656899
14.0622787 -3.4183280
13.1791983 -3.8890479
12.8305912 -3.7474182
12.6137171 -3.8038695
12.9626532 -3.8552251
12.3400812 -5.6307397
13.3019915 -3.2837784
12.7722187 -3.8893552
13.7390509 -3.3608131
13.6800871 -3.5164564
12.3842669 -3.6564400
12.4797668 -5.2348971
12.3703604 -3.8104241
12.2488966 -4.3824267
12.3230495 -4.3750677
12.1888800 -4.4752483
12.7393532 -3.2099886
12.0544348 -4.5559978
13.3133726 -3.4001806
12.4052267 -4.7092910
13.1334152 -3.3136773
12.1451483 -5.2704849
12.2452202 -4.4877338
9.2055712 -1.2584567
13.0816450 -3.0387328
12.4250412 -4.7712235
12.4491062 -5.2377863
12.2098742 -5.1486435
13.0544710 -4.2224627
12.8049641 -3.2250369
13.1750078 -3.0077727
12.7506618 -3.7398229
12.7418671 -2.9748240
12.3557177 -3.9472997
12.4697227 -5.1028471
12.4760342 -3.5454006
13.7549105 -3.3304834
14.0780439 -3.4249928
13.5297937 -3.2714772
12.3808765 -4.1433182
13.2262440 -3.3349085
12.6713171 -4.5179043
12.5595818 -3.2756655
12.5542879 -4.2398520
12.1716843 -4.8267345
12.3873796 -5.0974207
12.4003496 -5.1209726
12.4983521 -5.6050582
12.8421497 -3.3791311
13.1124067 -3.0593264
12.5558043 -5.1483307
13.5426960 -5.7533493
12.6735039 -3.4874101
13.0860739 -2.9956288
12.8804607 -3.7939253
12.5212240 -3.5104306
13.2488766 -3.0989583
12.5189695 -5.3361201
13.5169525 -3.3774180
13.8365059 -3.3821533
13.4435253 -3.6785393
12.5730858 -3.2528782
12.5990448 -5.0677724
13.1927462 -5.6126227
12.8815136 -3.7641916
12.4482737 -5.3037901
12.8541756 -3.9135268
11.9774370 -4.7329626
12.3952236 -5.2829962
12.4809532 -4.0972304
12.6843843 -3.3425710
12.5441837 -5.1451435
12.7269955 -5.3847585
12.2238789 -4.4999757
12.9955864 -3.1293178
13.2385702 -3.2324436
13.3246622 -3.8633282
12.0063124 -4.2643270
12.6456165 -4.6263471
12.5672150 -3.9913898
12.0544004 -4.4519172
12.7725487 -5.2635579
13.2475262 -3.1107745
13.2610092 -3.4274347
12.0349321 -4.1100936
13.1094627 -3.1658070
13.1798096 -5.6030440
13.8502626 -3.3780782
12.5870314 -3.3412695
14.0561047 -3.4586194
13.7504091 -3.3585064
12.8732424 -4.2198815
13.1848135 -3.1404750
12.9579849 -3.1117365
13.3923769 -3.6013713
12.0127745 -4.3562965
13.0878572 -3.2138088
12.5188093 -5.2545562
13.0886068 -3.2796018
12.6176882 -3.9025638
12.4492655 -3.5015717
12.7481279 -4.8734918
12.6597776 -4.2841349
13.3738861 -3.1157446
12.8553915 -3.2572343
12.4062595 -5.0324349
12.1739464 -4.8349371
13.2094727 -3.3813882
12.1062899 -4.9989772
12.0364838 -4.1705008
12.5727596 -4.5566278
12.7186880 -3.3920975
12.1104364 -4.5781379
12.5481586 -3.7301786
13.6950989 -3.5685489
12.4199638 -3.8599792
12.8586512 -4.4185486
12.3261967 -3.6808965
12.4403458 -5.4909892
12.7399120 -4.3817301
12.6460247 -3.9703836
12.5981340 -4.8646359
12.2921696 -5.5676365
12.8292971 -4.3174219
12.4433346 -4.0241776
13.6639147 -3.5358706
12.4507027 -5.2005415
12.7176352 -3.1922419
13.9400511 -3.4175642
12.8427963 -3.1187196
13.1726179 -5.5803227
12.6079149 -3.5921843
13.5844297 -3.5677178
12.7941189 -4.5046301
13.4046679 -3.7772987
11.9886665 -4.5097823
12.7180462 -3.6033556
12.8081512 -4.3540115
12.4924688 -4.5039787
12.4513302 -5.4030609
13.1437550 -3.0279686
13.2959003 -3.0941861
12.7039289 -3.6686432
13.3390837 -3.1986108
13.6370687 -3.2974343
12.8213482 -5.4802375
12.3560963 -5.5162582
12.7469549 -4.9816351
12.8154373 -3.0659547
12.3862820 -4.1653895
13.2837543 -3.2786794
12.4693146 -5.6540046
12.0483751 -4.3751564
14.0331230 -3.4572778
12.7705355 -4.9500222
12.2313976 -3.9008772
12.5313749 -5.6713138
12.3251534 -5.3089986
12.3907795 -5.2851796
13.2280073 -3.2027323
13.7031927 -3.2799201
13.6418619 -3.4151478
13.8988199 -3.4185140
12.9710236 -3.6893556
13.1585808 -3.0526190
13.3844481 -3.3631155
12.6688261 -4.7426643
13.0712090 -3.1403971
12.8095932 -4.3720860
12.8162298 -4.7951903
12.5778027 -3.4477317
12.5652895 -3.3510299
12.0211916 -4.5126953
12.4474354 -5.6983991
12.6528072 -3.4995277
12.4546385 -4.7938375
13.2793655 -5.6355968
12.6063137 -4.6157088
12.3461161 -4.0389681
12.1301012 -4.5478964
12.1914577 -4.5259433
12.2220488 -4.8886085
12.0902109 -4.3897934
12.6646795 -4.1932535
12.5143394 -4.9837260
12.5144892 -4.0825944
13.0878382 -3.8265009
13.2102022 -4.2201834
13.1798954 -3.6840618
12.9375010 -3.0430007
11.9901638 -4.3660131
12.6608677 -5.6172032
11.9432564 -4.4040565
12.8201237 -3.7269154
12.3116064 -4.7745180
13.7750931 -3.3661261
13.0023489 -5.4656186
12.4291029 -5.4993038
12.7670670 -2.9671786
12.5643835 -3.8868034
13.1443691 -3.2653646
13.1628466 -3.4261110
12.1970968 -4.8837309
12.9033413 -5.3741241
12.9635162 -5.3506236
12.7795601 -4.3737092
12.7446766 -4.0562687
13.6992197 -3.3966038
13.1096992 -4.3683515
13.1665077 -4.0786757
12.8775244 -4.5605693
12.0323391 -4.7177482
13.8067045 -3.3966992
13.0103045 -3.1337328
12.2020931 -5.0927553
13.6245708 -5.7913437
13.2320547 -3.4606416
13.0229454 -5.5339651
12.7999744 -4.0685225
12.1297235 -4.6784005
12.6409321 -3.5835419
12.5065947 -5.1987805
12.7400236 -4.1180749
12.4273863 -3.7776504
12.4535828 -3.9125471
13.1151705 -4.0937510
12.3973274 -3.5307178
12.6330795 -3.2973456
12.1432714 -5.2144876
12.3575535 -3.4155984
13.5670156 -5.7646022
14.0344191 -3.4452822
13.2658043 -2.9966936
12.7500582 -4.6952229
12.5862265 -4.8761497
13.0603409 -3.8739989
13.1283503 -4.1384726
12.3332901 -3.8301699
13.2693729 -3.6419566
12.8291426 -3.8124642
13.0214434 -4.1813831
12.4830008 -5.1177464
13.0001698 -3.9131765
12.0956783 -4.8476067
14.1027498 -3.4156091
12.1110630 -4.5735755
12.0599136 -4.2638531
12.4973602 -3.8712835
12.0382366 -4.5545268
12.5004902 -5.0677366
12.3724699 -4.4941244
12.2660513 -4.5004687
12.3859167 -4.0287075
12.2199507 -4.4438801
12.5114985 -3.4188669
13.0500250 -4.5187206
12.7934818 -3.4788632
12.7385607 -3.1592238
13.2334452 -3.3234606
12.4985142 -5.1833191
12.9035435 -4.0207076
14.0753536 -3.4227607
12.5993328 -3.3992844
12.4818220 -4.6724420
13.2539549 -3.8612528
12.2118502 -4.8332148
13.2687035 -3.9540334
12.1850681 -4.6977210
12.4670792 -5.3550906
12.4221201 -5.6665387
13.3791914 -3.3698246
12.1063242 -4.3693247
12.2846699 -3.4687822
12.8210421 -4.3474040
12.3729258 -5.6235175
13.2634134 -3.2396507
11.9964094 -4.3413572
12.2485085 -4.2053432
13.3964882 -3.7959814
12.3523769 -5.0204024
12.4934044 -3.3468113
12.3501043 -4.9744215
12.2003841 -4.8352461
12.9919548 -4.1779861
13.1963358 -3.1839123
15.5777426 5.0175447
12.5222626 -3.7228372
12.7373438 -3.2289789
12.4793129 -5.1497831
12.8258448 -4.8009887
13.2851667 -3.3087809
13.2759953 -3.3840683
12.0026512 -4.7642918
13.4156084 -5.6907029
12.6553535 -5.5897846
13.2955246 -3.6793170
13.1179094 -4.0050354
13.1296835 -2.9897773
12.8970089 -2.9022632
13.2450600 -3.4127707
12.5868378 -4.0146952
12.9341373 -4.4451265
12.6822968 -4.6775441
12.1538210 -4.7372632
14.0563507 -3.4384575
12.2416887 -5.1323357
13.1339025 -4.0234060
12.5286055 -5.4975071
15.5625391 5.0123515
13.3623619 -3.6743424
12.7047720 -4.8881211
12.6942158 -4.6301761
12.3690767 -5.4470577
13.1892633 -5.6037874
12.4432659 -5.4330931
13.2664404 -3.5448956
12.6615028 -4.1278019
12.5035362 -5.0114236
14.0713539 -3.4223592
13.6297369 -3.5425897
12.2806473 -4.1473618
13.2077456 -3.4178150
13.6608448 -3.3345189
12.1807995 -4.8321347
12.8790550 -4.4812016
13.2716389 -3.5728083
12.1501513 -4.4301863
12.4020844 -3.8210349
13.8508759 -3.5382023
13.4174490 -3.6609833
12.2220287 -5.0716424
12.4394341 -5.3143654
12.4553785 -3.7472703
12.2322111 -4.6067047
12.3551178 -5.6679206
12.6950054 -5.5219069
13.7582626 -3.4278266
12.3857832 -5.5910988
13.5792599 -5.7711744
12.5830851 -4.8135743
12.4066505 -5.5755854
12.5462503 -5.0130343
12.6047020 -4.2506814
12.2808895 -5.2216911
12.5485687 -3.3759069
13.5926218 -3.6249764
12.8878527 -4.7498946
13.1227865 -4.4529052
12.9415808 -4.6263552
13.2351236 -3.2474980
12.7013063 -3.0315781
12.8924742 -4.0847821
12.5285110 -5.0958629
12.3902187 -5.1687002
13.3014517 -3.3222351
12.0985117 -4.1183624
12.1231508 -4.6294961
13.0767136 -5.5627723
12.6769810 -5.6429720
12.1310740 -4.3036942
13.1276188 -4.0897894
13.1959972 -3.6654079
13.6253567 -5.7911768
9.5679264 -5.6059265
13.3521709 -5.6677203
12.6882954 -3.3187101
12.6693354 -3.7982640
12.8272896 -4.8290873
13.6939268 -3.2694554
12.4408169 -4.0889454
13.2525940 -3.2134185
12.4741068 -3.6627753
12.8773832 -3.5572145
12.2924814 -4.2802296
13.2809467 -3.2825224
12.6887226 -3.1548274
12.2585888 -5.3943238
13.3055811 -5.6452727
12.4195499 -3.6640584
12.6470509 -3.1579571
12.4052839 -5.6211100
12.9809704 -5.4928603
13.1780529 -4.0858607
12.8061295 -3.6271732
12.0529499 -4.7340651
12.7515736 -2.9223640
12.4218292 -3.8982542
12.8859558 -4.5379267
12.3879471 -5.7144952
12.9605465 -3.0506606
13.1402912 -3.0931907
12.1895761 -5.2818065
12.5374622 -5.0587168
13.2153778 -3.8962171
13.3350134 -3.6336010
12.5325308 -4.3384099
12.9195871 -2.9927480
12.5905151 -3.2207606
12.0503521 -4.5856953
12.2072744 -4.9083109
13.1402617 -2.9542122
13.1776781 -3.2148819
12.4943981 -3.3309083
12.5867729 -3.2741449
13.3774586 -3.1182973
12.3053188 -5.1954308
13.1923752 -3.4289832
13.0444822 -2.9412165
12.1950130 -3.9227953
12.8285503 -3.5213640
12.3914824 -5.2372165
12.8777113 -4.2380033
13.3919964 -5.6827908
12.1161022 -4.8300281
12.7864799 -4.8399868
12.8648634 -3.9616623
12.9279709 -2.9711397
12.7092257 -4.3135319
13.3326015 -3.1885395
13.6019135 -3.6847701
12.3888092 -5.2341900
12.2347555 -5.1564527
12.7863894 -3.0137005
11.9464808 -4.1558661
13.6045456 -3.3089180
12.3894129 -4.7622375
13.5375147 -3.2985394
12.0797920 -4.4993424
12.3182964 -4.9852924
12.6941481 -4.9439325
12.7856417 -3.8792019
13.2140226 -3.1771824
12.5661268 -5.0659785
12.0807447 -4.5010619
12.3108158 -5.0895672
13.3053360 -3.1884797
12.9553308 -3.7492208
12.4130974 -5.3097277
12.8738575 -3.3815503
13.2954664 -3.0209501
13.2678890 -3.3656590
13.3547173 -5.6687622
12.2202578 -5.0710826
12.1118393 -4.6507993
12.7256889 -3.9652855
12.8199844 -4.5174532
12.6454639 -3.9221210
12.4918118 -3.8067012
12.7009583 -4.1103492
12.2707500 -4.7322698
13.0527906 -3.7161953
12.0211506 -4.2709656
12.1014299 -4.4730973
13.4379864 -3.5321589
12.4934444 -5.0531921
12.0617924 -4.1233816
12.6955738 -4.4224615
14.0573654 -3.4241264
13.2981644 -3.5250711
12.1510410 -5.2402005
12.8866997 -4.1487608
13.3961439 -3.6792071
12.0810757 -4.8307099
12.6206436 -5.0416756
13.3084612 -3.6509223
12.8471031 -2.9613190
12.0928879 -4.4681273
12.1810007 -4.3463268
12.8635130 -4.2674804
12.6590633 -3.1818998
12.7535152 -3.0080540
13.2382584 -3.3114483
12.4127417 -3.8065248
13.5255680 -3.3592854
12.6475658 -4.4518523
13.0747166 -4.4919538
13.1708145 -3.0500257
12.9386959 -4.3911033
14.0218401 -3.4368148
12.8084288 7.0648675
13.1407633 7.3958368
13.7785540 7.0037470
13.9711704 6.1943636
13.4666138 6.8879695
13.7450552 6.3753691
12.8869190 6.7432966
13.1065016 6.8162088
13.5247507 6.7583599
13.6859360 6.9448729
13.7396669 6.8152351
13.6509199 6.5042896
13.3659706 7.4355388
13.8934250 6.2639489
13.8343725 6.9846482
13.4792166 6.6191988
14.0017033 7.3297272
13.5485373 6.8987932
14.1083117 6.7300386
12.8460436 7.0206485
13.1053190 6.8934851
15.3644161 5.3748703
14.2780371 6.1142588
13.7308340 7.3709002
13.3231487 7.5406485
12.7954206 7.2027922
13.2457838 7.4809299
13.5797997 6.6977487
13.2190180 7.1655784
13.1573515 7.4271474
12.8810902 7.1859527
13.4865894 7.3867173
12.8152285 7.0085735
12.7716694 7.0950928
14.1537571 6.5330348
13.8302422 6.8845572
14.1627169 6.6460919
14.2645988 6.1053715
13.5139647 7.3941231
13.6986504 7.5460124
12.8742409 6.9337406
13.0094795 7.0328970
13.8607874 6.4615350
13.5818834 6.6716003
12.4814863 7.0084782
13.9308138 6.4653831
13.1415691 6.7739625
12.8328352 7.2755089
13.6071129 7.2974911
14.1749039 6.5975604
13.8660297 6.5933509
13.2577219 6.8168912
13.2608910 7.3789339
13.0106153 7.2788439
13.5128231 6.5618753
12.8597317 7.2007890
12.7825594 7.3477793
13.1874676 7.0093808
12.9634275 7.0318871
12.4944286 7.0654984
13.8792877 7.3559351
12.7215071 7.3812094
13.3922873 6.9682293
12.9231968 7.3544898
13.0523481 7.4826808
12.6430016 7.2418351
12.5775814 7.0705132
13.8750553 6.3860350
13.7446480 6.3688970
14.0133228 7.0565510
14.1330566 6.8696284
13.0365887 7.2368202
14.0543861 6.7793107
13.5773401 6.4614320
13.8166533 6.7358317
14.2049036 6.1825624
12.9928026 7.3892593
13.5253429 6.9599319
13.9911642 6.1782336
13.7318487 6.3675690
12.9551878 7.3963270
13.4929075 6.9210119
14.0589533 6.1947074
12.8701172 7.4113383
13.5998964 7.3185368
12.7087069 6.9213982
13.5820589 6.8878317
14.1835108 6.6310654
13.2372646 6.6678286
13.7708120 6.3942752
13.8889151 6.8242178
14.1309738 6.3911414
13.6458750 6.3853807
12.8836651 6.6090431
13.7627354 6.4623327
12.7295799 7.2581110
13.0198011 7.4595051
13.0918493 7.1993589
13.4152899 6.8536706
13.0266809 6.7772660
13.8441095 7.2476616
12.8212929 7.0115085
13.0643301 7.4245973
13.3446836 6.7432523
12.7804937 6.9708729
12.9398460 6.9897375
13.4245462 7.1214356
13.1211557 6.9895086
13.3353748 6.9758105
12.9852123 6.8912230
12.7078104 7.1708941
13.5992327 6.4031882
13.5141354 6.5741243
14.0813875 6.5279903
15.5829144 5.0298376
12.8036776 7.1922207
12.6706247 7.3557887
12.7637110 7.1064763
13.8159428 6.7252264
12.8597965 7.1097922
14.1266727 6.7657161
15.5323210 5.1156034
13.2440968 7.1086726
13.0886631 7.5774913
13.7946148 6.9164481
13.7489958 6.3497415
13.2105160 7.1869664
13.0051699 7.2273598
14.1848011 6.3695374
13.9678164 6.7470245
14.1483440 6.8357382
10.7948112 5.8275495
12.6065969 7.4816461
13.6692715 7.3583961
13.3553495 6.8159060
12.4730387 6.7776203
14.1815605 6.1973228
13.8846893 6.6002727
13.7774391 6.9635835
13.7275858 6.7489824
15.3355045 5.4095044
13.9368114 7.1692882
12.7479219 7.2507520
12.9875088 6.8536358
12.7390280 7.1180153
13.1930046 7.2116199
13.3029261 7.4657416
13.3505659 6.5927663
13.7661943 6.5314217
13.3309956 6.7710285
13.6231079 6.4450388
13.3028393 6.8616648
13.7212687 6.3954639
15.2971630 5.4502354
12.8119364 7.4293199
13.1553068 6.8535247
12.7481651 7.4889364
12.6966715 7.3173914
12.8678770 7.2352033
13.2750978 6.8327398
13.3830290 6.5504012
13.0344334 7.1415434
13.4926777 6.9073009
13.7217360 7.4608235
13.5655594 7.2419519
12.9179173 6.9072933
12.9769096 7.0649309
12.9555445 6.9297938
13.6969728 6.9297652
13.4150448 6.8205686
13.8752155 6.8382511
13.4990911 7.1458650
13.8779535 6.2286520
13.3472710 7.0840936
12.8363514 6.7508149
12.5586634 7.4118619
14.1190920 6.7405653
13.0545340 6.9932690
13.1199141 6.3713489
13.4938221 6.9879084
12.8424454 6.9046621
13.7905521 6.7471218
12.7240896 7.1384792
13.3509665 7.4344578
13.0964565 7.4930782
12.9723349 6.9648337
13.8164530 6.2256937
13.3144226 7.4611936
12.6495180 7.0173130
12.5707855 7.4046617
12.7848129 6.8195477
13.0503349 7.5444784
13.7724285 6.4121561
12.6339025 7.0430169
13.7601871 7.2705994
12.8868084 6.9286447
13.3408251 6.7678447
13.2919664 7.2925897
13.0133886 7.5355363
12.9044571 6.8818312
13.0858440 6.6778908
13.8137274 7.3622727
13.9639435 6.7360373
12.7682838 7.2447801
12.9992371 7.3899565
13.5963488 7.0530868
12.5987825 7.3914661
12.8904018 7.0669069
13.4278507 6.7348728
13.1512985 7.1169538
14.1950703 6.1956115
13.3635006 6.9143043
13.5377750 6.4872031
13.4606695 6.7602129
13.9821291 6.1696939
13.2076283 7.3476462
13.3728313 6.4040527
13.7223682 6.9207706
13.9664640 6.9126134
13.4705772 6.5473127
13.4408598 6.5978999
13.6140480 7.5982394
11.8770924 6.7942452
12.7903261 7.2017398
15.3277340 5.4190021
13.8847580 7.3025813
12.8254509 7.4525566
13.7745619 6.4231844
14.1103821 6.4061308
13.7262669 6.9213996
14.0321350 6.8740940
14.0659075 6.5216575
12.6824284 7.3272362
14.0588264 6.6894422
13.5884218 7.5800500
14.1351929 6.5678573
12.8638000 7.4061489
13.6163702 7.3881569
11.6788683 6.4974761
13.2480402 6.7414141
13.6499577 6.5353179
13.2417946 7.0416899
13.8171682 6.3490787
13.9315434 6.4768152
13.4021978 6.9171176
13.1084061 6.6241584
13.3235121 6.9122639
13.1460676 7.4335108
12.6895466 7.0112915
13.9455633 6.7028556
12.5571709 7.5366006
12.7712822 7.1941104
13.5641870 6.5834355
13.6316004 6.9179516
15.5848503 5.0276971
13.9290857 7.1292496
13.7193270 6.4248762
13.0114641 7.2771049
12.8142252 7.4331598
15.3582745 5.3905063
13.4970140 6.8702464
13.7617168 7.5007958
13.4245653 6.9225960
13.7345877 6.7421393
13.3475246 7.2464738
13.4171638 6.8085275
13.4233932 6.8629007
13.7638359 6.6384153
13.4295483 6.7313519
13.1111870 6.8272228
13.7258434 6.3101263
13.6553240 6.9092803
13.5697279 7.0035911
13.9720955 6.9856129
13.9902697 7.0646610
12.9698286 6.9035163
14.1658010 6.8322263
13.1075716 7.4958072
13.7525177 6.9554124
13.9790106 6.3706851
15.5666876 5.0602255
13.3209038 6.7208295
14.1748428 6.5728288
13.3343534 7.2428613
13.9567995 7.3813272
13.1025333 7.4902401
13.0397911 7.3052974
13.3712120 6.7634397
12.7527304 7.1264539
13.1787052 7.3906698
15.3411207 5.4074092
13.8750420 7.2018490
13.6687965 6.9905381
13.5483999 6.7284327
13.2847071 6.8192201
14.1550646 6.8484402
13.7267551 6.3726811
13.9150705 6.6784058
15.4378777 5.2717590
14.1520138 6.5626369
13.6576481 6.5675559
12.6265898 7.2953954
12.5761232 7.3093762
13.0606909 6.9013081
12.7453527 7.2864509
13.4511108 6.7462034
14.0650806 6.5756202
13.3410521 6.7369132
14.0449839 6.9730268
15.3351250 5.4204330
12.9987831 7.5855627
13.4063034 7.0397353
14.1493587 6.5862489
13.3206911 7.2889638
13.8321381 6.3198643
13.6713266 6.8771567
13.1962214 6.4364781
14.2210770 6.5998740
14.2048483 6.5075488
13.0465479 7.5095038
13.0649738 7.4355726
14.0999384 6.1827064
13.1841536 7.4415069
13.3610516 7.1619077
13.2010031 7.2638984
13.7057238 7.2074594
12.6989517 7.3296103
13.9566069 7.0535522
13.6167746 6.5478082
13.6221466 6.9232912
12.6603746 7.3099265
13.8919163 7.2359166
13.4505920 7.5544577
13.2779369 7.1815324
12.7820263 7.2840538
13.1059599 7.4892530
10.8086529 6.2459064
12.8851347 7.5267682
12.9820070 6.7268758
12.5282660 7.3935347
14.0624762 7.3832808
13.2050695 6.6016202
12.6987982 7.4150472
13.0311117 7.4076376
13.7225809 6.3287058
13.6466932 7.4567108
14.0499859 6.3573647
12.9583950 7.2107897
13.4746218 7.3328881
13.0148525 7.4711924
13.3076115 7.4891596
12.5957737 7.4013977
14.0045738 6.6664867
12.6114473 7.4850140
12.8788481 7.2542644
14.0781832 6.2033238
13.2125893 7.3354917
13.1140022 7.0825715
13.0695009 6.7490911
13.4860439 6.6402831
13.2992563 7.4778852
12.8223295 7.4075370
13.5133820 6.6306086
13.6926727 6.9544888
13.3228006 6.7650032
13.7162199 7.4993134
14.0642605 6.8592477
13.9672499 6.9102640
12.8223276 7.2412062
13.5744619 6.9153628
13.1570816 6.8894463
13.5750265 7.1778860
14.2695284 6.1223049
13.9932928 6.8329897
13.7983503 6.9193296
12.7439365 7.0191288
13.4806194 7.4260445
12.4653158 7.4331083
15.3980274 5.3419857
12.6057081 7.2037749
12.7613096 7.3222804
12.7195015 7.2293310
13.8704500 6.7323713
12.8320837 7.1050439
13.3371973 7.3582077
13.4822054 6.8781929
12.7769976 7.2206898
12.9977407 6.9242978
15.2583828 5.5172625
12.8607521 6.8905354
14.0825739 6.5322857
13.6716204 7.5131721
13.9613400 6.6935024
13.1059637 7.3985548
14.0396757 6.6592040
12.6631021 7.4380760
14.3170204 6.1705747
13.9374294 6.7620883
14.1424370 6.2157741
14.0230703 7.1639023
13.0323820 7.2328396
13.9862404 6.8015323
13.5121937 7.5388870
13.3842707 7.3937836
13.5935745 6.5364647
13.1448774 7.5529270
13.2725048 6.6119790
13.5539236 6.6698475
11.3392115 6.6559601
12.8956289 6.9142494
13.1230555 7.5105824
12.8362007 6.9233942
13.5705795 7.5402164
13.4027452 6.8900371
14.0277395 6.2965784
13.4190941 7.2713623
13.3079500 7.0429716
12.8377838 7.2423506
13.1996031 6.6805749
12.7018013 7.2851529
13.6386404 7.2361012
12.8971167 6.8641720
14.0297060 7.0113692
13.1395540 7.0034447
14.1691351 6.7625217
13.0252104 7.3114376
14.2447824 6.4382505
13.2251253 6.9155397
14.1450090 6.4894562
13.3422327 6.8084083
14.2003164 6.6651015
12.8592596 6.6503911
13.9988546 6.1529841
13.9100466 6.2530565
12.7713060 7.4341831
15.3711367 5.3617711
13.3429842 6.7735109
13.8553324 6.3580422
12.9832687 6.9529276
13.0278492 6.8213449
14.2387819 6.1383376
12.9683456 7.0214658
13.5970020 7.3651233
13.2554884 6.8651032
14.0200043 6.9802780
12.9156342 7.3935366
12.8827868 7.1750073
13.5877829 6.6613116
12.9792204 7.2351160
12.7536306 7.1621866
13.4236145 6.7223206
12.7807064 7.1910329
13.7573080 7.2280736
14.2339401 6.2418432
13.2286310 6.7990594
13.6795607 6.3717723
13.9194679 6.5159402
13.9276638 6.7778292
13.0089769 6.7734132
13.1129742 7.3129845
13.5250769 6.8836179
13.8873148 6.8942599
14.0674152 6.9662223
13.6879282 6.6539683
14.0401583 6.7569375
13.8087845 6.3682022
14.1126289 6.8439279
13.0056305 7.4900813
15.5767345 5.0454593
14.0349932 6.4017434
13.9883890 6.3456564
13.7723541 7.0408139
13.8399124 7.0959954
13.5835075 6.4674134
14.0236168 6.5378008
13.4266119 7.3577127
13.1659298 7.3332829
13.7859154 6.8147101
12.7119646 7.4045424
12.6593323 7.5363793
13.8658676 6.6891441
12.7466364 7.2993793
13.0350075 7.2971392
14.1487827 6.1520977
14.0695114 6.3651843
13.8161535 6.9946885
13.4957161 6.2752919
13.4726591 6.5287795
13.2879992 7.0027900
12.6893568 7.1902180
12.8214855 7.3308067
14.1738615 6.6980987
14.1888275 6.6203523
13.0404034 6.9898415
14.2251110 6.6131616
14.1013021 6.8882141
13.9259138 6.2562227
12.9672699 6.9853163
13.2014771 7.2421293
15.3685389 5.3706250
12.5174894 7.3978486
13.7435112 6.9685531
13.5488024 7.6185832
13.2731981 7.4429255
13.6910391 6.3439565
12.8034620 6.9950409
12.8260050 7.3189006
13.2336674 7.4548082
13.7359104 6.3345604
13.6878395 6.4350610
15.5675774 5.0618482
12.6442118 7.5090032
12.8425455 6.9239979
14.0432596 6.9632754
12.8066216 7.2262831
13.6967468 6.6213155
14.2064247 6.8488412
13.8405771 6.8883190
13.9342747 6.8877230
13.0957470 7.4294491
13.9620514 6.6387472
13.0749893 7.4602904
13.8650970 6.3160701
14.1580286 6.7913976
14.1588802 6.7617750
15.3432865 5.3998713
12.7610130 7.1548233
13.2175894 6.7741756
13.5133762 7.5398045
12.4762831 7.3030653
13.5735044 6.9306283
14.0569334 6.3047323
13.6254435 6.9570775
13.4342375 7.0784740
14.2612600 6.1125073
12.7883358 7.2730618
14.3279781 6.0817804
13.9848633 6.5545931
15.3755760 5.3599544
12.8623905 7.5748110
13.5607214 7.1553712
12.7597313 7.1692982
12.9878206 6.9241633
12.9710054 6.9717970
13.6515093 6.5045300
13.2403126 7.4053173
13.6526814 7.1820922
14.1577902 6.1916771
13.5608721 7.2530503
14.1173277 6.3092012
12.5441828 7.5205674
13.3119297 7.2820191
13.2525826 7.2149343
13.0568123 7.4292469
13.1414557 7.4725461
13.5485687 6.5714445
13.1489363 7.3993163
14.2160921 6.6964593
13.2545795 6.6938157
13.7927809 7.3060369
14.2289343 6.2548871
13.7098970 6.3640385
13.8946619 6.3045740
13.6152630 6.5300975
12.9488249 7.4973259
13.8279533 6.3739004
13.0441132 7.4151769
13.7481441 6.3502107
14.0312929 6.1912851
13.8834953 6.3072805
13.1745691 7.3425775
14.2324190 6.6277771
12.9909191 7.5056443
12.4462442 7.0218959
13.4707699 6.9416428
15.5843124 5.0299230
14.1442986 6.7070088
13.7325277 7.4874873
14.0569763 6.1815548
14.1732397 6.3462052
12.9610214 7.4909654
13.0861645 6.7668166
14.1113882 6.5163298
14.2958479 6.1252713
13.8441267 7.1286287
13.9559183 6.7582936
13.2020388 6.7462759
13.5921164 6.9950104
12.8761911 7.2773800
13.4994287 7.3923159
14.3368835 6.0489430
13.6119528 6.7837939
12.8974180 7.2617922
13.2880974 7.1893344
13.3984289 6.8352952
13.1367350 7.2999363
14.2313528 6.4096079
14.0445623 6.0933003
12.7713385 7.4701653
14.1298075 6.4745040
13.0231190 7.0103898
14.1305971 6.7990990
13.4660044 7.5647831
14.1760740 6.7111588
13.9648924 6.8560014
13.3724003 6.9259834
14.0350561 6.2682581
12.7609243 7.1715913
14.1188965 6.7497535
13.7740717 6.9023170
13.3788548 6.8323288
13.9557381 6.3708510
12.6459570 7.3383574
13.8773232 6.3562593
13.5594215 7.0279264
12.7573986 7.3702841
15.3324165 5.4158206
14.2444448 6.6335869
13.0677509 7.0869174
13.8124342 7.1157155
13.2610378 6.6194215
13.6282682 6.3448262
13.8105659 6.7943945
14.1254263 6.6957459
10.5059109 6.0973926
15.5248957 5.1353221
13.7518415 6.3648791
11.4888945 7.7621613
15.4978247 5.1807632
13.5102911 6.8581023
13.7974014 6.4078107
13.5690832 6.5037513
15.2994795 5.3506250
12.8366632 7.0923066
14.1290703 6.1896572
12.8234110 7.3135905
15.4944830 5.1815829
14.0992460 6.3630190
12.6822796 7.4372573
13.0876751 7.5582051
13.9576464 7.3976712
13.6282501 6.5731320
13.7615633 6.3482194
13.4031248 7.5469832
13.6165791 7.5758858
13.2061977 6.5437117
15.5909863 5.0197349
13.4901638 6.6010647
13.3565512 6.6299334
13.6350117 7.4027548
13.3704510 7.0221686
12.9069214 6.9071364
13.2296581 6.9083095
13.1715755 7.1141219
13.5908270 6.6825690
13.6014223 6.3774691
15.5872545 5.0191784
12.7594109 7.5365562
13.4024591 7.1936560
14.1717606 6.1883030
13.8593540 6.3571510
13.7448626 6.5483723
13.0277376 7.0399051
14.1552887 6.4304495
15.5826197 5.0367446
13.8516417 6.4087386
12.8799534 6.9139028
14.1758127 6.9020357
15.3596811 5.3839831
14.2182026 6.5561848
13.9990854 6.2182841
13.1488695 6.5250678
13.2860918 7.3719592
13.5456228 6.4884953
12.6578798 7.2873220
14.2553082 6.5689106
13.8429890 7.0669899
14.1272507 6.3691187
12.8935633 6.9891186
14.0747519 6.6699505
15.5613832 5.0770564
14.1041574 6.2759662
12.9223185 7.5787601
12.6615295 7.5067768
14.0790424 6.2107816
13.3085976 6.6566982
13.0986481 7.1612034
12.5947952 7.4376383
13.5932608 6.6180763
13.4461594 7.1064992
13.2325058 7.4342794
12.7617626 6.8377571
13.3187952 7.3674417
15.3434668 5.4044490
14.0821800 6.5845590
13.7077713 6.3345690
13.9123154 6.9230323
13.9926949 6.9392123
13.2936544 6.8610845
12.6197729 7.3892241
13.3631563 6.6330676
12.5683012 7.0462079
14.0045366 6.6257577
12.6136236 7.5350828
14.0747528 6.9003716
13.4072371 6.8733459
14.2040224 6.6282535
13.2716799 6.9501338
13.3296442 7.4616642
14.2270823 6.5935097
12.9461803 7.6129165
12.6389208 6.8711443
13.8794384 7.2406077
13.7342119 6.3374066
13.8023348 6.3690500
13.2887230 6.7717228
13.6906519 6.8929286
14.0010462 6.3461962
13.5319996 6.9429598
15.4984732 5.1805768
13.6692772 6.4202628
12.9008284 7.1948695
12.8608065 6.4499540
12.9655609 7.2579570
12.7983828 7.0741491
12.8819294 7.2602782
13.0985899 6.7583699
15.2608728 5.5179353
13.7013798 6.4008312
13.5807629 7.5557795
13.2159996 6.7538748
13.6950264 6.9099832
13.5377550 6.9889288
12.5948801 7.5304570
13.0871763 7.4633570
12.0703812 6.1781325
13.2913723 6.8456559
15.3460865 5.4087734
12.8986082 6.9960456
13.7183027 6.7024183
13.1171684 7.5485950
13.2866154 7.2128057
14.0380144 6.8431354
12.8635149 7.4643764
15.4716930 5.2181892
13.3288145 6.9683080
13.4531164 7.0028825
13.9188652 6.9635868
12.6156874 7.4604049
14.1952505 6.1667218
13.3986158 7.2629614
13.5691395 7.5613675
12.6955767 7.1752868
12.7063103 7.1511173
15.4449539 5.2621970
13.0041037 6.6580515
14.1151438 6.3920736
13.7193995 7.5055103
13.2959003 7.3661056
13.8917255 6.5216422
12.6482286 7.3692989
11.6300268 6.8361669
13.8025484 6.4757609
15.4795427 5.2047520
14.2402935 6.1534977
13.6941090 6.9653215
13.4615974 6.6913934
13.0129871 7.4136820
13.8516169 7.2060966
15.3443832 5.4096189
13.7363949 7.5047688
13.1889563 7.3882809
14.1283178 6.6127968
12.9924898 6.9984651
12.8303909 6.9073668
12.6525249 7.5091486
13.5044727 6.6315694
12.7399683 7.3143578
13.0217361 7.1593485
15.3781061 5.3595591
13.7483406 6.3626876
14.2247305 6.5873270
12.8904934 6.9645743
15.5886879 5.0241089
13.3493767 6.8025174
13.8054628 7.0317602
14.3162384 6.6778498
13.5139141 6.9320540
14.0983067 6.8056221
12.9119253 7.0896034
13.4799204 6.5371370
13.3110075 6.7555013
13.2659321 6.9461818
12.8171072 7.2495508
13.3746309 7.0039191
14.2711840 6.0696931
13.1124697 6.8222423
13.3189850 6.6745658
13.1489706 7.4138203
13.4161482 6.9935474
13.3347912 7.2192149
13.6554747 7.0685544
13.9208002 6.6165428
13.2521114 6.7972102
13.5433388 7.3031244
13.9552355 6.1557665
13.4208946 7.1174307
13.6957941 6.9394226
13.4007111 7.2206593
14.0654192 6.8583221
13.8288279 6.8237729
13.6794672 7.5168643
14.1362734 6.7481899
12.9763451 7.4457669
15.4343596 5.2624755
13.7303791 6.2872028
12.9415026 6.8618712
12.9866343 7.4881940
13.6133356 6.7022595
12.6765137 7.1693077
12.5002232 7.3661141
14.1836071 6.1899323
14.2579679 6.0460100
14.1966639 6.7459106
12.2573910 7.0262365
12.8133888 7.4880590
12.7458715 7.4093633
13.9139013 7.2536335
14.0095396 6.8274927
13.2559061 7.0068560
13.6568079 7.3764224
13.0736618 6.7145429
15.5898142 5.0212750
13.7060843 6.4533210
12.6007977 7.2061496
13.8432617 7.0047884
13.1242428 7.3563418
13.6650410 7.2734284
14.3547649 6.0435886
13.3821430 7.2967973
13.9310274 7.0204773
14.3016596 6.1331868
13.8714457 6.3529692
13.3208752 6.7592950
12.5964861 7.5687895
13.7245855 6.3479004
13.3129292 6.7413135
14.0011816 6.3916941
13.5039349 6.4395123
15.2685938 5.5046091
13.6860294 7.4720349
15.5054693 5.1697950
13.4605417 6.7510667
14.1344662 6.2654886
13.7352095 6.8875146
13.7728224 7.4991379
13.9152727 6.3646173
12.8954639 6.8517513
13.3217697 6.5598588
15.3209801 5.4543982
14.2215757 6.4940462
15.4718857 5.2168999
13.2889652 7.2875829
13.8301506 6.4775710
12.8773451 7.3542738
13.7980633 7.2658129
13.4031200 7.4090223
13.8831930 6.9813371
13.5200558 6.8657475
13.2339725 6.8960629
12.8680344 7.3528123
12.9496164 7.4710083
14.1182251 6.1671090
13.5232754 6.6662865
14.2407608 6.6117024
13.6514721 6.9161978
13.5575285 6.7291059
13.6312513 7.4167709
12.8562546 6.8793035
15.3445826 5.4114132
12.7666130 7.4582834
14.2211075 6.2704840
13.3986559 6.8113928
13.7909908 6.7493429
13.5173216 6.4845185
15.6139784 4.9829016
12.4707956 7.3194752
12.8837824 6.9381995
13.7641439 7.1598148
12.8878908 7.2049499
12.8860416 7.4038033
13.7080889 6.9015393
15.4410372 5.2602396
14.1773920 6.1503224
13.5937090 6.4553804
14.1598864 6.4136629
13.2303801 7.4372973
13.9069195 6.3500648
12.5758314 7.5651264
14.1588736 6.3319511
13.4796133 6.7238979
13.8005180 7.0408154
14.2040701 6.1859894
12.9484529 7.2390528
13.0630589 7.5723953
15.6061344 5.0022807
13.1218195 6.6769648
12.8341923 7.3718610
13.2824516 7.4858704
12.7284079 6.8801641
13.7982893 7.0257702
13.6298084 6.9218516
13.1086016 7.2454925
13.0114250 7.5873232
14.1216698 6.6602712
15.5788345 5.0444388
12.8523502 7.3055353
12.7152042 7.3612370
13.6385126 7.2134128
13.2796640 7.1675620
13.1668415 7.0036492
13.4034872 6.5714388
14.1936426 6.2266436
13.7188778 6.4945788
13.6357889 7.0479960
12.5195341 6.9989791
13.1592360 7.3755426
13.9420633 6.3614058
13.9220486 7.0902638
13.8068657 6.8926182
14.0529709 6.5836887
14.2167120 6.8604374
13.4951010 7.2895803
12.7258129 7.5415645
13.0973339 7.1028080
14.1143818 6.7392235
15.3757334 5.3666849
13.2465963 7.3341460
10.6778879 5.2271762
13.7773733 6.3148756
13.5457335 6.6104636
14.0177860 7.0869365
13.4414616 6.7239552
14.0984678 6.2052221
12.8870773 7.1454468
13.7621174 6.2833214
13.4079361 6.8484378
13.4702320 7.2477255
13.3584805 7.2536964
13.0975618 7.4252067
13.5987282 7.3237147
14.0448427 6.5565448
13.6522760 7.5590377
13.5960474 6.7974906
13.5647202 7.5765524
13.5168295 6.4798589
12.7019939 7.1807804
13.5395269 6.4024673
14.0954599 6.1875572
11.5618486 5.6637068
12.5966091 7.5396967
14.1992226 6.8343492
12.6013689 7.5344400
14.1019506 6.3204255
13.0019541 6.8100853
13.8318624 7.0079918
13.4263067 7.2594690
13.0225916 7.6265268
14.0643921 6.2978277
13.1512852 6.8767333
12.5724430 7.2333355
13.7988338 6.2326846
12.7555532 7.1319060
13.5403337 6.4304242
12.9686527 7.4183598
13.1180220 7.2580605
13.0485239 6.9272323
13.2071543 7.2292814
14.2976599 6.0578880
13.6146059 6.4375787
14.0686369 6.1125717
13.6648827 7.5729198
13.4625711 7.3427219
13.6937189 7.4254465
14.0741739 6.6281624
13.6225824 7.6257529
13.6460056 7.2454510
13.4710884 6.7311325
13.2427244 7.3350329
13.0267849 7.2043757
14.3015842 6.5616150
14.0103302 6.7161741
13.6319208 6.5415654
13.2606869 7.5113573
12.5039854 7.5070767
13.5932112 7.4430194
13.3227720 6.3569317
13.1398964 7.0036836
13.4005404 7.4167194
13.4021492 6.8917427
13.4033117 7.4771185
13.9785671 7.0677991
15.3678865 5.3827653
13.0377979 7.4804597
12.8366175 7.2430935
12.9905338 7.4022889
15.5975714 5.0415311
12.7670174 7.6174874
15.5350037 5.0959554
12.6746826 6.9443769
13.6298971 6.9984064
13.1929455 7.3564320
13.4130239 7.4735742
13.6858149 7.6054325
13.1109638 6.6885433
15.4801645 5.2120347
13.6705751 6.5550313
14.0192938 6.8644862
12.5690250 7.4559674
13.8127155 7.1744847
14.2818184 6.1689310
14.2768183 6.1031337
13.7216282 6.6374216
13.6528006 6.9107628
12.6990261 7.5320930
13.6871796 7.5642567
13.3152418 6.7491565
14.0434723 6.3810492
14.0520945 7.4113827
13.9128199 7.0028281
13.3613148 7.1700473
13.3579159 6.7505713
14.2779169 6.0717497
13.5533514 6.6701617
12.5924606 7.5280323
12.9723454 6.9783731
14.1304922 6.7738471
12.6485615 7.4979744
13.1105080 7.4905744
13.9456282 7.0040379
15.4477921 5.2585506
13.5779333 7.5671835
