kimg	g_loss	d_loss	real_sign_proxy	fake_sign_proxy	ada_p
0	0.66189605	2.17266697	0.5	0.21875	0
1	3.45090265	1.52594991	0.65157359	0.486894212	0.00130701968
2	5.84201069	0.95691182	0.786273398	0.725257935	0.0026673997
3	7.49780392	0.555421066	0.884990259	0.895055502	0.00405908567
4	8.12824349	0.400540695	0.931147168	0.961953529	0.00548101093
5	8.00075896	0.413474064	0.942524442	0.963308344	0.00693805449
6	7.67719803	0.442730937	0.950528915	0.964018061	0.00843118174
7	7.2609395	0.472244276	0.955942673	0.964612278	0.00995277051
8	6.85523159	0.485984723	0.95953946	0.965603126	0.0114951967
9	6.38888933	0.459782862	0.962347676	0.967876092	0.0130554874
10	5.83011007	0.39844958	0.964715869	0.971273223	0.0146389399
11	5.35948622	0.330936135	0.966356262	0.974679141	0.0162500742
12	5.1576596	0.28619786	0.966980965	0.976978303	0.0178934099
13	5.23405407	0.264035628	0.966536376	0.978202152	0.0195891028
14	5.40644142	0.245016583	0.965533524	0.979192306	0.0213309951
15	5.58033996	0.231673784	0.964521881	0.979954237	0.0230819451
16	5.66130155	0.226546872	0.964050892	0.980493161	0.0248048055
17	5.6580708	0.255590239	0.964621331	0.980908877	0.0264958873
18	5.64832178	0.321081501	0.965907894	0.981270277	0.028173624
19	5.63242548	0.387146895	0.967205737	0.981526079	0.0298312666
20	5.61072967	0.417904829	0.96780997	0.981624973	0.0314620583
21	5.45855343	0.412903508	0.963622762	0.980964938	0.0331446322
22	5.11266377	0.401605669	0.95295857	0.979066631	0.0348607877
23	4.67948186	0.390208788	0.939126237	0.97612041	0.036447694
24	4.26546646	0.384902764	0.925435676	0.972316789	0.037742491
25	3.85132684	0.416432392	0.911444806	0.961625793	0.0388017671
26	3.39199564	0.494557557	0.895519954	0.941335885	0.0397576924
27	2.96712657	0.591044579	0.879527277	0.917313212	0.0405408241
28	2.65640546	0.67765182	0.865333861	0.895425806	0.0410816653
29	2.43323476	0.761312004	0.853398382	0.875447533	0.0414624188
30	2.23309776	0.853017309	0.842518945	0.854747506	0.0417911498
31	2.0884347	0.927221516	0.832171371	0.836133399	0.0420227205
32	2.03171193	0.958369218	0.821831752	0.822414362	0.0421119539
33	2.036981	0.956361159	0.809591785	0.812230884	0.0419371324
34	2.0523797	0.950638946	0.79622343	0.803086471	0.041542885
35	2.07667466	0.941912179	0.785425539	0.796471079	0.0411451817
36	2.10864652	0.930882208	0.780897507	0.793875707	0.0409600243
37	2.25754941	0.897090404	0.79171963	0.805808266	0.0412902329
38	2.54526412	0.837094082	0.816124602	0.832715794	0.0420349226
39	2.82642826	0.77963121	0.840743496	0.85985918	0.0427861398
40	2.95564412	0.753446544	0.852205233	0.872496237	0.0431358816
41	2.83910064	0.798208992	0.842132307	0.860964739	0.0430961013
42	2.55790392	0.903017285	0.818567852	0.833527381	0.0429858399
43	2.22814824	1.01845147	0.792673829	0.802259292	0.042823476
44	1.96592544	1.09508537	0.775611926	0.779235403	0.0426272955
45	1.78232324	1.13324016	0.768858229	0.764447866	0.0423191458
46	1.61314636	1.1660224	0.764434228	0.750795657	0.0418287211
47	1.47016197	1.18903997	0.760052148	0.740741548	0.0411958403
48	1.36516052	1.19788948	0.753426202	0.736751095	0.0404603486
49	1.28452089	1.19674812	0.736969616	0.736939378	0.0394070812
50	1.21267489	1.19416919	0.711473024	0.737499128	0.0379680099
51	1.16096778	1.19156765	0.687945903	0.738397674	0.0364325635
52	1.14075149	1.19035646	0.677399702	0.739603386	0.035090249
53	1.14170067	1.19125648	0.67943685	0.746624907	0.0339891211
54	1.14434381	1.19328669	0.684553632	0.761033834	0.0329658265
55	1.14824396	1.1953347	0.691014233	0.776247624	0.032011607
56	1.15296942	1.19628818	0.697085314	0.785681994	0.0311177553
57	1.16028421	1.1956665	0.703532763	0.789609008	0.0303301672
58	1.1719869	1.19409236	0.710947786	0.792843851	0.0296305531
59	1.18748047	1.19207245	0.717082692	0.795046347	0.0289069528
60	1.20616727	1.1901134	0.719689107	0.79587478	0.0280473878
61	1.23909032	1.18853241	0.710881511	0.791113077	0.0268877601
62	1.28793223	1.18698874	0.691020174	0.780375732	0.0254792603
63	1.33667243	1.18500494	0.670984743	0.76954427	0.0240432315
64	1.36928668	1.18210356	0.661656913	0.764501502	0.0228010446
65	1.38740926	1.17101543	0.667617241	0.770324345	0.0218367198
66	1.40297251	1.1508048	0.681063052	0.783457272	0.0209996492
67	1.41389577	1.13132196	0.694626723	0.796705315	0.0201672133
68	1.41809427	1.12241945	0.700941516	0.802873163	0.019216814
69	1.38668254	1.13807684	0.694374048	0.79331321	0.0179266563
70	1.31585175	1.17338755	0.679561263	0.771752965	0.016393407
71	1.2444001	1.20900779	0.664618636	0.750003733	0.0149897228
72	1.2111346	1.22559138	0.657661846	0.739878015	0.0140883077
73	1.30301129	1.18948264	0.668495391	0.75666122	0.0135993096
74	1.51020027	1.10632954	0.694867444	0.794931456	0.0131896517
75	1.71920537	1.018114	0.726349502	0.83459391	0.0129072258
76	1.81651118	0.966824313	0.752511821	0.855551488	0.012800032
77	1.81496478	0.950540869	0.774160191	0.85942477	0.0129637329
78	1.8105662	0.937608397	0.79621827	0.862352872	0.0133597712
79	1.80400008	0.929050082	0.813417542	0.86421234	0.0138268352
80	1.79592251	0.925898966	0.820486744	0.86487483	0.0142035913
81	1.77542252	0.935968516	0.815603125	0.862427637	0.0144382781
82	1.74087155	0.958675536	0.804586918	0.856909241	0.0146286242
83	1.70822234	0.981581594	0.793474148	0.851342473	0.0148302758
84	1.69343136	0.992245892	0.788300413	0.848750772	0.0150988594
85	1.78129274	0.961722411	0.794227124	0.856281807	0.0156041003
86	1.97941534	0.892889885	0.807594346	0.873264778	0.0163231137
87	2.17927457	0.823454007	0.821078737	0.890396613	0.0170066188
88	2.27232237	0.791126975	0.827356621	0.898372625	0.0174052912
89	2.23072734	0.805404123	0.823357584	0.893697725	0.0175298654
90	2.13233087	0.838736184	0.813990339	0.882799865	0.0176032553
91	2.02164137	0.8751721	0.803670972	0.870922592	0.017673731
92	1.94315244	0.898765988	0.796814944	0.863308534	0.0177895064
93	1.90408538	0.907985578	0.793423312	0.860322354	0.018111563
94	1.87484862	0.914277396	0.79053273	0.858200476	0.0186376007
95	1.84752465	0.920047334	0.788478452	0.856377399	0.019155762
96	1.81420357	0.927698258	0.787596725	0.854288659	0.0194541483
97	1.76464551	0.940071806	0.787482155	0.851462134	0.0195452095
98	1.70410572	0.955920186	0.787424961	0.848280111	0.0196066065
99	1.64852359	0.971369503	0.787371054	0.845471284	0.0196559887
100	1.61384016	0.982545476	0.787266529	0.843764373	0.0197109559
101	1.59647649	0.989554243	0.786948864	0.843050397	0.0197866335
102	1.58213273	0.995360426	0.786298712	0.842573542	0.0198706938
103	1.57234654	1.00005159	0.785338755	0.842159774	0.0199391383
104	1.56866012	1.00371442	0.784091709	0.841635242	0.0199679669
105	1.57197063	1.00690531	0.780091381	0.840772338	0.0198708401
106	1.58034357	1.00982136	0.772948072	0.839695728	0.0196518169
107	1.59106914	1.0119549	0.766096608	0.838773834	0.0194308739
108	1.60143754	1.01279814	0.76297262	0.838375115	0.0193280102
109	1.61036987	1.00745983	0.768113889	0.839494834	0.0193862605
110	1.61950225	0.994996076	0.779720117	0.842305102	0.0195176744
111	1.63010117	0.981350921	0.791456869	0.845857485	0.0196502403
112	1.64343288	0.972469837	0.796989001	0.84920333	0.0197119585
113	1.66872117	0.968786183	0.797093413	0.852517393	0.0196436137
114	1.70519994	0.966094022	0.797167353	0.856193565	0.0194844438
115	1.73811867	0.963814673	0.79721213	0.859505681	0.0193112452
116	1.75272403	0.961370636	0.79722744	0.861727287	0.0192008175
117	1.75068453	0.958163435	0.79571527	0.863086189	0.0191519113
118	1.74554704	0.954626124	0.792305571	0.864248846	0.0191109458
119	1.73903343	0.951755571	0.788865985	0.865062687	0.0190827035
120	1.7328619	0.950548715	0.787264628	0.865374916	0.0190719842
121	1.72755397	0.950921298	0.78866934	0.86442641	0.0192856783
122	1.72215254	0.951762181	0.791837808	0.862287496	0.0197675293
123	1.71624096	0.952610435	0.79503405	0.860129835	0.020253604
124	1.70940277	0.953005354	0.796522113	0.859125299	0.0204799041
125	1.69889902	0.951944306	0.795656809	0.859329587	0.0204216908
126	1.68530975	0.949288131	0.793556674	0.859895064	0.0202902772
127	1.67350794	0.945946041	0.791065794	0.860727526	0.0201577114
128	1.66836743	0.942827452	0.78902808	0.861733012	0.0200959926
129	1.69184122	0.93989065	0.78739446	0.863824045	0.0202074315
130	1.74477468	0.936726746	0.785752803	0.867214363	0.0204719356
131	1.79817235	0.933779956	0.784482313	0.87064493	0.0207719218
132	1.82303281	0.931494727	0.783962409	0.872856397	0.020989791
133	1.81339563	0.929671651	0.78590423	0.873950369	0.0211054092
134	1.7896709	0.927980997	0.790283091	0.874870927	0.0211949806
135	1.7607637	0.926732518	0.794700353	0.875507683	0.0212780677
136	1.73557464	0.926236128	0.796756906	0.875749935	0.0213742134
137	1.71440557	0.931714305	0.795303606	0.874477558	0.021515048
138	1.69301075	0.944067134	0.791724457	0.871527535	0.0216841826
139	1.67421318	0.956528293	0.787357321	0.868348279	0.021826767
140	1.66083788	0.962329859	0.78353989	0.866388536	0.0218879442
141	1.65139933	0.962133441	0.780044395	0.865610396	0.0218200302
142	1.64309406	0.961628334	0.776311646	0.864971645	0.0216511595
143	1.63716638	0.960972118	0.773329651	0.864537883	0.0214413288
144	1.63486168	0.9603207	0.772086817	0.864375043	0.0212505374
145	1.63972111	0.959753011	0.772328099	0.864457295	0.0210613263
146	1.65067985	0.959162877	0.773011402	0.864690394	0.0208511753
147	1.66173469	0.958431712	0.774048981	0.865045115	0.0206800638
148	1.66688151	0.957440938	0.77535337	0.865492251	0.0206079911
149	1.66317796	0.955670816	0.779186902	0.866485545	0.0206351433
150	1.65482352	0.952860229	0.785921343	0.868256653	0.0207026915
151	1.64639582	0.949324642	0.792354183	0.870389889	0.0207866239
152	1.64247211	0.945379646	0.795282155	0.872469423	0.0208629404
153	1.65616208	0.940486174	0.794401323	0.874837627	0.0209183781
154	1.68703369	0.934314598	0.792413221	0.87759805	0.0209676664
155	1.71817602	0.92758462	0.790407684	0.879895539	0.0210284062
156	1.73267502	0.92101619	0.789473963	0.88087472	0.0211181975
157	1.73252079	0.913560019	0.793610336	0.880324825	0.0213988426
158	1.73216328	0.905181242	0.802937907	0.879084258	0.0219007881
159	1.73180264	0.898321737	0.812347279	0.877832812	0.0224270943
160	1.73163473	0.895423929	0.816728017	0.877250174	0.0227807745
161	1.73179911	0.8976969	0.813939707	0.877383849	0.0229414431
162	1.7322864	0.90282399	0.807649514	0.87775647	0.0230547424
163	1.73307112	0.907996044	0.801304157	0.878310479	0.0231592117
164	1.73412777	0.910404006	0.798349937	0.878988454	0.0232933532
165	1.73961597	0.908255647	0.798680212	0.880655952	0.0234714312
166	1.75138312	0.902856263	0.799559935	0.883439284	0.02368034
167	1.7654637	0.896017173	0.800781963	0.886062574	0.023919271
168	1.7778909	0.889549628	0.80213994	0.887249651	0.0241874205
169	1.78924829	0.883427503	0.804346125	0.887022342	0.0245833514
170	1.80122057	0.8768071	0.807486126	0.886509003	0.0250933168
171	1.81106741	0.870435976	0.81030718	0.885991164	0.0255354574
172	1.8160473	0.865062132	0.81155624	0.885750072	0.0257278796
173	1.8174155	0.860610972	0.809132208	0.888140414	0.0255530946
174	1.81845482	0.856563959	0.803665535	0.893530464	0.0251588537
175	1.81911731	0.85307411	0.798150921	0.898967783	0.0247611555
176	1.81935407	0.850294636	0.795583472	0.901499245	0.0245759983
177	1.81648828	0.847883193	0.797820342	0.900500813	0.0246820464
178	1.81002618	0.845638097	0.802966558	0.898101652	0.0249582372
179	1.80350741	0.843976171	0.808411121	0.895313852	0.0253297779
180	1.80047246	0.84331438	0.81154309	0.893149057	0.0257218999
181	1.80190275	0.843625217	0.812303669	0.89158964	0.0261470213
182	1.80601131	0.844326522	0.812729846	0.890089455	0.0266615449
183	1.81237309	0.845033977	0.813151683	0.888956778	0.0272490859
184	1.82056353	0.845363349	0.813898693	0.888500127	0.0278932387
185	1.85010981	0.836190079	0.816986718	0.890052474	0.0287166877
186	1.90457575	0.815505417	0.822556494	0.89363637	0.0297159995
187	1.95722336	0.794639357	0.827911945	0.897461198	0.030668722
188	1.98130822	0.784924705	0.830356421	0.899735979	0.0313523573
189	1.96271963	0.789842206	0.826684081	0.900528523	0.0317363013
190	1.92078889	0.800937013	0.818401841	0.901165894	0.0320125589
191	1.87849042	0.812129118	0.810046969	0.901591907	0.0322788833
192	1.85879745	0.817339847	0.806157175	0.901749958	0.0326329901
193	1.86015514	0.816194977	0.807559229	0.901048053	0.0331441726
194	1.86386511	0.813187603	0.811006031	0.899465261	0.0337888918
195	1.86920579	0.809091445	0.815194315	0.897868588	0.0345261878
196	1.87546106	0.804679009	0.818821545	0.897125222	0.0353151026
197	1.88782251	0.79816268	0.822081567	0.898984211	0.0362363858
198	1.90693288	0.789294774	0.825531995	0.903176472	0.0373060385
199	1.92455587	0.781449268	0.828276149	0.907405498	0.0383723226
200	1.9324533	0.778000929	0.829416972	0.909374413	0.0392834632
201	1.92109875	0.781267511	0.82627699	0.907364017	0.0399795774
202	1.89549062	0.788635452	0.819196047	0.90282953	0.0405718059
203	1.86965791	0.796068008	0.812053006	0.898255278	0.0411599276
204	1.85763093	0.799528397	0.808727406	0.896125635	0.0418437081
205	1.86849322	0.794696545	0.812080683	0.897813467	0.0427569224
206	1.89299424	0.783799069	0.819644087	0.901620724	0.0438370002
207	1.91771014	0.772806026	0.82727382	0.90546137	0.0448810529
208	1.92921716	0.767687974	0.830826009	0.907249467	0.0456861698
209	1.91926279	0.769928401	0.829329314	0.906887444	0.0462177519
210	1.89680933	0.77498369	0.82595209	0.906030274	0.0466391686
211	1.87415895	0.780083313	0.822545249	0.905065828	0.0470325438
212	1.86361358	0.782457554	0.820959119	0.904381557	0.0474799691
213	1.87146742	0.781455101	0.821536217	0.904064539	0.0480089919
214	1.88918383	0.779193116	0.822838557	0.903850431	0.048579486
215	1.9070556	0.776911293	0.824152318	0.90362087	0.0491758095
216	1.9153762	0.77584894	0.824763969	0.90325755	0.0497823306
217	1.90454364	0.777796965	0.824578849	0.902074378	0.0503855561
218	1.88011215	0.782190201	0.82416102	0.900047291	0.0509975505
219	1.85546639	0.786621965	0.823739527	0.898123462	0.0516414261
220	1.84399202	0.78868527	0.823543292	0.897250257	0.052340296
221	1.8483157	0.78602323	0.825183629	0.897363829	0.0531302458
222	1.8580727	0.780019317	0.828882494	0.897620498	0.0540013877
223	1.86791527	0.773962751	0.832613796	0.897879418	0.0549054724
224	1.8724977	0.771142985	0.834350986	0.897999964	0.0557942443
225	1.86552996	0.771410443	0.834233282	0.89541987	0.0566779708
226	1.84947927	0.772111562	0.833902305	0.889602039	0.0575758305
227	1.83244178	0.773060672	0.833406423	0.883733187	0.0584473382
228	1.82251445	0.774072863	0.832793519	0.881000814	0.0592519937
229	1.81933339	0.775525745	0.83119169	0.881007661	0.0599694964
230	1.81680398	0.777475697	0.828468057	0.881031014	0.0606319451
231	1.8151285	0.779192312	0.825888299	0.881069864	0.0612767027
232	1.81451115	0.779945012	0.82471839	0.88112401	0.0619411298
233	1.82478961	0.776931453	0.825056846	0.883379338	0.0626225955
234	1.84796646	0.770135808	0.825892564	0.888380948	0.0633049911
235	1.87134656	0.763280568	0.826916143	0.893410586	0.0640091062
236	1.88223168	0.76008896	0.827818422	0.895749303	0.0647557401
237	1.87740052	0.760971143	0.828658668	0.894459935	0.0656296581
238	1.86557183	0.762962487	0.829563297	0.89155102	0.0666027168
239	1.85130559	0.764971294	0.830288911	0.888616594	0.0675172627
240	1.83916001	0.765906539	0.83059202	0.887250407	0.0682156181
241	1.82861151	0.765490932	0.827568036	0.889735272	0.0686792644
242	1.81762476	0.76455317	0.820726203	0.895339212	0.0690458188
243	1.80895842	0.763607183	0.813766561	0.900992298	0.0693817708
244	1.80537242	0.763166759	0.810390026	0.903624215	0.0697535823
245	1.80830981	0.763281525	0.810181477	0.903454498	0.0701520089
246	1.81493548	0.763540602	0.81003031	0.903008733	0.0705508586
247	1.82161925	0.763801952	0.809937678	0.902404843	0.0709982802
248	1.82473103	0.763923629	0.809905668	0.901760014	0.0715424422
249	1.82349759	0.760818942	0.812795665	0.900831217	0.0723408874
250	1.82071425	0.753738486	0.81931222	0.899582528	0.0733878038
251	1.8179065	0.74639535	0.825885924	0.898482585	0.0744715051
252	1.8165993	0.742503571	0.828946456	0.89800014	0.0753802648
253	1.82235463	0.741851334	0.827378283	0.899081385	0.0760419497
254	1.83533295	0.741437691	0.82384022	0.901519754	0.076599605
255	1.84842503	0.741115287	0.820271144	0.903979496	0.0771556225
256	1.85452021	0.740737642	0.818609517	0.905124659	0.0778123706
257	1.84516598	0.740185343	0.820438136	0.903265737	0.0786921493
258	1.82406992	0.739558687	0.824562433	0.899073458	0.0797393369
259	1.80278902	0.739043397	0.828722864	0.894844449	0.0807831331
260	1.79288146	0.738825197	0.830659801	0.892875586	0.081652721
261	1.80378781	0.739012115	0.829546457	0.893690799	0.0823116298
262	1.82838618	0.739516638	0.826899566	0.895530268	0.0828796485
263	1.85320007	0.740234162	0.823889359	0.897385854	0.0834108033
264	1.86475246	0.741060091	0.821685831	0.898249743	0.0839590948
265	1.85976077	0.742580741	0.820289121	0.897921607	0.0845380938
266	1.84827165	0.74486589	0.819005261	0.89706194	0.0851192567
267	1.83611318	0.746955073	0.818062356	0.895894892	0.085696404
268	1.82911157	0.747887607	0.817688782	0.894644451	0.0862633643
269	1.82739398	0.747506528	0.819890847	0.892825839	0.0868058624
270	1.82642022	0.746646653	0.82487865	0.890369306	0.0873310553
271	1.82546796	0.745779245	0.829966342	0.888201747	0.0878662417
272	1.82381613	0.745375413	0.832467485	0.887250275	0.0884387241
273	1.81774766	0.745638931	0.832670522	0.887569432	0.0891190792
274	1.80712806	0.746352913	0.832818714	0.888423905	0.0898792635
275	1.7969941	0.747373813	0.832910019	0.889623477	0.0905919678
276	1.79238358	0.748558133	0.832941721	0.890978115	0.0911298647
277	1.79272427	0.750806934	0.829302208	0.893302162	0.0914666718
278	1.79366701	0.754229044	0.821095791	0.896691332	0.0917181939
279	1.79504936	0.757369798	0.812817476	0.899760594	0.0919636494
280	1.79671017	0.758774195	0.808963411	0.901124603	0.0922822389
281	1.80040531	0.75601388	0.811424946	0.89966415	0.0927286288
282	1.80637206	0.749788978	0.816977818	0.896370217	0.0932824536
283	1.81194441	0.743509538	0.822579341	0.893047424	0.0939109842
284	1.81445574	0.740586073	0.825187194	0.89150046	0.0945814929
285	1.81096079	0.742480102	0.824831352	0.891518972	0.0953040481
286	1.80307871	0.746752733	0.824027248	0.89156175	0.0961059657
287	1.79512757	0.751062798	0.823216098	0.891604904	0.0969765616
288	1.79142583	0.753069398	0.822838458	0.891624994	0.0979051411
289	1.79365535	0.75230431	0.825350012	0.889405268	0.0989766811
290	1.79868498	0.750577838	0.831013335	0.8844002	0.100185922
291	1.80375867	0.748836239	0.836726276	0.879351281	0.101375137
292	1.80612079	0.748025418	0.839386001	0.877000699	0.102386568
293	1.79360711	0.751285391	0.836735917	0.879352537	0.103216048
294	1.76538959	0.758636544	0.830507696	0.884657053	0.103967893
295	1.73692486	0.766052102	0.823593509	0.890008044	0.104634463
296	1.72367278	0.7695045	0.81888556	0.892499259	0.105208083
297	1.73032435	0.768025444	0.816378041	0.891895776	0.105675528
298	1.74533126	0.764651954	0.814187435	0.890511426	0.106068213
299	1.76046966	0.761157877	0.812631454	0.889059754	0.106447047
300	1.76751751	0.7593165	0.812028465	0.888253752	0.106872946
301	1.75980272	0.759051606	0.813998436	0.888048978	0.107358247
302	1.74240262	0.758917583	0.818512823	0.887890269	0.10787716
303	1.72485008	0.758783974	0.823248162	0.887787324	0.108437305
304	1.71667829	0.758520731	0.825880532	0.88775001	0.10904631
305	1.71803152	0.756837281	0.826553753	0.88817217	0.109771207
306	1.72174979	0.753236504	0.827075857	0.889233672	0.110602038
307	1.72716465	0.748912886	0.827414695	0.890580139	0.111423191
308	1.73360969	0.745061277	0.827537562	0.89185708	0.112119033
309	1.74730548	0.741389185	0.826995002	0.892937218	0.11267254
310	1.76906334	0.737426259	0.82558684	0.894023823	0.113163119
311	1.78928874	0.734243824	0.823701683	0.895243679	0.113612327
312	1.79838492	0.732913592	0.821728265	0.896723531	0.114041703
313	1.795805	0.733408269	0.81903463	0.89925237	0.114426894
314	1.78885646	0.734800126	0.815508755	0.902711011	0.114768409
315	1.77901633	0.736897455	0.812433146	0.905776241	0.115130234
316	1.76775973	0.739508789	0.811090613	0.907124609	0.115576369
317	1.7475204	0.746671529	0.812088756	0.903766943	0.116225084
318	1.71740511	0.759021048	0.814340248	0.896195174	0.117055433
319	1.68995718	0.77076087	0.816611467	0.888557067	0.117913839
320	1.67772282	0.776093164	0.817668858	0.885001058	0.1186467
321	1.68905305	0.773164374	0.816705632	0.886360572	0.119197149
322	1.71460858	0.766327456	0.814533033	0.889553668	0.119668245
323	1.74038801	0.758853274	0.812341399	0.893089846	0.12014055
324	1.75238991	0.754012038	0.811321058	0.89547924	0.120694612
325	1.75126806	0.751764029	0.812926208	0.896726642	0.12141346
326	1.74821118	0.749862533	0.816546195	0.897810839	0.1222574
327	1.74382137	0.748542241	0.820197898	0.898578241	0.123119677
328	1.73869743	0.748038589	0.82189799	0.89887492	0.123893527
329	1.7287181	0.748828968	0.821527746	0.897641815	0.124574322
330	1.71337816	0.750750817	0.82060535	0.894861222	0.125220763
331	1.69925636	0.75304014	0.819457467	0.892056267	0.12581248
332	1.69293296	0.754932832	0.818410371	0.890750389	0.12632908
333	1.69838882	0.75648283	0.817365043	0.891603743	0.126740962
334	1.7106949	0.758054947	0.816200162	0.893528769	0.127082326
335	1.7231088	0.759277751	0.815250198	0.895470661	0.127430942
336	1.72888824	0.759779616	0.814849738	0.896374731	0.127864581
337	1.72225558	0.757892096	0.816213646	0.895741379	0.128445482
338	1.70729634	0.753608056	0.819610308	0.894051632	0.129156564
339	1.69220603	0.749216725	0.823844329	0.891690416	0.129956249
340	1.68518057	0.747007792	0.827720018	0.88904257	0.130802958
341	1.69004434	0.746754761	0.831616861	0.884608506	0.131866934
342	1.70101591	0.746567985	0.835975057	0.878211	0.13313446
343	1.71208361	0.746451805	0.839535161	0.872437425	0.134262552
344	1.71723631	0.74641113	0.84103731	0.869875745	0.134908153
345	1.71367016	0.747324655	0.836207111	0.873916051	0.135120842
346	1.70468878	0.749633265	0.825314985	0.883027841	0.135249292
347	1.69327188	0.752587851	0.814327431	0.892219462	0.135367373
348	1.68239871	0.755439044	0.809212048	0.896498727	0.135548869
349	1.67051699	0.758645109	0.809959424	0.894564849	0.135893776
350	1.65664928	0.762443	0.811648043	0.890201456	0.136392277
351	1.64510059	0.765626195	0.813351457	0.885799835	0.13694818
352	1.64017717	0.766987839	0.814144501	0.88375061	0.137465276
353	1.64526889	0.765917464	0.814038612	0.884965174	0.137916734
354	1.6567529	0.763503099	0.813799147	0.887939158	0.138354519
355	1.66833752	0.761067581	0.813557149	0.891527814	0.138795637
356	1.67373088	0.759933697	0.813443458	0.894586638	0.139257081
357	1.66892112	0.761010861	0.813441871	0.897249592	0.139741429
358	1.65807241	0.76344042	0.813440755	0.900026231	0.14024157
359	1.64712866	0.765891264	0.81344008	0.90221768	0.140761157
360	1.64203367	0.767032283	0.81343985	0.903124745	0.141303847
361	1.6536427	0.765313537	0.814447859	0.900695771	0.141860611
362	1.67982224	0.761266696	0.816968046	0.894974046	0.142435012
363	1.70623115	0.756755177	0.820132435	0.888587713	0.143051162
364	1.71852612	0.753642591	0.823072749	0.884165414	0.143733179
365	1.7097909	0.7521472	0.826122385	0.881707386	0.144644428
366	1.69008642	0.751012103	0.829587381	0.879535456	0.145745697
367	1.6702093	0.750015697	0.832438523	0.877980793	0.146738512
368	1.66095528	0.748936725	0.833646273	0.877375164	0.147324347
369	1.66673968	0.747823774	0.831305887	0.880199649	0.147538872
370	1.68146534	0.746764002	0.825810208	0.886733007	0.147675971
371	1.70053777	0.745568166	0.819718547	0.893736942	0.147797537
372	1.71936351	0.744046957	0.815590597	0.89797244	0.147965386
373	1.74162916	0.741156758	0.813419324	0.899544208	0.148203272
374	1.768707	0.737014452	0.811528545	0.90082022	0.148493598
375	1.79165456	0.73328434	0.810188485	0.901679398	0.148838936
376	1.80152701	0.731631029	0.809669951	0.901999915	0.149241868
377	1.77964199	0.734352647	0.81096909	0.900408526	0.149782789
378	1.73028912	0.740490455	0.81406377	0.89658437	0.15047855
379	1.68050386	0.746682037	0.817600759	0.892133846	0.151227156
380	1.65732576	0.749564599	0.82022656	0.888663755	0.151926586
381	1.66475418	0.74829944	0.821943971	0.886142557	0.152541534
382	1.68152422	0.745444816	0.823539277	0.883709099	0.153129702
383	1.6984533	0.742565182	0.824718623	0.881868235	0.153724217
384	1.70636342	0.741224535	0.825187841	0.881125206	0.154358193
385	1.70640896	0.742320795	0.825176179	0.88213052	0.155106775
386	1.70643993	0.744793548	0.825140596	0.884397773	0.155937551
387	1.70645862	0.747287966	0.825082073	0.88668489	0.156715524
388	1.70646499	0.748449271	0.825001464	0.887749683	0.157305681
389	1.70483146	0.748366575	0.823800388	0.887131771	0.157674212
390	1.70073031	0.748179332	0.821216257	0.885631602	0.157945922
391	1.69554214	0.747990448	0.818632918	0.883851192	0.158217511
392	1.69064803	0.747902511	0.817434566	0.882392429	0.158585665
393	1.68540803	0.749269646	0.817651815	0.881219256	0.159235395
394	1.67935637	0.752352329	0.81814247	0.880038712	0.160130362
395	1.67434009	0.755462021	0.818637424	0.879124408	0.161021105
396	1.67220683	0.756909774	0.818867856	0.878750104	0.161658125
397	1.67351646	0.753897509	0.818151055	0.880931788	0.161998521
398	1.67647078	0.747104462	0.816534654	0.885851299	0.162239769
399	1.67945098	0.7402519	0.81490409	0.890813911	0.162478248
400	1.68083845	0.737061611	0.814144963	0.893124313	0.162810301
401	1.68035801	0.737112231	0.815820841	0.892423033	0.16337738
402	1.6792738	0.737264244	0.819600132	0.890840234	0.164159377
403	1.67818008	0.737507471	0.823412534	0.889243568	0.165001905
404	1.67767089	0.737832673	0.825187442	0.888500221	0.165750553
405	1.68220805	0.739273539	0.823799179	0.888746637	0.166370013
406	1.69243881	0.742305772	0.820667723	0.889302756	0.16694728
407	1.70275921	0.745966162	0.817508832	0.889863747	0.16750255
408	1.70756399	0.749291182	0.816038173	0.890124922	0.168055992
409	1.69620797	0.752585961	0.816351126	0.887982188	0.168579977
410	1.67059913	0.756205901	0.817214072	0.883088827	0.169073385
411	1.64476591	0.759138226	0.81847777	0.877997307	0.169601529
412	1.63273897	0.760369822	0.819993328	0.875260695	0.170229738
413	1.63471912	0.758738501	0.823335229	0.874689248	0.171061273
414	1.63919205	0.755059401	0.828714771	0.874253586	0.17207969
415	1.64370416	0.751348067	0.833734292	0.873974907	0.173164109
416	1.64580483	0.749620213	0.835995578	0.873875026	0.174193627
417	1.64094545	0.751052798	0.83577407	0.873995757	0.175221974
418	1.62998707	0.754284159	0.835149654	0.874335695	0.176289979
419	1.61893268	0.757543831	0.8342092	0.874848788	0.177239749
420	1.61378618	0.759061409	0.833038977	0.875488981	0.177913346
421	1.62637531	0.758895758	0.830395562	0.87689511	0.17835456
422	1.65476482	0.758521228	0.82584064	0.879334515	0.178719927
423	1.68340305	0.758143417	0.820819565	0.882126949	0.179003341
424	1.69673591	0.757967523	0.816778101	0.884591956	0.179198648
425	1.6890442	0.759043382	0.813568618	0.886914765	0.179315644
426	1.67137098	0.761469354	0.810432885	0.889367323	0.179393733
427	1.65273562	0.763916581	0.808044072	0.891315459	0.1794703
428	1.64215592	0.765055916	0.80707574	0.892124772	0.179582731
429	1.63960536	0.76442678	0.80893298	0.890954395	0.179770342
430	1.63803708	0.763007435	0.813121302	0.888158918	0.180036238
431	1.63666574	0.761575654	0.817346319	0.884946563	0.180362423
432	1.63470799	0.760909072	0.819313325	0.882525687	0.180730896
433	1.63083278	0.761891356	0.819135601	0.88088946	0.181190884
434	1.62552289	0.764106664	0.818733549	0.879352069	0.181768033
435	1.62081397	0.766341381	0.818327974	0.878207527	0.182401732
436	1.61874191	0.767381779	0.818139154	0.877750126	0.183031347
437	1.62952338	0.765845255	0.819073033	0.877789584	0.183685891
438	1.65383485	0.762114596	0.821178876	0.877908545	0.184386006
439	1.67835932	0.757683657	0.823303169	0.878103278	0.185049406
440	1.68977697	0.754046454	0.824292159	0.878370166	0.185593782
441	1.68344585	0.75111034	0.82260962	0.881523039	0.185978568
442	1.66885401	0.748150981	0.818815157	0.888222446	0.186280172
443	1.65335775	0.745856993	0.81498745	0.894903165	0.186590436
444	1.64431196	0.744917376	0.813205417	0.897999081	0.187001195
445	1.64139057	0.745767539	0.815415918	0.89782086	0.187658897
446	1.63906531	0.747685083	0.820401366	0.897329675	0.188543626
447	1.63752382	0.749619428	0.825430492	0.896614695	0.189488222
448	1.6369555	0.750519984	0.82777186	0.895764219	0.190325502
449	1.64253137	0.749302028	0.826564227	0.893962274	0.190996179
450	1.65510423	0.746555168	0.823839679	0.891102676	0.191601677
451	1.66778724	0.743784242	0.82109126	0.88844531	0.192209062
452	1.67369197	0.742494205	0.819811701	0.88725035	0.192885385
453	1.66339682	0.743231405	0.820877003	0.887515609	0.19371567
454	1.64017211	0.745124808	0.823279909	0.888114506	0.194656093
455	1.61672591	0.747614096	0.825703869	0.88871865	0.195575528
456	1.60576775	0.750139116	0.826832371	0.888999916	0.196342834
457	1.60570027	0.753278729	0.825802821	0.888641719	0.196913467
458	1.60565422	0.757205275	0.823480628	0.887659351	0.197389402
459	1.60562643	0.760625959	0.82113809	0.88622939	0.197854231
460	1.60561695	0.762247654	0.820047494	0.884528438	0.198391531
461	1.61178572	0.762463417	0.821077055	0.880924548	0.199071653
462	1.62569512	0.762622238	0.823399248	0.875205352	0.199849589
463	1.63972637	0.762720733	0.825741787	0.869890619	0.200634406
464	1.64625878	0.762755128	0.826832382	0.8675007	0.201335164
465	1.64622944	0.761733577	0.826633957	0.869776649	0.20193235
466	1.64613536	0.759430159	0.826100971	0.874910051	0.202482486
467	1.64598126	0.757106559	0.82534989	0.880088429	0.203003437
468	1.64576989	0.756024781	0.824496916	0.882499283	0.203513052
469	1.64349608	0.756794278	0.82300378	0.881760089	0.204002353
470	1.63853049	0.758530071	0.820807233	0.880091733	0.204467015
471	1.63317216	0.760281072	0.818812443	0.87840876	0.204934645
472	1.62972076	0.761096271	0.817924787	0.877625233	0.205432855
473	1.62835012	0.760279321	0.818066293	0.87808033	0.205970634
474	1.62739129	0.758411183	0.818461419	0.87910701	0.206535654
475	1.62654607	0.756462467	0.819049863	0.880142686	0.20712489
476	1.6255167	0.755403796	0.81977154	0.880624857	0.207735322
477	1.62437924	0.755166883	0.821569416	0.880036866	0.208415909
478	1.62322431	0.754985292	0.824582344	0.878710737	0.209156606
479	1.62173925	0.754868602	0.827425072	0.877372989	0.209859296
480	1.61961135	0.754826623	0.828712028	0.876750185	0.210425842
481	1.61227523	0.758373796	0.826036964	0.876757793	0.21084117
482	1.59920889	0.766372011	0.82000436	0.876781372	0.211187073
483	1.58668445	0.774440301	0.813918903	0.876820272	0.211504815
484	1.58097545	0.778196585	0.811085749	0.876874022	0.211835648
485	1.58296787	0.775161273	0.81261917	0.877838896	0.212168992
486	1.58772602	0.768314709	0.81607864	0.879931639	0.212488961
487	1.59318448	0.76140816	0.819568419	0.882027067	0.212833867
488	1.59727889	0.758192738	0.821193126	0.882999711	0.213242031
489	1.59945025	0.759963192	0.82098381	0.882392894	0.213746454
490	1.60103944	0.76395738	0.820510754	0.881023986	0.214347557
491	1.60272849	0.767986563	0.820033553	0.879643085	0.21503453
492	1.60519917	0.769862396	0.819811387	0.879000191	0.215796564
493	1.61138905	0.766387713	0.821697224	0.879720939	0.216697851
494	1.62113592	0.758551716	0.825949571	0.881346516	0.217758488
495	1.63017297	0.750647066	0.830239174	0.882986336	0.218893012
496	1.6342326	0.746966965	0.832236248	0.883749773	0.220015937
497	1.62291783	0.74829357	0.831138537	0.883504174	0.221177573
498	1.59740254	0.751556314	0.828466534	0.882847483	0.222403428
499	1.5716637	0.755524392	0.825279257	0.881927458	0.223556743
500	1.55968069	0.758967693	0.822635466	0.880891697	0.224500719
501	1.56516368	0.76167509	0.820455941	0.879318167	0.225209583
502	1.57753482	0.764283471	0.81823883	0.877083334	0.22580271
503	1.59001435	0.76675417	0.816511623	0.874846297	0.226353524
504	1.59582434	0.769048301	0.815802085	0.873266329	0.226935427
505	1.59497185	0.771483993	0.816834195	0.872267295	0.227636063
506	1.59295572	0.774013857	0.819161849	0.871382212	0.228397344
507	1.59069544	0.77600646	0.821509897	0.870747579	0.229069129
508	1.58910903	0.776830253	0.822603058	0.870500067	0.229501261
509	1.58841273	0.776550295	0.820463676	0.872586928	0.229713897
510	1.58796933	0.775870609	0.815639049	0.877292547	0.229864016
511	1.58746571	0.775064444	0.810772153	0.882039394	0.229993107
512	1.58658884	0.774404902	0.808506313	0.884249342	0.230142626
513	1.58048223	0.774016175	0.809155779	0.882902983	0.230306353
514	1.56830767	0.773725318	0.810790516	0.87986572	0.230468028
515	1.55632765	0.773367314	0.812864175	0.876801846	0.230658532
516	1.55080615	0.772777165	0.814830889	0.875375424	0.23090876
517	1.56118222	0.768411446	0.816960961	0.878372587	0.231344341
518	1.58458195	0.759605955	0.819435634	0.885131568	0.231986214
519	1.60818668	0.750919444	0.821492311	0.891949765	0.232696308
520	1.61917614	0.746911761	0.822368172	0.895124056	0.233336518
521	1.6188232	0.750260435	0.822041493	0.892518179	0.233922751
522	1.61776978	0.757999534	0.821213738	0.886634216	0.234516387
523	1.61607769	0.766273826	0.82015084	0.880683391	0.235033348
524	1.61380556	0.771228219	0.819118581	0.877876809	0.235389519
525	1.59892965	0.772900659	0.817941427	0.877821316	0.235581271
526	1.56883836	0.774160361	0.816536761	0.877781978	0.235708278
527	1.53913523	0.775081426	0.81535577	0.877758151	0.235835895
528	1.52542763	0.775737095	0.814849769	0.877750002	0.236029467
529	1.52977241	0.776268499	0.815669845	0.87784486	0.236435075
530	1.54017009	0.776730244	0.817519285	0.878058752	0.237058255
531	1.55214775	0.777056956	0.819384929	0.878274518	0.23774211
532	1.56123518	0.777183233	0.820253501	0.87837497	0.238329714
533	1.56746691	0.776737162	0.820121572	0.87636396	0.238831814
534	1.57335277	0.775731282	0.819762275	0.871829455	0.239325594
535	1.57774846	0.774716589	0.819245785	0.867255221	0.239738756
536	1.57950861	0.774244187	0.818642057	0.865125634	0.239998961
537	1.57490297	0.77631152	0.81745911	0.867595852	0.240115498
538	1.56451705	0.780973274	0.815636402	0.873185129	0.240184098
539	1.55404013	0.78567587	0.813957238	0.878868612	0.240256078
540	1.54916248	0.787865218	0.813205107	0.881621303	0.240382738
541	1.55721855	0.78378692	0.815594227	0.881784477	0.240868715
542	1.57668868	0.774365297	0.820981727	0.881902645	0.241804906
543	1.5996045	0.764296714	0.826416428	0.881975005	0.242891691
544	1.61799661	0.758278158	0.828946616	0.881999994	0.243829367
545	1.6321811	0.75613968	0.827976277	0.882	0.2445592
546	1.64620374	0.754414991	0.82569799	0.882	0.24524275
547	1.65695784	0.753259648	0.823176715	0.882	0.245892182
548	1.66133475	0.752830299	0.821476961	0.882	0.246519614
549	1.65362247	0.754925187	0.820594893	0.880842704	0.247118274
550	1.63623001	0.75964901	0.819829382	0.878233224	0.247686942
551	1.61868517	0.76441422	0.819288111	0.875600882	0.248248065
552	1.61051697	0.766632718	0.819079004	0.874375365	0.248824097
553	1.61382277	0.764604769	0.820085014	0.875323279	0.249405376
554	1.62128217	0.759906715	0.822353498	0.877634977	0.249984642
555	1.62880693	0.754855759	0.824641858	0.880403394	0.250591192
556	1.63231017	0.751769076	0.82570723	0.882721539	0.251254332
557	1.63126223	0.750579634	0.825220747	0.884669169	0.252052596
558	1.62848699	0.749608158	0.824035693	0.886667214	0.252961749
559	1.62465612	0.748950981	0.82262037	0.888230803	0.253849567
560	1.62044056	0.748704972	0.821442913	0.88887482	0.254583809
561	1.61380293	0.752621015	0.820466451	0.886920695	0.255112921
562	1.60449103	0.761451084	0.819470534	0.882442838	0.255542795
563	1.59616549	0.770358515	0.818693584	0.877746454	0.255973164
564	1.59248776	0.774505472	0.818374149	0.875137184	0.256503752
565	1.59565479	0.773005294	0.819773483	0.874471873	0.257261528
566	1.60279824	0.769331375	0.82292891	0.87395605	0.258200775
567	1.61000428	0.764899492	0.826111983	0.873621369	0.259155304
568	1.61335913	0.761124648	0.827593899	0.873500031	0.259958905
569	1.61092809	0.757843057	0.82565999	0.87393232	0.260574092
570	1.60544432	0.754423647	0.821298407	0.875011251	0.26111124
571	1.5999125	0.751725824	0.816898609	0.87636158	0.261616737
572	1.5973371	0.750609385	0.814850234	0.877607962	0.262136947
573	1.60107328	0.750642418	0.81514716	0.878882894	0.262690552
574	1.60949938	0.750739564	0.815907296	0.880321265	0.263251058
575	1.6179993	0.750892785	0.816898602	0.881500993	0.263798718
576	1.62195653	0.751094351	0.817889556	0.881999858	0.264313791
577	1.61660069	0.751940604	0.81909636	0.881709836	0.264781297
578	1.60452164	0.753593236	0.820586445	0.881027984	0.265217534
579	1.59233676	0.755322071	0.821857105	0.88027076	0.26564996
580	1.58666395	0.756396746	0.822405503	0.879754569	0.266106034
581	1.58944102	0.756758555	0.82198357	0.87947883	0.266624556
582	1.59570658	0.756972732	0.820948991	0.879237757	0.26718339
583	1.60202704	0.757193293	0.81969695	0.879066434	0.267715981
584	1.6049696	0.757574111	0.818622602	0.879000018	0.268155769
585	1.59916914	0.75887695	0.817674697	0.880309073	0.268464661
586	1.58514722	0.761268907	0.816680142	0.88326078	0.268704344
587	1.56863537	0.763937141	0.815892671	0.886238347	0.268957515
588	1.55536599	0.766068614	0.815566129	0.887624588	0.269306874
589	1.54510538	0.767605382	0.816919436	0.885765737	0.269980082
590	1.53495081	0.769011357	0.819971088	0.881573458	0.27096117
591	1.5271584	0.770193997	0.823049477	0.877344449	0.271947105
592	1.52398574	0.771060592	0.824482656	0.875375586	0.272634799
593	1.52865581	0.77158689	0.822557346	0.876608185	0.273006463
594	1.53918789	0.771940145	0.818215182	0.879388778	0.273292018
595	1.54981225	0.772312753	0.813834975	0.882193733	0.273537628
596	1.55475855	0.772897101	0.81179572	0.883499611	0.273789399
597	1.55171551	0.774677337	0.812010688	0.882521107	0.274039839
598	1.54485072	0.777662209	0.812553838	0.880207814	0.274270584
599	1.53792579	0.78047883	0.813245304	0.877607419	0.274516484
600	1.53470181	0.78175404	0.813905764	0.875767525	0.274812406
601	1.53828243	0.781386749	0.814489009	0.874689714	0.275183307
602	1.54635819	0.780557735	0.81509381	0.873723004	0.275628424
603	1.55450471	0.779721458	0.815748615	0.873024131	0.276144403
604	1.55829742	0.779332119	0.816481843	0.872750075	0.276727889
605	1.55413612	0.779845256	0.817538988	0.873042817	0.27752869
606	1.54474241	0.781042271	0.818862509	0.873708832	0.278541799
607	1.53524566	0.782349715	0.819997401	0.874395197	0.279512692
608	1.53077544	0.783194092	0.820488581	0.874748971	0.280186797
609	1.53071538	0.783499815	0.819312017	0.874790789	0.28055773
610	1.53068838	0.783685492	0.816658776	0.874811258	0.280837746
611	1.53066198	0.783881488	0.813982289	0.874831871	0.281080899
612	1.53060502	0.784218063	0.81273622	0.874874034	0.281341188
613	1.52825976	0.785705664	0.812765936	0.875573015	0.281611659
614	1.52308474	0.788444923	0.812855867	0.877066888	0.28186957
615	1.51788575	0.791092018	0.813002152	0.878558323	0.282150905
616	1.51546927	0.792302831	0.813201292	0.879249795	0.282491665
617	1.51632362	0.791280862	0.815049493	0.876100636	0.28294909
618	1.51864803	0.788647678	0.818912181	0.868999429	0.283521854
619	1.52198988	0.785166272	0.822751173	0.861836006	0.28415458
620	1.52589707	0.78159958	0.824527775	0.858500992	0.284791885
621	1.53356001	0.776991623	0.824383139	0.860207486	0.285440285
622	1.54537156	0.77112599	0.823976823	0.864057539	0.286125688
623	1.5562541	0.766063417	0.823368224	0.867941322	0.286816127
624	1.56112886	0.763865152	0.822616252	0.869749462	0.287479615
625	1.54997453	0.768653856	0.820655049	0.869674112	0.288144753
626	1.52482046	0.779452886	0.817322473	0.869502998	0.288819136
627	1.49944601	0.790346529	0.814166479	0.869330386	0.289432753
628	1.48763264	0.79541819	0.812735383	0.869250024	0.289915574
629	1.49820861	0.792669794	0.813170214	0.869932995	0.290269358
630	1.52206331	0.78646929	0.814187111	0.871473015	0.290562941
631	1.54612701	0.780214461	0.815302186	0.873026529	0.290821408
632	1.55733014	0.777302454	0.816031839	0.873749785	0.291069831
633	1.55337627	0.778243413	0.816380753	0.872972145	0.291299183
634	1.54445355	0.780367047	0.81667778	0.871218232	0.291503155
635	1.53545266	0.782509287	0.816884971	0.869448953	0.291714342
636	1.53126219	0.783506631	0.816964264	0.868625245	0.29196535
637	1.53338141	0.782069942	0.816964286	0.870161738	0.292279112
638	1.53816264	0.778829817	0.816964286	0.873626785	0.292647966
639	1.54298576	0.775561304	0.816964286	0.87712219	0.293058845
640	1.54523122	0.77403961	0.816964286	0.878749516	0.29349868
641	1.5408741	0.774777869	0.818148123	0.876264659	0.293983196
642	1.53062673	0.77655295	0.820817446	0.870660694	0.294522928
643	1.51922952	0.778618846	0.823510156	0.865007631	0.295094046
644	1.5114236	0.780229774	0.824763778	0.862375783	0.295672709
645	1.50720332	0.78140041	0.823335256	0.865752029	0.296286338
646	1.50350196	0.782530387	0.82009175	0.873366576	0.29693925
647	1.50086586	0.783385228	0.816765431	0.881047837	0.297567309
648	1.49984243	0.783730278	0.815088546	0.884623936	0.298106365
649	1.51080362	0.781046999	0.814891149	0.884148019	0.298558726
650	1.53551959	0.77499651	0.814745284	0.882982192	0.298969596
651	1.56045211	0.76889301	0.814654469	0.881578935	0.299333611
652	1.57205973	0.766051455	0.81462265	0.880389811	0.299645392
653	1.56600419	0.767074408	0.815007182	0.879397274	0.299882878
654	1.55234232	0.769382874	0.815954421	0.878388795	0.300068504
655	1.53856076	0.771711565	0.817111629	0.877565283	0.300266368
656	1.53214459	0.772795714	0.818125964	0.877127764	0.300540576
657	1.54003038	0.772736622	0.818851832	0.877007542	0.300993766
658	1.55781559	0.772572209	0.819494476	0.87694606	0.301640687
659	1.57575663	0.772329779	0.820215238	0.876881703	0.302407655
660	1.58410929	0.772036327	0.821175429	0.876752919	0.303220971
661	1.57826857	0.771357422	0.823196648	0.874010207	0.304201604
662	1.56509328	0.770246483	0.826211778	0.868074193	0.305372921
663	1.55180255	0.769205108	0.828962014	0.862133069	0.306493149
664	1.5456149	0.768735009	0.830188322	0.859375819	0.307320453
665	1.54578214	0.770680743	0.827682261	0.862391559	0.307821487
666	1.54625866	0.77506831	0.822030772	0.869193318	0.30820009
667	1.54697905	0.779494317	0.816329769	0.876054669	0.308555259
668	1.54787971	0.781554896	0.813675602	0.87924905	0.308985954
669	1.55042213	0.778870153	0.815457901	0.879079251	0.309560799
670	1.55484056	0.772815194	0.819478424	0.878694246	0.310230622
671	1.5590495	0.766707186	0.823534171	0.878305868	0.310917848
672	1.56096292	0.763863533	0.825422371	0.878125054	0.3115449
673	1.55569119	0.764776697	0.824415665	0.878694162	0.312120806
674	1.54380319	0.766837613	0.82203569	0.879977513	0.312683151
675	1.53181103	0.768916585	0.819361225	0.881272107	0.31318929
676	1.52622795	0.769884475	0.817470804	0.881874821	0.313596554
677	1.5334552	0.769273563	0.816366021	0.881085918	0.313881651
678	1.54975499	0.767880943	0.815375812	0.879098601	0.31409853
679	1.5661976	0.766439689	0.81466028	0.876570429	0.314320335
680	1.57385264	0.765682778	0.814379776	0.874159023	0.314620209
681	1.57295068	0.765549427	0.816134798	0.871515366	0.31512298
682	1.57048404	0.765448918	0.820092205	0.86842463	0.315813598
683	1.56691973	0.765385256	0.824084285	0.865848844	0.316546874
684	1.56272277	0.765362623	0.825942843	0.864750313	0.317177597
685	1.55423431	0.767675464	0.824675245	0.866078045	0.317677414
686	1.5409943	0.772988529	0.821688267	0.86907253	0.318131836
687	1.52875255	0.778594764	0.81835429	0.87209325	0.318557609
688	1.52326018	0.781786395	0.816045537	0.873499582	0.318971459
689	1.52898694	0.782707556	0.814762138	0.87285495	0.319360374
690	1.54190329	0.783430917	0.813628087	0.871400485	0.319721986
691	1.55493281	0.783905238	0.812816319	0.869933278	0.320092191
692	1.56099885	0.784078639	0.812500086	0.869250203	0.320506894
693	1.55464156	0.782649985	0.813108538	0.869553553	0.321014037
694	1.54030301	0.77934969	0.814480674	0.870238007	0.321592642
695	1.52583884	0.775822127	0.815864832	0.870928457	0.322172372
696	1.51910488	0.773712069	0.816509242	0.871249904	0.322682882
697	1.53184717	0.772960382	0.816435823	0.870589211	0.323076964
698	1.56058307	0.77235391	0.816269843	0.86907713	0.323409149
699	1.58957074	0.771947522	0.81610241	0.867496132	0.323761864
700	1.60306628	0.771796466	0.816024459	0.8666288	0.324217538
701	1.58989275	0.773055803	0.816987304	0.866422901	0.324951893
702	1.56017992	0.775895454	0.819158386	0.866264299	0.325944372
703	1.53020678	0.778759983	0.82134849	0.866161953	0.326968975
704	1.51625244	0.780093598	0.822368118	0.86612501	0.327799664
705	1.5218662	0.779502694	0.821825619	0.868496509	0.328405421
706	1.53453351	0.778169424	0.820453983	0.873843803	0.328932608
707	1.5473118	0.776824473	0.81869874	0.879237947	0.329406201
708	1.55326087	0.776198315	0.817005279	0.881749253	0.329851136
709	1.55088114	0.777878575	0.815429327	0.880535787	0.330308758
710	1.54456347	0.781976747	0.813737435	0.877797973	0.330761938
711	1.53580622	0.786888325	0.811972889	0.875036171	0.331144856
712	1.52610667	0.791008478	0.810179062	0.873750383	0.331391684
713	1.5105154	0.794482631	0.808000068	0.87430019	0.331508589
714	1.48843273	0.798052529	0.805513665	0.875540762	0.331580331
715	1.46862546	0.800848596	0.803463808	0.876792204	0.331653725
716	1.45986244	0.802000827	0.802594587	0.877374827	0.331775571
717	1.47749028	0.79396868	0.805631244	0.877033503	0.332199735
718	1.5172434	0.775857012	0.812478876	0.876263492	0.332935376
719	1.55734481	0.757586664	0.819386502	0.875486736	0.333635762
720	1.57601448	0.749080693	0.822602427	0.875125108	0.333954092
721	1.56138038	0.757190448	0.820107058	0.875181916	0.333954185
722	1.52837079	0.775482086	0.814478327	0.875310251	0.333954185
723	1.495072	0.793933983	0.808800281	0.875439711	0.333954185
724	1.47956936	0.802524475	0.806156802	0.875499982	0.333954185
725	1.48603466	0.798507628	0.809016091	0.874835977	0.334198401
726	1.50137544	0.78944465	0.815465008	0.873338735	0.33479531
727	1.5187432	0.78030227	0.821970427	0.871828375	0.335513783
728	1.53129205	0.776045929	0.824999099	0.871125209	0.336122619
729	1.53901343	0.776082737	0.824534938	0.871883883	0.33656777
730	1.54604351	0.776193263	0.8233491	0.873595017	0.336975868
731	1.5511754	0.776366828	0.821807721	0.875321143	0.337373525
732	1.55320068	0.776594008	0.820276176	0.876124761	0.337787321
733	1.5513748	0.777579509	0.818437054	0.875650698	0.338204253
734	1.54725654	0.779461312	0.816182722	0.874581239	0.338616222
735	1.5431022	0.781295327	0.814266046	0.873502411	0.339061206
736	1.5411681	0.782137238	0.813440086	0.873000149	0.339577193
737	1.5462206	0.778604267	0.816125115	0.873664023	0.340241633
738	1.55761431	0.770637537	0.82217987	0.875161265	0.341042732
739	1.56910785	0.762601008	0.828287672	0.876671625	0.341878533
740	1.5744588	0.75885951	0.831131229	0.877374791	0.342647065
741	1.5653742	0.761357946	0.829267031	0.874434329	0.34332057
742	1.54488657	0.767137124	0.825061717	0.867803684	0.343957349
743	1.52421946	0.773327095	0.820819558	0.861114945	0.344579233
744	1.51459764	0.777058241	0.818844573	0.858000927	0.34520804
745	1.51502467	0.778426394	0.819063374	0.858547462	0.345851037
746	1.51620626	0.77953505	0.819615243	0.859956688	0.346496185
747	1.51793215	0.780280471	0.820315807	0.861817974	0.34713733
748	1.51999482	0.780558253	0.820981215	0.863721456	0.347768316
749	1.52446529	0.779526299	0.821704155	0.866169808	0.348394806
750	1.53161783	0.777199279	0.822545414	0.869279361	0.349018281
751	1.53828013	0.77485187	0.823245076	0.871960831	0.34962505
752	1.54127917	0.773759007	0.823543148	0.873124665	0.350201414
753	1.53734926	0.776043792	0.821724482	0.872769554	0.350738676
754	1.52848609	0.781196272	0.817623549	0.871883822	0.351248246
755	1.51954526	0.786393895	0.813486687	0.870778349	0.351746582
756	1.51538276	0.788813709	0.811560723	0.86976379	0.35225014
757	1.51665564	0.786328382	0.813098856	0.868738188	0.352788307
758	1.51952854	0.780722826	0.816568339	0.867588036	0.353345248
759	1.5224266	0.775068158	0.820068219	0.866647314	0.353867208
760	1.52377583	0.772435563	0.821697628	0.866250113	0.354300427
761	1.52352566	0.775405114	0.82116794	0.866543436	0.354629592
762	1.5228003	0.78231589	0.819813798	0.867220712	0.354904095
763	1.52166514	0.789823622	0.818048577	0.867943247	0.355164981
764	1.52018525	0.794583901	0.816285324	0.86837237	0.355453292
765	1.5140715	0.796656323	0.814141812	0.868488991	0.355849278
766	1.50249811	0.798386393	0.811497579	0.868553388	0.356313569
767	1.49124109	0.799576166	0.809243569	0.868621002	0.35670098
768	1.48607784	0.800026928	0.808270956	0.868747204	0.356866313
769	1.49251966	0.796758155	0.808562613	0.869702079	0.356827505
770	1.50704815	0.789387431	0.809274295	0.871617357	0.356739894
771	1.52170394	0.781952129	0.810126595	0.873504501	0.356651516
772	1.52852711	0.778490539	0.810840294	0.874374742	0.35661037
773	1.51805599	0.780486142	0.81130314	0.8722691	0.35681512
774	1.49444106	0.784988161	0.811683377	0.867520702	0.35733383
775	1.47061923	0.789529624	0.812112759	0.862730703	0.358000493
776	1.4595287	0.791643955	0.812723015	0.860500663	0.358649056
777	1.4709468	0.789865577	0.814129319	0.862359263	0.359278265
778	1.49669985	0.785854262	0.816358651	0.866551542	0.35997151
779	1.52267854	0.781807802	0.818598241	0.870780551	0.360675388
780	1.53477321	0.779923927	0.82003515	0.872749414	0.361336462
781	1.53216624	0.780179156	0.820741374	0.871118402	0.361963351
782	1.52559488	0.780890454	0.821333985	0.867439463	0.362580479
783	1.51724278	0.781946414	0.821743056	0.863728292	0.363152339
784	1.50929079	0.78323612	0.821898455	0.862000514	0.363643409
785	1.50060672	0.786372264	0.820792981	0.862	0.364021642
786	1.49047447	0.791588119	0.818300257	0.862	0.36432999
787	1.48203778	0.796499223	0.815785694	0.862	0.364646902
788	1.47844134	0.798720566	0.81461501	0.862	0.365050828
789	1.48852115	0.795418096	0.815713392	0.863441877	0.365621839
790	1.5112515	0.787970194	0.81829355	0.866693033	0.366345631
791	1.534181	0.780457039	0.82115473	0.869972672	0.367156643
792	1.54485608	0.776959204	0.823096187	0.871499546	0.367989311
793	1.53686761	0.778428787	0.824026667	0.869963262	0.368882811
794	1.51884797	0.781744762	0.824757912	0.866498215	0.369863297
795	1.50067046	0.785089788	0.825355457	0.86300281	0.370834966
796	1.49220771	0.786647104	0.825884595	0.861375484	0.371701981
797	1.50993881	0.782843127	0.826431519	0.862141169	0.372445316
798	1.54992469	0.774264851	0.826965741	0.864007565	0.373127562
799	1.59026091	0.765611418	0.827372631	0.866239543	0.373769669
800	1.60903989	0.761582713	0.827537548	0.868102225	0.374392574
801	1.60170207	0.76273436	0.826282969	0.869656673	0.375099205
802	1.58380767	0.76571527	0.823151787	0.871246541	0.375853302
803	1.56239478	0.769681854	0.819232888	0.872488708	0.376455509
804	1.54449814	0.773791381	0.815615489	0.872999857	0.37670644
805	1.52951828	0.779252294	0.811914864	0.872877565	0.376667656
806	1.51417654	0.786304247	0.807739626	0.872575532	0.376580045
807	1.50218146	0.792424356	0.804315086	0.872205537	0.376491667
808	1.49724345	0.795089124	0.802866952	0.871879253	0.376450521
809	1.51051774	0.791188217	0.806583845	0.871648594	0.376764693
810	1.54045182	0.782390695	0.814965648	0.871447192	0.377523528
811	1.57064815	0.773516094	0.823420886	0.871212359	0.378415812
812	1.5847064	0.769384422	0.827357319	0.870881415	0.379130249
813	1.57452871	0.769589868	0.827002485	0.870023789	0.379608965
814	1.55027326	0.77018396	0.826022381	0.86863442	0.380030407
815	1.52254203	0.771105432	0.824587496	0.867335707	0.380418332
816	1.50193593	0.77229419	0.822867248	0.866750172	0.380796446
817	1.48843119	0.776671118	0.819080793	0.867527855	0.381155441
818	1.47587792	0.784773855	0.812989469	0.869281768	0.381488843
819	1.46659381	0.792613968	0.807306814	0.871051047	0.381827948
820	1.462899	0.79620207	0.804746991	0.871874755	0.382204067
821	1.47297104	0.794982474	0.806613807	0.871381726	0.382626967
822	1.49568383	0.791983554	0.810876829	0.870269489	0.38308599
823	1.51859562	0.788338106	0.815308056	0.869147507	0.383583438
824	1.52926247	0.785178236	0.817679648	0.868625155	0.384121618
825	1.52916572	0.782333236	0.818160697	0.868700888	0.384851824
826	1.52886578	0.779319561	0.818526664	0.868872002	0.385740682
827	1.52837541	0.77692176	0.818760337	0.869044614	0.386494239
828	1.52770426	0.775924709	0.818843963	0.869124976	0.386818495
829	1.52019266	0.779054258	0.817177649	0.867493402	0.386818588
830	1.50428506	0.786111418	0.813376802	0.863814463	0.386818588
831	1.48843256	0.793230408	0.809433025	0.860103292	0.386818588
832	1.48108835	0.796544736	0.807338426	0.858375514	0.386818588
833	1.4856585	0.7964178	0.806936134	0.860955202	0.386841868
834	1.4959682	0.796073885	0.806631242	0.866773058	0.38690273
835	1.50636824	0.795587409	0.8064372	0.872641887	0.386985183
836	1.5112101	0.795031839	0.806367942	0.875374187	0.387073224
837	1.51014908	0.794039173	0.807797895	0.874039232	0.387174079
838	1.50746514	0.792566035	0.811022202	0.871021287	0.387299988
839	1.50403245	0.791224495	0.814274758	0.867961694	0.38744029
840	1.50072405	0.79062676	0.815789023	0.866501402	0.387584318
841	1.49701414	0.792702877	0.814108929	0.86644655	0.387716569
842	1.4926257	0.797384514	0.810319624	0.866407189	0.387847464
843	1.4889498	0.802107167	0.806497121	0.866383231	0.388006336
844	1.4873779	0.804305853	0.804717511	0.866375002	0.388222516
845	1.49276071	0.800532813	0.806611497	0.86646472	0.388758362
846	1.50489893	0.792023862	0.810883264	0.866700373	0.389620273
847	1.51714349	0.783440362	0.815192457	0.867021986	0.390424324
848	1.52284409	0.779444215	0.817198651	0.867369559	0.390786512
849	1.51147442	0.784965837	0.815202188	0.867730844	0.390747763
850	1.4858342	0.79741871	0.810699203	0.868169794	0.390660152
851	1.45996933	0.809980686	0.806156766	0.868737809	0.390571774
852	1.44792764	0.815829058	0.804041983	0.869486284	0.390530628
853	1.46376247	0.810412021	0.80618429	0.87134684	0.390794932
854	1.49947503	0.798193724	0.8110162	0.874379215	0.391447242
855	1.53550048	0.785868379	0.815890442	0.877218532	0.392246957
856	1.55227255	0.780130173	0.818159702	0.878499624	0.392953409
857	1.53766561	0.782673602	0.817051632	0.875597273	0.39350933
858	1.50471855	0.78841239	0.814551626	0.869052185	0.394042185
859	1.47148282	0.794201458	0.812029716	0.862449753	0.394574678
860	1.45600955	0.796896625	0.810855612	0.859375915	0.395129474
861	1.46154971	0.796682153	0.812136488	0.860551268	0.395718037
862	1.47485792	0.796122415	0.815103464	0.863203527	0.396327915
863	1.49030979	0.795370787	0.818292796	0.865879022	0.39694644
864	1.50228381	0.794579903	0.820240686	0.867124629	0.397560945
865	1.5108723	0.793485534	0.820989753	0.86647995	0.398208585
866	1.5191209	0.792043205	0.821601346	0.865025485	0.398884653
867	1.52534273	0.790781866	0.822014965	0.863558278	0.399507738
868	1.52784959	0.790230592	0.82216977	0.862875203	0.39999641
869	1.52076907	0.790461091	0.820916131	0.86488604	0.400327452
870	1.50480232	0.791072567	0.818089325	0.869420545	0.400581973
871	1.48869568	0.791919283	0.815237752	0.873994779	0.400831786
872	1.48119705	0.792855592	0.813910169	0.876124366	0.401148692
873	1.48217018	0.794352845	0.813926423	0.87557856	0.401609601
874	1.48459697	0.796468429	0.813974687	0.874160894	0.402185624
875	1.48761741	0.798364503	0.814050352	0.872264062	0.402786798
876	1.49037342	0.799203037	0.814149197	0.870280288	0.403323154
877	1.49312635	0.798383362	0.814567782	0.867579188	0.403771094
878	1.49619502	0.796455573	0.8153637	0.864047926	0.404184021
879	1.49869787	0.794312092	0.816138654	0.860969044	0.404582749
880	1.49975303	0.792845351	0.816494256	0.859625388	0.404988077
881	1.49577823	0.792134736	0.816333359	0.860130777	0.405401265
882	1.48681516	0.791579608	0.815903531	0.86142763	0.405812438
883	1.47777357	0.791116576	0.815301905	0.863129319	0.406227372
884	1.47356415	0.79068242	0.814625554	0.864849452	0.406651842
885	1.48084313	0.790322378	0.813483192	0.867000253	0.407070406
886	1.4980784	0.790042777	0.811828696	0.869692415	0.407485172
887	1.51752672	0.789710331	0.810333703	0.872000719	0.407930775
888	1.53144383	0.789191719	0.809670004	0.872999713	0.408441859
889	1.53981742	0.787064073	0.81213209	0.872316688	0.409069239
890	1.54738845	0.783161171	0.817684051	0.870561998	0.40980556
891	1.55289056	0.779393034	0.823284656	0.868253743	0.410595195
892	1.55505561	0.77767011	0.825892081	0.865909941	0.411382507
893	1.53813631	0.783013349	0.824644695	0.862947347	0.412169424
894	1.49998524	0.795062466	0.821830329	0.859218251	0.412981728
895	1.46149991	0.80721715	0.818991306	0.856013784	0.41379443
896	1.44358263	0.812875902	0.817669566	0.854625399	0.414582533
897	1.46269427	0.806818589	0.818996599	0.856550845	0.415401192
898	1.50579936	0.793156722	0.821989688	0.861010414	0.416247127
899	1.5492821	0.77937516	0.825009001	0.865803772	0.416998314
900	1.56952599	0.772958996	0.826414676	0.868730377	0.417532704
901	1.5591273	0.778716537	0.824491015	0.869854527	0.417852649
902	1.53416383	0.791703783	0.820013265	0.870772193	0.418089111
903	1.5052013	0.804806823	0.815145831	0.871392719	0.418303726
904	1.48280258	0.81091183	0.812053294	0.871624939	0.418558102
905	1.46680458	0.810920801	0.810859138	0.870202095	0.418902204
906	1.4514644	0.810925924	0.810002766	0.866993718	0.419298664
907	1.43990441	0.810929012	0.809284381	0.863757232	0.419677145
908	1.43524947	0.810930063	0.808504622	0.862250448	0.419967302
909	1.44458736	0.808873052	0.807465025	0.863502157	0.420146551
910	1.46564542	0.804234888	0.806312888	0.866325528	0.420276955
911	1.48688797	0.799556087	0.805375786	0.869173636	0.420412448
912	1.49677768	0.797377818	0.804981315	0.870499605	0.420606961
913	1.48713233	0.799843765	0.806085527	0.86784391	0.420967643
914	1.46537729	0.805405459	0.808767867	0.86185494	0.421499697
915	1.44343164	0.81101588	0.811957433	0.855813499	0.422096377
916	1.43321459	0.813627877	0.814583102	0.853000837	0.422650918
917	1.44272623	0.810823044	0.816714858	0.854591116	0.423146108
918	1.46418	0.804496937	0.818868862	0.858292299	0.423636
919	1.48582172	0.798115404	0.820540836	0.862311476	0.424113563
920	1.49589728	0.795144409	0.821226224	0.864856073	0.424571744
921	1.49577561	0.79537824	0.820722171	0.865958781	0.424999426
922	1.49541078	0.796038086	0.819585198	0.866878504	0.425404467
923	1.49483216	0.797032253	0.818438263	0.867510579	0.425809152
924	1.49406616	0.798269865	0.817904294	0.867749936	0.426235766
925	1.49017558	0.801660803	0.817989632	0.866543263	0.426664347
926	1.48255768	0.807505413	0.818232291	0.863644948	0.427091831
927	1.47509112	0.813061024	0.81860255	0.860275107	0.427570456
928	1.47165546	0.815584325	0.819070824	0.857654166	0.42815247
929	1.47565001	0.813710723	0.82051267	0.855759803	0.429054611
930	1.48465923	0.809484438	0.823075811	0.853935043	0.430255915
931	1.49374738	0.805221125	0.825531478	0.852556269	0.431430011
932	1.49797847	0.803236291	0.826650614	0.852000154	0.432250468
933	1.49446357	0.803851541	0.824324853	0.8541059	0.432685969
934	1.48552616	0.805511624	0.819079968	0.858854298	0.433001805
935	1.47397194	0.807869148	0.813789131	0.863644297	0.433294366
936	1.46260641	0.810577136	0.811325921	0.865874337	0.433659979
937	1.44926906	0.815522559	0.811421292	0.864186486	0.43414094
938	1.43311512	0.822929284	0.811701407	0.860379212	0.434698862
939	1.41944829	0.829693757	0.812143503	0.856538582	0.435312454
940	1.41357368	0.832711717	0.812725526	0.854750532	0.435960437
941	1.43258275	0.826302112	0.815451068	0.855641687	0.436717375
942	1.47544831	0.811847706	0.820722	0.85765227	0.43758088
943	1.51868943	0.79726666	0.825873921	0.859680468	0.438402868
944	1.53882083	0.790478287	0.828241781	0.860624719	0.439035222
945	1.52410266	0.795915113	0.82642373	0.859600508	0.439446992
946	1.49090251	0.80817866	0.822322797	0.857290477	0.439765112
947	1.45741149	0.820549651	0.818185935	0.854960207	0.440070493
948	1.44181936	0.826309107	0.816259972	0.853875323	0.440444028
949	1.44398648	0.823909079	0.816977479	0.854220818	0.440975054
950	1.44888337	0.818493614	0.818596611	0.855059428	0.441618952
951	1.45382317	0.813030702	0.82022993	0.856053435	0.442251593
952	1.45612295	0.810487381	0.82099034	0.856865338	0.44274884
953	1.45490653	0.811664281	0.820272486	0.857514206	0.443078974
954	1.45199611	0.814439032	0.818653353	0.858165386	0.443339084
955	1.44864241	0.817538341	0.817020035	0.858668965	0.443592186
956	1.44609582	0.81968931	0.816259625	0.858874943	0.443901281
957	1.44434635	0.820891546	0.816473369	0.858474613	0.444338883
958	1.4426929	0.82195548	0.816955832	0.857491308	0.444871333
959	1.44145758	0.822717826	0.817442522	0.856296866	0.445398857
960	1.4409628	0.823015008	0.817669106	0.855263193	0.445821671
961	1.44162001	0.820940605	0.817349966	0.854335522	0.446104561
962	1.44343526	0.816005846	0.816630217	0.853354358	0.446325379
963	1.44610423	0.810380885	0.815904162	0.852574308	0.446550276
964	1.44932254	0.806236434	0.815566138	0.852250091	0.446845394
965	1.45661036	0.803570841	0.815743401	0.853521129	0.447310861
966	1.46845379	0.801108756	0.816200388	0.856387279	0.447928272
967	1.4795444	0.799295039	0.816804926	0.85927854	0.448579727
968	1.48457255	0.798575052	0.817424892	0.8606246	0.449147311
969	1.48460508	0.7993076	0.818227836	0.860188642	0.449589702
970	1.48461928	0.800996447	0.819251227	0.85920474	0.449980953
971	1.48463315	0.802792277	0.820134939	0.858212218	0.450371399
972	1.48466324	0.803845739	0.820518757	0.857750137	0.450811363
973	1.48632349	0.804116441	0.820291639	0.858736548	0.451418001
974	1.49000717	0.804262078	0.819649784	0.860961022	0.452143597
975	1.49371182	0.804417078	0.818676564	0.863204986	0.452780539
976	1.49543447	0.804715694	0.8174553	0.864249689	0.453121186
977	1.48555104	0.808513303	0.813914079	0.863339341	0.453207704
978	1.46326465	0.816508534	0.807715274	0.861285979	0.453256828
979	1.44078301	0.824466593	0.801799468	0.859214628	0.453302215
980	1.43031643	0.828151647	0.799107935	0.858250287	0.453377465
981	1.43364563	0.825772439	0.800960883	0.858363832	0.45356065
982	1.44115936	0.820405317	0.805140709	0.858620503	0.453851918
983	1.44873893	0.814991172	0.809357156	0.858879421	0.454161686
984	1.45226768	0.812470555	0.811320171	0.858999964	0.454400353
985	1.44942372	0.815177391	0.810037603	0.857956536	0.454538463
986	1.44300876	0.821282473	0.807144344	0.855603726	0.45463926
987	1.43653761	0.827441044	0.804225737	0.853230303	0.454748469
988	1.43352489	0.830308237	0.802866946	0.852125329	0.454911805
989	1.44477754	0.824651882	0.806361397	0.852141759	0.455256502
990	1.47015211	0.811895971	0.81424162	0.852190933	0.455809708
991	1.49574899	0.799028301	0.822190885	0.852269178	0.4564565
992	1.50766592	0.793037609	0.825891756	0.852373147	0.457081923
993	1.50529057	0.793141357	0.824468673	0.852933207	0.457667439
994	1.49934965	0.793447653	0.821257414	0.854039007	0.458272045
995	1.49190529	0.793928555	0.81801802	0.855124838	0.458889402
996	1.4850168	0.794557872	0.816509883	0.855624852	0.45951315
997	1.47908236	0.796265096	0.816711332	0.85526034	0.460142378
998	1.47304249	0.799712361	0.817466043	0.85420491	0.460780582
999	1.46689956	0.804371141	0.818980668	0.852553652	0.461427573
1000	1.46065628	0.809712639	0.821462264	0.850401606	0.462083161
