kimg	g_loss	d_loss	real_sign_proxy	fake_sign_proxy	ada_p
0	0.752086625	1.89484781	0.5	0.28125	0
1	3.97169966	1.38332109	0.659381955	0.533157075	0.00124722587
2	6.73654473	0.928237959	0.801011551	0.756891925	0.00261291224
3	8.65347219	0.586086603	0.904217478	0.91578714	0.00406897686
4	9.38396809	0.404770922	0.950988006	0.977358341	0.00560677974
5	9.24862317	0.329992239	0.961161362	0.976900706	0.00728098003
6	8.90079627	0.27181623	0.968715923	0.975831249	0.00909511894
7	8.44375526	0.233976076	0.973435228	0.974752418	0.0109563572
8	7.98061259	0.220230099	0.975093564	0.97425015	0.0127718353
9	7.43882278	0.22581741	0.974783492	0.97607129	0.0145332377
10	6.7774	0.239239227	0.973934776	0.980178002	0.0162857829
11	6.16499901	0.254829538	0.972704807	0.984320714	0.018009816
12	5.77032377	0.266924178	0.971250646	0.986249426	0.0196856628
13	5.55672765	0.275619159	0.968255662	0.984333852	0.0212889594
14	5.37742362	0.283977432	0.963552075	0.98001325	0.0228381278
15	5.25362275	0.29028528	0.959194348	0.975654772	0.0243791745
16	5.20658413	0.292827631	0.957237415	0.973625604	0.0259581099
17	5.26681834	0.288422237	0.958948578	0.975351428	0.0275851334
18	5.40266522	0.27848719	0.962808269	0.979244248	0.0292372405
19	5.53970301	0.268465047	0.966701796	0.983171195	0.0309133872
20	5.60350342	0.263799058	0.968514498	0.984999455	0.0326125368
21	5.60308813	0.271841755	0.967573203	0.983946908	0.0343659779
22	5.60176769	0.291453045	0.965061049	0.981210472	0.036166221
23	5.59957741	0.314941928	0.961549701	0.977539748	0.0379499139
24	5.59653374	0.334616341	0.957610555	0.973684103	0.0396536933
25	5.54573681	0.347267498	0.952621428	0.96965783	0.0413485047
26	5.41653184	0.357561869	0.945861108	0.964880599	0.043048258
27	5.23835435	0.369365962	0.937868548	0.959268411	0.0445893207
28	5.04065349	0.386545595	0.929183016	0.952737427	0.0458080204
29	4.7825402	0.426421628	0.91849502	0.944298249	0.0467173239
30	4.43556946	0.49187086	0.905566845	0.933669311	0.0474803673
31	4.05514113	0.563407255	0.892754926	0.921935569	0.0481448332
32	3.6966748	0.621540225	0.882416267	0.910182271	0.0487583665
33	3.31411823	0.668743736	0.875133317	0.897063081	0.0493793203
34	2.89498396	0.715092695	0.869149804	0.882427103	0.0499825214
35	2.55592468	0.750501687	0.863434154	0.869423081	0.050487239
36	2.41362249	0.76487989	0.856955116	0.86120049	0.0508127342
37	2.449041	0.760665827	0.848904775	0.857516627	0.0510083234
38	2.52899465	0.751154804	0.839892853	0.85511173	0.0511721877
39	2.60964913	0.741560413	0.831026735	0.852873334	0.0512851589
40	2.64719917	0.737093584	0.823413835	0.849689689	0.0513280367
41	2.62197962	0.753931618	0.817449603	0.843161039	0.0513094409
42	2.55567601	0.794197351	0.812307184	0.833932175	0.0512566029
43	2.46511442	0.840590952	0.807301601	0.825659775	0.0511759289
44	2.36711718	0.875808727	0.801747989	0.822001064	0.0510738191
45	2.22047081	0.899987196	0.794050219	0.825531893	0.0507776801
46	2.01963088	0.922833312	0.784912679	0.833636785	0.0502491356
47	1.84154837	0.939899618	0.777247474	0.842167557	0.0497169306
48	1.76319216	0.946734599	0.773967103	0.84697598	0.0494098667
49	1.82425157	0.944255966	0.775998859	0.848215357	0.0493275622
50	1.96872092	0.93866281	0.780582244	0.849106359	0.0492812101
51	2.13140907	0.933020628	0.785205805	0.849749109	0.0492351609
52	2.24712865	0.930393816	0.787358382	0.850242772	0.0491538143
53	2.31577365	0.932307407	0.784910505	0.850588923	0.0488928724
54	2.37757338	0.9367675	0.779389505	0.850814249	0.0484154346
55	2.42236015	0.941627652	0.773820112	0.851065883	0.0478603891
56	2.4399514	0.944741605	0.771227187	0.851490985	0.0473666599
57	2.38618829	0.946141437	0.771385848	0.853001928	0.0469684375
58	2.26495062	0.947317518	0.771844807	0.855984962	0.0465908872
59	2.14265024	0.948130121	0.772557987	0.85970936	0.046217151
60	2.08571126	0.948439027	0.773480039	0.863444155	0.0458303917
61	2.27659249	0.923454649	0.776952047	0.86797267	0.0454362138
62	2.70703613	0.867118851	0.783409051	0.873468943	0.0450403197
63	3.14125281	0.810289242	0.789663568	0.878123001	0.0446237939
64	3.34340963	0.783831269	0.792527349	0.880124426	0.0441677151
65	3.16489718	0.798721216	0.789013604	0.878307013	0.0436760976
66	2.74516084	0.836091847	0.779912646	0.873502434	0.0431480443
67	2.27876934	0.883294745	0.767773386	0.866881532	0.0425548707
68	1.96028671	0.927684892	0.755144925	0.859615106	0.0418678861
69	1.78940561	0.974901605	0.73818603	0.848268279	0.0409561958
70	1.63983503	1.02924843	0.716168842	0.832411262	0.0398238562
71	1.53345604	1.07422929	0.697022289	0.818252487	0.0386580174
72	1.49219385	1.09334312	0.68867722	0.812001815	0.0376458657
73	1.52205912	1.08966658	0.69522435	0.814273236	0.0367625447
74	1.58942553	1.08063212	0.710743717	0.819880048	0.035910786
75	1.65738243	1.06967662	0.728288855	0.82674605	0.0351884521
76	1.68902091	1.06023266	0.740913679	0.832796169	0.0346934583
77	1.67544851	1.05182325	0.748608044	0.838426205	0.0344211129
78	1.64482378	1.04296175	0.755592633	0.844485451	0.0342388428
79	1.61393061	1.03592986	0.760681577	0.849344779	0.0340598282
80	1.59954778	1.03301023	0.762687422	0.851374427	0.0337972683
81	1.60551799	1.03385458	0.759977712	0.849971086	0.0332695663
82	1.62081607	1.03576028	0.753866531	0.846805495	0.0324946724
83	1.64084291	1.03768269	0.747701783	0.843612155	0.0316993509
84	1.66100196	1.0385777	0.744831682	0.842125443	0.0311104043
85	1.68595647	1.03167186	0.747696564	0.843546641	0.0307226118
86	1.71703069	1.01598867	0.754655816	0.846834444	0.0303835551
87	1.74361939	0.999888645	0.762927495	0.850357935	0.0301187082
88	1.75511464	0.991734214	0.769729632	0.852486197	0.0299535974
89	1.75428304	0.990928623	0.775004027	0.853103687	0.029862253
90	1.75204732	0.990536254	0.780161163	0.853451633	0.029793825
91	1.74890368	0.990147039	0.784387295	0.853816709	0.0297410283
92	1.74534525	0.989352904	0.786868042	0.854485273	0.0296965903
93	1.7391891	0.980529138	0.787924966	0.858774012	0.0296526122
94	1.73017872	0.961515274	0.788636594	0.867192802	0.0296111735
95	1.72200924	0.940948352	0.789229571	0.875448977	0.0295802734
96	1.71837663	0.927467705	0.789930286	0.879248874	0.0295679119
97	1.72491853	0.920903024	0.790970776	0.878548043	0.0297816054
98	1.73967181	0.915312037	0.792186739	0.876965247	0.0302634565
99	1.75455441	0.91141082	0.793199899	0.875368578	0.0307495312
100	1.76148325	0.909917442	0.793631952	0.874625221	0.0309758313
101	1.76039522	0.913647661	0.791859712	0.874909577	0.0308580802
102	1.75749127	0.922837317	0.787556706	0.875551251	0.0305826534
103	1.75344	0.93406387	0.78244469	0.87619855	0.0302802474
104	1.74890828	0.943904047	0.778245838	0.87649991	0.0300815279
105	1.74138348	0.952963842	0.774852172	0.873673201	0.0300035284
106	1.73056754	0.962664079	0.771429802	0.86729924	0.0299526453
107	1.72081851	0.970423502	0.768776126	0.860869407	0.0299021889
108	1.71649542	0.973659824	0.767688983	0.857875891	0.0298254927
109	1.73202915	0.966679962	0.769238669	0.85902871	0.0296322248
110	1.7700414	0.949616055	0.773179301	0.861937941	0.0293311129
111	1.81589156	0.929073559	0.778275519	0.865646952	0.0290527992
112	1.85493555	0.911659146	0.783291804	0.869199653	0.0289279495
113	1.88886216	0.896663063	0.7891871	0.872719878	0.0289527497
114	1.92420624	0.881105305	0.796332909	0.876632245	0.0290162861
115	1.95208881	0.868858451	0.802380486	0.880331932	0.0290993295
116	1.96362684	0.863796898	0.804980458	0.883213844	0.02918268
117	1.95956242	0.86397669	0.803008124	0.885513353	0.0292548909
118	1.95039051	0.864385294	0.798559161	0.887655917	0.0293300704
119	1.9411382	0.86479748	0.7940712	0.889242743	0.0294272006
120	1.93683063	0.86498938	0.791981754	0.889874826	0.0295652633
121	1.94887892	0.862001553	0.792609548	0.889011293	0.0299396208
122	1.9760487	0.855264371	0.794135891	0.886834623	0.0306078716
123	2.00345664	0.848468134	0.795950732	0.884062448	0.0313615051
124	2.01621686	0.845304033	0.797444448	0.881412483	0.0319919548
125	1.99741177	0.848123943	0.798411725	0.878493488	0.032436776
126	1.95500083	0.854484499	0.799215696	0.875072441	0.0328207932
127	1.91221806	0.860900822	0.800073044	0.872218304	0.0332063739
128	1.89229961	0.86388808	0.801200381	0.871000348	0.0336558587
129	1.90690918	0.858758938	0.802997802	0.873422308	0.034223876
130	1.93986509	0.847191433	0.805449877	0.879009881	0.0348819671
131	1.97311001	0.835522485	0.808121632	0.88496241	0.0355665939
132	1.98858791	0.83008975	0.810578018	0.888478829	0.0362142151
133	1.97522159	0.830241142	0.813089338	0.889671646	0.0368106807
134	1.94507198	0.830586162	0.815784507	0.89062732	0.0373901627
135	1.91465798	0.830934207	0.817942909	0.89126419	0.0379578681
136	1.90049808	0.831096247	0.818843731	0.891499938	0.0385189941
137	1.90798421	0.829487979	0.81705785	0.891488633	0.039074951
138	1.9271839	0.825322732	0.813030366	0.891458916	0.0396232605
139	1.95236263	0.819765836	0.808967563	0.891418656	0.0401635687
140	1.97778791	0.813983044	0.807076036	0.891375668	0.0406955224
141	2.00929773	0.806819358	0.809824448	0.891313748	0.0412226851
142	2.04859391	0.797769678	0.816023004	0.891230502	0.041744528
143	2.08249026	0.789220845	0.82227592	0.891157172	0.0422540704
144	2.09779721	0.783560366	0.825187102	0.891125009	0.0427443304
145	2.09857817	0.781008483	0.825045327	0.891706945	0.0431835972
146	2.09894246	0.779411208	0.824723686	0.893246784	0.0435854187
147	2.09929926	0.777752406	0.824399225	0.895372732	0.044014254
148	2.1000538	0.775016373	0.824248165	0.897712834	0.0445345718
149	2.11588172	0.765374286	0.826581547	0.90140067	0.0452644051
150	2.15008155	0.74856613	0.831843098	0.906576486	0.0461839377
151	2.18429988	0.732542399	0.837150792	0.911204737	0.0471422051
152	2.20017871	0.725255247	0.839621905	0.913249405	0.0479882189
153	2.19047828	0.728951549	0.838323378	0.910859586	0.0486861023
154	2.16859451	0.737291038	0.835393719	0.905469536	0.0493259656
155	2.14651882	0.745703661	0.832438368	0.900032217	0.0499374227
156	2.136241	0.749620343	0.83106244	0.897500755	0.0505500647
157	2.14576779	0.747552034	0.831155859	0.898069146	0.0511300463
158	2.16725627	0.742543034	0.831431998	0.899352491	0.0516736597
159	2.1889332	0.736628257	0.831872972	0.900647091	0.0522627325
160	2.19902537	0.731842083	0.832461285	0.90124982	0.0529791117
161	2.19816754	0.728837844	0.835858277	0.901155142	0.053991666
162	2.19622645	0.726387792	0.842627507	0.900941251	0.0552813516
163	2.19426833	0.723796261	0.849287915	0.900725485	0.0566349486
164	2.19335669	0.720367833	0.85235758	0.90062503	0.0578392016
165	2.19808538	0.713641986	0.850853722	0.901486526	0.0588140786
166	2.20874854	0.704027263	0.847433061	0.903435148	0.0596923961
167	2.21950521	0.695376681	0.843912929	0.905415953	0.0605720997
168	2.22451321	0.691543918	0.842110225	0.906373753	0.0615511129
169	2.22363667	0.693314919	0.841857327	0.90641692	0.0627349033
170	2.2212772	0.697310796	0.841669031	0.906436949	0.0640642152
171	2.2179421	0.701341716	0.841551025	0.906456761	0.0653851457
172	2.21413744	0.703218399	0.841509445	0.906499017	0.0665437792
173	2.20736676	0.697718708	0.842384402	0.908109185	0.0674824519
174	2.19733593	0.685316413	0.844357332	0.911656349	0.0683106653
175	2.188206	0.672805353	0.846347564	0.915218841	0.0691197444
176	2.184139	0.666980555	0.84727416	0.916874507	0.0700009988
177	2.19508903	0.667960143	0.847209508	0.916780142	0.0709962205
178	2.21978251	0.670172891	0.847021337	0.916566251	0.072058084
179	2.24469255	0.672405045	0.84672645	0.916350485	0.0731469815
180	2.25628996	0.673444273	0.846341393	0.91625003	0.0742233129
181	2.25252887	0.673420263	0.844719743	0.916780774	0.0752793277
182	2.24404035	0.673346199	0.84163922	0.918008414	0.0763353357
183	2.23547738	0.673223126	0.838640482	0.919324345	0.0773913437
184	2.23149071	0.673051783	0.837264558	0.920119825	0.0784473518
185	2.24280879	0.666969673	0.840169878	0.920414592	0.0794779997
186	2.26833217	0.653520519	0.847011698	0.92065384	0.0804904541
187	2.29407939	0.640003499	0.854642534	0.920814905	0.0815368115
188	2.30606656	0.633719654	0.859914405	0.920874984	0.0826691776
189	2.29819304	0.636565629	0.862827681	0.918218984	0.0839325219
190	2.27960729	0.642987125	0.865397799	0.91223004	0.085304033
191	2.25878582	0.649464935	0.867235531	0.906188575	0.0867332116
192	2.24420403	0.652480821	0.867950934	0.903375838	0.0881695557
193	2.23587089	0.651568766	0.867214442	0.904165468	0.0896284613
194	2.22845019	0.649334017	0.865485363	0.9061348	0.0911297414
195	2.2231108	0.646636534	0.863570183	0.908591637	0.092623082
196	2.22102353	0.644335657	0.862275424	0.91084438	0.0940581521
197	2.22218818	0.642662939	0.861598586	0.912897309	0.0954106797
198	2.22539805	0.641142254	0.861010104	0.915066	0.0967135538
199	2.23010126	0.639616618	0.860593473	0.91706423	0.0980009815
200	2.23574614	0.637929167	0.860432374	0.918605608	0.0993071668
201	2.24824095	0.635589928	0.861139895	0.919830613	0.100660722
202	2.26838128	0.632785352	0.862735352	0.920961555	0.102038036
203	2.28718098	0.630422693	0.864344802	0.921794376	0.10339427
204	2.29565183	0.62940934	0.865094116	0.922124909	0.104684582
205	2.27292749	0.631291049	0.863816203	0.921608776	0.105871423
206	2.22168168	0.635534693	0.860934184	0.920334751	0.106990742
207	2.16998646	0.639815554	0.85802689	0.91877282	0.108108996
208	2.14591861	0.641808602	0.856673336	0.917393036	0.109292649
209	2.15325828	0.640791765	0.857156683	0.916102564	0.110568693
210	2.17169481	0.638266277	0.858255804	0.914710294	0.111903909
211	2.19499806	0.635136752	0.859385519	0.913592383	0.113276899
212	2.21694282	0.63230752	0.8599609	0.913125132	0.114666275
213	2.24035274	0.629534529	0.860037099	0.915043621	0.116096487
214	2.26733816	0.626472764	0.860093684	0.91939909	0.117571492
215	2.28968798	0.623986717	0.860129064	0.923866327	0.119034112
216	2.29918863	0.622941184	0.860141506	0.926119643	0.120427155
217	2.28551788	0.624437024	0.858723556	0.926386657	0.121745458
218	2.25468444	0.627810601	0.855526268	0.926584015	0.123021124
219	2.2235763	0.631213763	0.852300941	0.926706917	0.124248593
220	2.20908309	0.63279818	0.85079932	0.926749989	0.125422293
221	2.20906346	0.632424526	0.851776017	0.9242837	0.126510465
222	2.20905251	0.631381048	0.854182479	0.918722537	0.127529853
223	2.2090459	0.62982564	0.857121027	0.913112605	0.12855142
224	2.20904365	0.627915828	0.859694133	0.910500779	0.129646139
225	2.22567271	0.623124607	0.862058432	0.910543306	0.13084176
226	2.26316891	0.615077842	0.864587426	0.910668662	0.132104974
227	2.30099395	0.607481158	0.866609457	0.910864811	0.133417982
228	2.31860422	0.604041043	0.867452592	0.911120485	0.134762992
229	2.2924467	0.607315059	0.866609599	0.911769777	0.136219964
230	2.23345332	0.614699789	0.864397105	0.913069319	0.137777516
231	2.17394259	0.622149282	0.861382584	0.914855475	0.139268913
232	2.14623607	0.625617556	0.858133519	0.916964511	0.140527389
233	2.15023898	0.625516844	0.853327654	0.920991901	0.141479695
234	2.16012648	0.625287421	0.846782455	0.927071726	0.142269822
235	2.17222091	0.625055986	0.840990297	0.932638026	0.143052838
236	2.18285165	0.624948237	0.838444135	0.935124273	0.143983802
237	2.19073424	0.625307482	0.842065994	0.932127497	0.145191044
238	2.19793501	0.626117604	0.850234446	0.925368545	0.146605533
239	2.2056538	0.62693483	0.858474534	0.91855032	0.148084163
240	2.21509002	0.627315308	0.862310887	0.915375946	0.149483816
241	2.228758	0.624818519	0.862240708	0.917602331	0.150750616
242	2.24626317	0.618479403	0.862079888	0.922630729	0.151967307
243	2.26424045	0.610301355	0.861917658	0.927718516	0.153190164
244	2.27932423	0.602288404	0.861842128	0.930123309	0.154475446
245	2.29260978	0.592968451	0.862622067	0.930178641	0.155853366
246	2.30576877	0.581732243	0.864380773	0.930217983	0.157294121
247	2.31587104	0.572244218	0.866154901	0.930241834	0.158765068
248	2.31998529	0.568169808	0.866980886	0.930249998	0.16023357
249	2.30193109	0.573269836	0.865808901	0.930067058	0.161693389
250	2.26121881	0.58477232	0.863165685	0.929559143	0.163161334
251	2.22014949	0.596375678	0.860499288	0.928806783	0.164637284
252	2.20102877	0.601777875	0.859257889	0.927890558	0.166121108
253	2.20923775	0.597765312	0.861789452	0.925699336	0.167612928
254	2.22776068	0.588713927	0.867498599	0.922074327	0.16911288
255	2.24644597	0.579583202	0.87325779	0.918666062	0.170620836
256	2.25514514	0.575332281	0.875939052	0.917125452	0.172136665
257	2.24985615	0.575752363	0.874673148	0.918035659	0.173663374
258	2.23719578	0.576908457	0.871786224	0.920089021	0.175200282
259	2.22259101	0.578592966	0.868796644	0.922160372	0.176741328
260	2.21146789	0.580599432	0.867222372	0.923124713	0.178280451
261	2.20513285	0.584781511	0.866998023	0.921929759	0.179868381
262	2.20017532	0.591421591	0.866885484	0.919234723	0.181493553
263	2.19524036	0.597713871	0.866772332	0.916516075	0.183049319
264	2.18897382	0.600851895	0.866546492	0.915250377	0.184429011
265	2.1780625	0.601327166	0.86410056	0.915997635	0.185576745
266	2.16350658	0.601680407	0.859022583	0.917801612	0.186586124
267	2.15072076	0.60190139	0.853982684	0.919918736	0.187573296
268	2.14512057	0.601979136	0.851651635	0.921605579	0.188654408
269	2.15434841	0.599291493	0.853119799	0.922887254	0.189861092
270	2.17515905	0.593141222	0.856761156	0.924146557	0.191140295
271	2.19615202	0.586710403	0.861262937	0.925108995	0.192487469
272	2.20592554	0.583181941	0.86531262	0.925499891	0.193898086
273	2.2053653	0.582343563	0.869241993	0.924788642	0.195409985
274	2.20375743	0.58169772	0.873558772	0.923036768	0.197023839
275	2.20128503	0.581280931	0.877055432	0.920897514	0.198674259
276	2.19812847	0.581130476	0.878524021	0.919024229	0.200295843
277	2.18760173	0.581925893	0.878068046	0.917302799	0.201882018
278	2.16852869	0.583719492	0.876977527	0.915461386	0.203464673
279	2.15016919	0.585528805	0.875722886	0.913989081	0.205031191
280	2.14178524	0.586371152	0.874774268	0.913375173	0.206568942
281	2.15714423	0.584762162	0.874257169	0.913588131	0.208064818
282	2.19178136	0.581133636	0.873869797	0.914127493	0.20952929
283	2.22672195	0.57747332	0.873465219	0.914819472	0.210985724
284	2.24298895	0.575769217	0.872896566	0.91549039	0.212457488
285	2.23924439	0.578196139	0.871834661	0.916241768	0.213935718
286	2.23036623	0.583669522	0.870286321	0.917130915	0.21541234
287	2.22034377	0.589190859	0.868634893	0.917889461	0.216915121
288	2.21316262	0.591761381	0.867263796	0.918248958	0.218471837
289	2.20882904	0.590545673	0.866093707	0.918291579	0.220121425
290	2.20490723	0.587533532	0.864933569	0.918312431	0.221843929
291	2.20205545	0.583817766	0.864042403	0.918332841	0.223576254
292	2.20093286	0.580490787	0.863679346	0.918374056	0.2252553
293	2.20549716	0.577323474	0.866289015	0.918748043	0.226874096
294	2.21606099	0.573879161	0.872173543	0.919522089	0.228465122
295	2.22740038	0.57106504	0.878109626	0.920315652	0.230019838
296	2.23429024	0.569788641	0.880873238	0.920748096	0.231529687
297	2.2368914	0.569640971	0.879087606	0.920851212	0.232959848
298	2.23900886	0.569533035	0.875059498	0.920930497	0.234326882
299	2.24043761	0.569466519	0.870996099	0.920981579	0.235703167
300	2.24097144	0.569443419	0.869104336	0.920999995	0.237161091
301	2.23684801	0.570924197	0.870034344	0.919159709	0.238757441
302	2.22696848	0.574430787	0.872132602	0.915010208	0.240450007
303	2.21553918	0.578389958	0.874249243	0.910824353	0.242161831
304	2.20676758	0.581228028	0.875234669	0.90887558	0.243815951
305	2.20060313	0.582942545	0.874129447	0.910550283	0.245381613
306	2.19472809	0.584494659	0.871636723	0.914416406	0.246904392
307	2.19031673	0.585623535	0.86912216	0.918539476	0.248419091
308	2.18854434	0.586067974	0.867951476	0.920985079	0.249960505
309	2.19798861	0.582242069	0.868555789	0.921828274	0.251527811
310	2.21928473	0.57361512	0.869957574	0.922505371	0.253105747
311	2.24076742	0.564912587	0.871468211	0.922957404	0.254710633
312	2.25076893	0.560861023	0.872399239	0.923124956	0.256358798
313	2.24277151	0.562093852	0.872693727	0.923026621	0.258070577
314	2.2231199	0.56516596	0.872868197	0.922745508	0.259835238
315	2.19924059	0.568993457	0.873045593	0.922312797	0.261621355
316	2.17855954	0.572493287	0.873348724	0.921759654	0.263397498
317	2.15997077	0.576004495	0.87451235	0.920273815	0.265182712
318	2.14029577	0.57992704	0.876580234	0.917537135	0.266985994
319	2.1246479	0.583129611	0.878561238	0.914417596	0.268755594
320	2.11814272	0.584480523	0.87946402	0.911783441	0.270439747
321	2.12234537	0.5841098	0.878894101	0.909504832	0.271987666
322	2.13182567	0.583273028	0.877608444	0.90718183	0.273443943
323	2.14138902	0.582428925	0.876311523	0.905370013	0.274902088
324	2.14584135	0.582035943	0.875707727	0.904625208	0.276455619
325	2.13463781	0.582201986	0.876170747	0.906104822	0.278176022
326	2.10927188	0.58267882	0.877215172	0.909441533	0.280008514
327	2.08342936	0.583416849	0.878268748	0.912807479	0.281856341
328	2.07079825	0.584366547	0.878759253	0.914374534	0.283622745
329	2.06987988	0.587775811	0.876971734	0.914089413	0.285263661
330	2.06921156	0.594053892	0.872940895	0.913425618	0.286839361
331	2.06880078	0.600120833	0.86887474	0.912706069	0.288406893
332	2.06865844	0.602895944	0.866981695	0.912253312	0.290023294
333	2.08663887	0.596479535	0.868474339	0.912101722	0.291713051
334	2.12718136	0.582009926	0.87198032	0.912011946	0.29344475
335	2.16807904	0.567413545	0.875866887	0.9119179	0.295193463
336	2.18711943	0.560618032	0.878501391	0.911753559	0.296934266
337	2.17764949	0.562110153	0.879888237	0.910979816	0.298677594
338	2.15485739	0.565691423	0.881096172	0.909537756	0.300431901
339	2.12827747	0.569838012	0.881952398	0.908140216	0.30216574
340	2.1074413	0.573027654	0.882283745	0.907500189	0.303847654
341	2.09299575	0.574939042	0.879925446	0.909321319	0.305456584
342	2.0796376	0.576503896	0.874607737	0.913428041	0.307015411
343	2.06871075	0.577990665	0.869243437	0.917570744	0.308558616
344	2.06156112	0.579667557	0.866746026	0.919499426	0.310120683
345	2.05702806	0.582041765	0.868247788	0.917242323	0.311705663
346	2.053208	0.584867088	0.871635647	0.912151699	0.313296737
347	2.05056311	0.587239687	0.875053188	0.907016474	0.314899604
348	2.0495562	0.588255609	0.876644263	0.904625711	0.316519968
349	2.05585628	0.586994974	0.876323781	0.906427347	0.318162311
350	2.07193149	0.583807862	0.875600087	0.910491291	0.319823165
351	2.09284925	0.579727583	0.874870052	0.91459084	0.321496239
352	2.1136754	0.575787535	0.874530176	0.916499432	0.32317524
353	2.13880072	0.571350785	0.875567901	0.915665229	0.324880532
354	2.16967298	0.566091145	0.877907996	0.913782981	0.326609338
355	2.19594706	0.56168139	0.880268594	0.911884243	0.328317449
356	2.20727513	0.559794761	0.881367598	0.911000263	0.329960647
357	2.20053758	0.561216811	0.880211599	0.911352381	0.331497573
358	2.18386106	0.564508054	0.877572165	0.912273635	0.332963906
359	2.16332233	0.568038374	0.87482875	0.913521678	0.334432573
360	2.14499693	0.57017775	0.873360845	0.914854324	0.335976502
361	2.12750888	0.57093113	0.873063617	0.916773855	0.337641534
362	2.10845408	0.571501308	0.872837523	0.919354482	0.339386408
363	2.0930804	0.571921808	0.872693177	0.921627684	0.341153986
364	2.0866376	0.572225792	0.872641523	0.922624712	0.34288713
365	2.09448561	0.572415858	0.873213444	0.921532789	0.34456922
366	2.11218546	0.572531266	0.874503045	0.918922925	0.346231492
367	2.13004038	0.572664096	0.875803945	0.91592007	0.347885726
368	2.13835295	0.572906439	0.876409594	0.913649226	0.349543697
369	2.12661643	0.576564778	0.876198622	0.912102873	0.351204815
370	2.09934116	0.584365834	0.875644336	0.910646036	0.35286386
371	2.0697992	0.592150654	0.874888536	0.909559702	0.354526772
372	2.0512638	0.59575926	0.874072906	0.90912512	0.356199494
373	2.0434584	0.593863115	0.872899512	0.909656218	0.357895227
374	2.03698357	0.589585258	0.871311865	0.910854012	0.359607619
375	2.03255173	0.585269922	0.869863283	0.9120623	0.361312094
376	2.03087836	0.583260867	0.869107217	0.912624833	0.362984068
377	2.03942461	0.58539948	0.868920948	0.912606028	0.364594373
378	2.06047865	0.590222985	0.8687791	0.91256325	0.366163412
379	2.08620192	0.59508875	0.868688473	0.912520096	0.36774262
380	2.10875373	0.597354063	0.868656023	0.912500006	0.369383435
381	2.12952672	0.591624738	0.87054399	0.91350552	0.371135581
382	2.15177308	0.578704698	0.874802137	0.915772773	0.372965015
383	2.16957034	0.565671461	0.87910043	0.91805989	0.374795665
384	2.17699365	0.559603688	0.881108245	0.919124683	0.376551456
385	2.1694099	0.563662797	0.881116957	0.91711396	0.378184496
386	2.15230529	0.572819373	0.881120773	0.912579455	0.379746675
387	2.13505082	0.582056172	0.881124387	0.908005221	0.381311211
388	2.1270178	0.58635647	0.881131901	0.905875634	0.382951318
389	2.132569	0.580671125	0.881206032	0.907563514	0.384712595
390	2.14509128	0.567848886	0.881358356	0.911370788	0.386553436
391	2.15772326	0.554914308	0.881509213	0.915211418	0.388416876
392	2.16360423	0.548892467	0.881578927	0.916999468	0.390245955
393	2.15550139	0.554652043	0.879685508	0.916854048	0.392007449
394	2.13647279	0.567642813	0.875416169	0.916491235	0.393737184
395	2.11538007	0.5807474	0.871109424	0.916040423	0.395481087
396	2.10108561	0.58684839	0.86910437	0.915630519	0.397285081
397	2.09356517	0.585695326	0.869337132	0.915224006	0.399207361
398	2.08701589	0.582692323	0.869969695	0.914772507	0.401213707
399	2.08237401	0.578659413	0.870875408	0.914404884	0.403207966
400	2.08057779	0.574415153	0.871928148	0.914250044	0.405093972
401	2.10055275	0.56853958	0.873943009	0.914914023	0.406825756
402	2.14559351	0.560794085	0.877018873	0.916411265	0.408467795
403	2.1910289	0.554019961	0.879844575	0.917921625	0.41008729
404	2.21218186	0.551059177	0.881108653	0.918624791	0.411751437
405	2.19721114	0.558018841	0.879275052	0.917145178	0.413495163
406	2.16151723	0.573713465	0.87506922	0.913808467	0.415278731
407	2.12067174	0.589545594	0.870648993	0.910442521	0.417058726
408	2.09024461	0.596916423	0.868172411	0.908875466	0.418791737
409	2.07030963	0.595883027	0.867512119	0.910127157	0.420462147
410	2.05183577	0.593471035	0.866997948	0.912950528	0.42209581
411	2.03805279	0.590844376	0.866663124	0.915798636	0.423709763
412	2.03219407	0.589165109	0.866541385	0.917124605	0.425321044
413	2.03162572	0.588570841	0.866870387	0.916989962	0.426918937
414	2.03121324	0.588208956	0.867742116	0.916605106	0.428498782
415	2.03096067	0.587833857	0.868948044	0.91601471	0.430089586
416	2.03087345	0.587200156	0.870279577	0.915263087	0.431720369
417	2.03694254	0.58475159	0.872398689	0.912818555	0.433413077
418	2.05166266	0.580384275	0.875386355	0.908415043	0.435149838
419	2.06911638	0.57619662	0.87806204	0.904182297	0.436899673
420	2.0833844	0.574287478	0.87924494	0.902250569	0.438631601
421	2.09480646	0.574541141	0.877281462	0.905930582	0.440328221
422	2.10627751	0.575235606	0.872853426	0.914229583	0.442008724
423	2.11515195	0.576241114	0.868386594	0.922601294	0.443696558
424	2.11878269	0.577428397	0.86630701	0.92649884	0.445415173
425	2.10865379	0.579648612	0.866444597	0.924716625	0.447207379
426	2.08432262	0.583096218	0.866756226	0.92069546	0.44905121
427	2.05602985	0.586543724	0.867070584	0.916639064	0.450869459
428	2.03401822	0.588763335	0.867216938	0.914750562	0.452584913
429	2.01809879	0.589793699	0.866900466	0.915338134	0.454150703
430	2.00276062	0.590592367	0.866186785	0.916664263	0.455623617
431	1.99116959	0.59120649	0.865466852	0.918002011	0.457081423
432	1.98649407	0.591682941	0.865131679	0.918624815	0.458601887
433	1.99058002	0.592106025	0.865511663	0.918454251	0.460209008
434	2.00096356	0.592489329	0.866471065	0.918069246	0.461863057
435	2.01437506	0.592768218	0.867696417	0.917680868	0.463550005
436	2.027545	0.592878044	0.86887424	0.917500054	0.46525583
437	2.04285579	0.591858707	0.870026363	0.917524747	0.467002746
438	2.06131976	0.589245344	0.871298476	0.917597836	0.468791766
439	2.07701822	0.585817002	0.872532622	0.917715056	0.470572969
440	2.08403088	0.582352996	0.87357076	0.917872186	0.47229642
441	2.0844412	0.578026202	0.874506937	0.918865285	0.473926381
442	2.08473708	0.572613242	0.875424783	0.920866094	0.475498286
443	2.08491751	0.567973066	0.876125369	0.922839399	0.477069277
444	2.08497959	0.565965093	0.876409695	0.92374973	0.478696498
445	2.08241823	0.566149891	0.87632731	0.923742272	0.480417278
446	2.07558842	0.566689265	0.876089858	0.923718805	0.482197406
447	2.06604643	0.567538718	0.875720752	0.92367993	0.48398695
448	2.05534928	0.568654277	0.875243349	0.923625983	0.485735974
449	2.03745382	0.573706349	0.873437886	0.922490801	0.487445439
450	2.01164561	0.583423645	0.870077327	0.919902022	0.489138798
451	1.98835779	0.592909881	0.8668215	0.917023295	0.490795355
452	1.97802591	0.59726759	0.865330629	0.915018603	0.492394401
453	1.98749743	0.595164837	0.865790982	0.913884075	0.493896811
454	2.00886066	0.590334942	0.86687279	0.91287822	0.495326952
455	2.03041105	0.585247186	0.868071757	0.912156609	0.496762725
456	2.04044408	0.582370223	0.868883884	0.911875076	0.498282037
457	2.04035734	0.581566628	0.86931059	0.912230273	0.499945596
458	2.04008482	0.580937839	0.86968207	0.913146297	0.501707265
459	2.03963332	0.580526739	0.869945299	0.914359507	0.503483801
460	2.03900668	0.580376795	0.870047142	0.915606231	0.505191962
461	2.02319711	0.584035073	0.869408084	0.917229176	0.506794943
462	1.98851776	0.59228387	0.867967068	0.919303106	0.508343772
463	1.95371744	0.600604938	0.866513427	0.92109578	0.50988447
464	1.9375497	0.604478907	0.865836668	0.921874776	0.511463052
465	1.94473491	0.600739386	0.866159214	0.920660787	0.513084305
466	1.96210689	0.592304889	0.866981816	0.917922973	0.51472675
467	1.98254877	0.583796496	0.868050261	0.915161171	0.516400465
468	1.99894624	0.579835316	0.869110441	0.913875383	0.518115539
469	2.010885	0.580399562	0.870379528	0.914823604	0.519912762
470	2.02217654	0.581674485	0.871932588	0.916962521	0.521778385
471	2.03148283	0.582960579	0.873252145	0.919120179	0.523636313
472	2.03746432	0.583559334	0.873820592	0.920124701	0.525410438
473	2.04108743	0.582876299	0.873714414	0.919688642	0.527051215
474	2.04411744	0.581335785	0.873436318	0.91870474	0.528612248
475	2.04620361	0.579781773	0.873059402	0.917712218	0.530172027
476	2.04699464	0.579058286	0.872656629	0.917250137	0.531809038
477	2.04557378	0.579487857	0.872075238	0.918521129	0.533582451
478	2.04158935	0.580616812	0.871292796	0.921387279	0.535444412
479	2.03560745	0.582157804	0.870603305	0.92427854	0.537312194
480	2.0281944	0.583823577	0.870300839	0.9256246	0.539103066
481	2.00848784	0.58630868	0.870763413	0.924088262	0.540786878
482	1.97481355	0.589707137	0.871806625	0.920623215	0.542413484
483	1.94287645	0.592718944	0.872858976	0.91712781	0.544016884
484	1.92838516	0.594043795	0.873348911	0.915500484	0.545631072
485	1.94012879	0.593350562	0.872793444	0.915706925	0.547268655
486	1.966618	0.591786592	0.871494769	0.916225434	0.548910516
487	1.99333929	0.59020892	0.870069321	0.916879118	0.550544415
488	2.00577969	0.589474416	0.869133561	0.917491506	0.552158114
489	2.00417392	0.590270577	0.868681973	0.918029591	0.553755981
490	1.99984147	0.592167366	0.868296752	0.918584646	0.555342799
491	1.99370164	0.594335106	0.86802765	0.919155396	0.556905314
492	1.98667049	0.595944093	0.867924556	0.919740533	0.558430267
493	1.97397769	0.596996011	0.868073407	0.920460678	0.559896724
494	1.95505943	0.597972998	0.868484586	0.921283409	0.561318445
495	1.93780766	0.598695182	0.869089246	0.92196206	0.562735815
496	1.93011616	0.598982495	0.869818528	0.922249918	0.564189223
497	1.93939239	0.595741253	0.871074391	0.921585977	0.565662934
498	1.96306363	0.587789726	0.873079714	0.920088735	0.567143926
499	1.99385996	0.578151167	0.875445972	0.918578375	0.568682289
500	2.02451094	0.569849733	0.8777845	0.917875209	0.570328129
501	2.06145996	0.562470614	0.880513052	0.919239995	0.572154718
502	2.10684173	0.554701235	0.883704603	0.922420294	0.574134608
503	2.14545777	0.548538581	0.886364956	0.925886286	0.576162077
504	2.16210566	0.5459805	0.887499676	0.928107934	0.578131394
505	2.15493065	0.546326197	0.88691166	0.929107955	0.580013914
506	2.13692512	0.547312457	0.885418279	0.929948354	0.581866902
507	2.11419254	0.548823422	0.883492266	0.930529133	0.583707914
508	2.09283374	0.550743856	0.881606203	0.930749941	0.585554494
509	2.07139409	0.556903057	0.879415261	0.930270317	0.587422168
510	2.04744256	0.567961426	0.876775598	0.929110046	0.589298523
511	2.02634137	0.578582293	0.874547253	0.927741695	0.591158707
512	2.01345469	0.583427722	0.873590499	0.926637921	0.59297787
513	2.00707492	0.583239612	0.874412734	0.925777884	0.594756299
514	2.00185762	0.582709645	0.876267333	0.924924019	0.596506776
515	1.99832532	0.581916963	0.87813818	0.924267613	0.598220994
516	1.99700222	0.580939333	0.879009175	0.924000074	0.599890643
517	2.00091501	0.578418885	0.878507881	0.925024492	0.601502085
518	2.0100577	0.574150708	0.877376977	0.927334523	0.603065512
519	2.0200837	0.570112372	0.876236164	0.929664793	0.604609457
520	2.02664555	0.568281904	0.875705045	0.930749677	0.606162459
521	2.02922795	0.568416356	0.876071278	0.930172917	0.607703608
522	2.03094408	0.568720731	0.876989299	0.928865766	0.609225756
523	2.03259682	0.569027773	0.878146484	0.927532223	0.610783322
524	2.03498824	0.56917072	0.879230255	0.926876146	0.612430739
525	2.04020587	0.567445256	0.880373099	0.926822157	0.614214832
526	2.04784082	0.563554571	0.881682671	0.926782736	0.616107127
527	2.05476263	0.559629799	0.88276439	0.92675844	0.618048034
528	2.0578403	0.557802576	0.883223554	0.926750002	0.619977962
529	2.05520416	0.559429063	0.882688757	0.927717576	0.621903489
530	2.04925815	0.563097702	0.881482601	0.929899272	0.623850112
531	2.04326005	0.566798483	0.880265877	0.932100082	0.6257805
532	2.04046756	0.568521424	0.879699417	0.933124695	0.627657306
533	2.04199101	0.567167664	0.87999968	0.932404061	0.62945805
534	2.04595934	0.563900403	0.880786415	0.930778484	0.631208442
535	2.05129908	0.56006712	0.881855035	0.929138664	0.632943117
536	2.05693713	0.557015194	0.88300103	0.928375227	0.634696709
537	2.06481131	0.554699882	0.884671934	0.928459292	0.636494292
538	2.07523722	0.55242641	0.886931717	0.92869582	0.638313025
539	2.08437037	0.550689498	0.888926543	0.929051302	0.640115463
540	2.08836538	0.549984198	0.889802378	0.929492432	0.641864157
541	2.07807421	0.551251405	0.888304836	0.930675649	0.643525757
542	2.05358951	0.554438846	0.884927598	0.932702741	0.645129262
543	2.02567686	0.55848354	0.88152077	0.934626562	0.646731853
544	2.00510385	0.562322321	0.879934682	0.935499743	0.648390713
545	1.99377322	0.566474127	0.880796149	0.935191805	0.650134121
546	1.98482167	0.571294655	0.882739654	0.934387218	0.651930361
547	1.97653505	0.575314948	0.884700187	0.933299724	0.653748032
548	1.96720099	0.577065613	0.885612936	0.932142896	0.65555574
549	1.954059	0.57711503	0.885138774	0.930613151	0.657359453
550	1.93859437	0.57714099	0.884033252	0.928612412	0.659171848
551	1.92567019	0.577162899	0.882828075	0.926718801	0.660968053
552	1.92015013	0.577199689	0.882054827	0.925510596	0.662723183
553	1.93148982	0.577295396	0.881705751	0.924888362	0.664431291
554	1.95738768	0.577442093	0.881412218	0.924368426	0.666106988
555	1.98433124	0.577577022	0.881209277	0.924010646	0.667754855
556	1.99880602	0.577637416	0.881132096	0.923875036	0.669379466
557	2.00181879	0.575843479	0.881342547	0.924541637	0.670954834
558	2.00411514	0.571798458	0.881817121	0.926165726	0.672487139
559	2.00558373	0.567717998	0.882295852	0.928108293	0.674033026
560	2.00611	0.565818292	0.882518731	0.929730159	0.675649145
561	2.00332846	0.566155124	0.882162179	0.931084831	0.677377944
562	1.9970563	0.566915889	0.881358075	0.932470917	0.679186374
563	1.99072918	0.567683319	0.880546925	0.933554095	0.681017433
564	1.98778352	0.568040604	0.880169285	0.933999875	0.682814114
565	1.98961502	0.567391657	0.880565894	0.933677475	0.684559811
566	1.99426168	0.565775741	0.881460422	0.932950243	0.68628568
567	2.00024452	0.563762246	0.882362787	0.932216639	0.688003508
568	2.0060849	0.561920652	0.882782894	0.931875102	0.689725073
569	2.01282184	0.560072099	0.882207989	0.932140609	0.691449789
570	2.02090891	0.55800644	0.880911409	0.932739506	0.693172432
571	2.02772536	0.556319717	0.879603469	0.93334365	0.694898942
572	2.03064972	0.555608175	0.878994542	0.933624916	0.696635263
573	2.022156	0.557542594	0.87909988	0.932866117	0.698388522
574	2.0030024	0.56190479	0.879396092	0.931154983	0.700154081
575	1.98368099	0.566305206	0.879841516	0.929428857	0.701919834
576	1.97468568	0.568353869	0.880394642	0.928625239	0.703673673
577	1.97698632	0.567332646	0.881885119	0.929251078	0.705401884
578	1.9824166	0.564935163	0.88444199	0.930662764	0.707113981
579	1.98849004	0.562281613	0.886869441	0.932086818	0.708833412
580	1.9927221	0.560491895	0.887971374	0.932749803	0.710583633
581	1.99458335	0.559763725	0.88789468	0.932313642	0.71240063
582	1.995797	0.559302855	0.887681769	0.93132974	0.714264347
583	1.9971181	0.558808725	0.887368262	0.930337218	0.716111572
584	1.99930129	0.557980957	0.886989477	0.929875137	0.717879084
585	2.00816825	0.554565937	0.886121772	0.931089213	0.719514851
586	2.02424977	0.548360346	0.884706587	0.933827027	0.721067287
587	2.03973331	0.542382697	0.88338124	0.936588829	0.72262516
588	2.04680464	0.53965216	0.882783194	0.937874617	0.724277246
589	2.0346593	0.544403365	0.882812846	0.937704251	0.726084104
590	2.0072692	0.55511823	0.882900015	0.937319246	0.727995756
591	1.97963912	0.565926972	0.883038044	0.936930868	0.729935292
592	1.96677563	0.570959105	0.883220442	0.936750054	0.7318258
593	1.97130095	0.567864293	0.88412182	0.936768972	0.733656417
594	1.9816861	0.560882713	0.885879591	0.93681175	0.735466221
595	1.99259687	0.553839965	0.887600887	0.936854904	0.737247869
596	1.99870147	0.550561133	0.888392623	0.936874994	0.738994005
597	2.00011272	0.554967874	0.887290841	0.935622843	0.740676528
598	2.00101873	0.564906423	0.884806006	0.932799472	0.742308293
599	2.00175916	0.574932046	0.882299401	0.929951364	0.743946426
600	2.00267243	0.57959959	0.881132423	0.928625395	0.745648061
601	2.00370032	0.575092425	0.882041936	0.930541179	0.747448333
602	2.00471745	0.564849689	0.884158436	0.934861793	0.749314586
603	2.00599925	0.554323985	0.886456835	0.939220261	0.751202812
604	2.00782127	0.548967947	0.887912105	0.941249396	0.753069005
605	2.01354871	0.548265461	0.888542917	0.940895536	0.754930256
606	2.02349082	0.547744027	0.889069077	0.940042079	0.756801961
607	2.03295867	0.547418114	0.889430691	0.939044782	0.758631466
608	2.03726229	0.547303539	0.889567633	0.93825891	0.760366104
609	2.0290495	0.549506422	0.888215751	0.937675237	0.76196103
610	2.00987075	0.554473564	0.885167437	0.937106987	0.76346107
611	1.98886967	0.559484224	0.882092415	0.936674961	0.764949455
612	1.97519121	0.561816995	0.880660803	0.936500048	0.76650942
613	1.96873672	0.561535164	0.882475899	0.937372715	0.768184484
614	1.96325815	0.560737731	0.886569549	0.93934052	0.769927948
615	1.95944462	0.55952985	0.890699065	0.941325565	0.771689474
616	1.95798729	0.558016059	0.892621608	0.942249725	0.773418729
617	1.97068789	0.554057976	0.891629975	0.941642894	0.775071382
618	1.99932616	0.547135548	0.889392744	0.940273986	0.776683387
619	2.02821533	0.540042534	0.887135912	0.938893085	0.778326185
620	2.04166502	0.535573399	0.886085218	0.938250191	0.78007122
621	2.04161758	0.533540057	0.887932994	0.939236548	0.78199101
622	2.04146105	0.531850288	0.892100075	0.941461022	0.784043354
623	2.0412012	0.530692177	0.896303666	0.943704986	0.78612473
624	2.04083981	0.530254485	0.898260696	0.944749689	0.788131607
625	2.02954833	0.533250737	0.897520051	0.944077762	0.790066814
626	2.00464715	0.540276601	0.895691276	0.942413465	0.791979077
627	1.97963336	0.548042264	0.893450415	0.940360964	0.793824278
628	1.96800751	0.553257097	0.891473157	0.938524319	0.795558273
629	1.96957298	0.555935233	0.889628144	0.93676125	0.797128616
630	1.9731106	0.558253489	0.887639837	0.934834638	0.798582358
631	1.97667922	0.559889732	0.886044236	0.933278033	0.800027833
632	1.97834063	0.560521079	0.885377547	0.932625185	0.801573383
633	1.97632627	0.55861978	0.885861018	0.933932016	0.803260899
634	1.97178317	0.554038186	0.887071777	0.936951565	0.805037178
635	1.96720027	0.548676538	0.888595508	0.94017989	0.806872214
636	1.96506665	0.544435489	0.890017932	0.942112824	0.808736014
637	1.97018806	0.541260865	0.891507658	0.942803959	0.810658009
638	1.98273984	0.538160441	0.893208734	0.943361881	0.812645835
639	1.99792344	0.535799037	0.894611614	0.943735896	0.814630381
640	2.01093943	0.534841941	0.895206598	0.943874963	0.816542518
641	2.0224011	0.535156812	0.895003562	0.942983313	0.81835451
642	2.03441583	0.535867383	0.894545374	0.94097273	0.820109067
643	2.04392442	0.53658418	0.894083172	0.938944532	0.821840324
644	2.0478663	0.536917893	0.893867989	0.938000281	0.823582412
645	2.04376904	0.536321998	0.893878399	0.939783375	0.825339116
646	2.03380218	0.534978148	0.893909768	0.94380454	0.827093751
647	2.02192226	0.533622523	0.893960908	0.947860936	0.828852254
648	2.01208592	0.532991396	0.894030694	0.949749438	0.830620569
649	2.00400641	0.534749864	0.894563626	0.947966625	0.832383641
650	1.9958008	0.538715291	0.895748559	0.94394546	0.834143098
651	1.98941388	0.54271546	0.897150488	0.939889064	0.835932403
652	1.98679145	0.544577785	0.898334274	0.938000562	0.837785022
653	1.98784233	0.542704595	0.8993492	0.938467336	0.839760632
654	1.99030861	0.538479665	0.900393933	0.939555422	0.841831351
655	1.99303578	0.534217719	0.901212962	0.940739404	0.84389459
656	1.99486968	0.532233522	0.901550657	0.94149428	0.845847749
657	1.99560101	0.535294011	0.900231266	0.941762724	0.847643333
658	1.99605254	0.542196155	0.897256079	0.941929627	0.849348939
659	1.99654956	0.549158771	0.894254826	0.942097624	0.851031917
660	1.99741719	0.552400297	0.892857559	0.942369255	0.852759613
661	2.00250962	0.549853379	0.893977058	0.943202995	0.854576602
662	2.01240603	0.544108397	0.896502249	0.944594664	0.856440319
663	2.02208957	0.538313081	0.899049564	0.945906303	0.858287544
664	2.02654222	0.535615006	0.900235496	0.946499826	0.860055056
665	2.01214684	0.53649023	0.899472552	0.945646257	0.861706427
666	1.97968507	0.538504259	0.897751465	0.943721231	0.863285659
667	1.9469389	0.540633428	0.896015299	0.941779339	0.86484947
668	1.93169354	0.541854599	0.895207007	0.940875269	0.866454574
669	1.94008988	0.542219507	0.895634708	0.941259782	0.86811887
670	1.95903223	0.542507196	0.896599634	0.942216289	0.869812259
671	1.97814055	0.542696449	0.897573013	0.943404793	0.871522158
672	1.98703664	0.542765811	0.898026181	0.94448545	0.87323599
673	1.98583008	0.540687247	0.897967911	0.945557166	0.874948578
674	1.98310356	0.536000446	0.89783622	0.946747481	0.876667238
675	1.98035315	0.531272582	0.897703375	0.947716669	0.878397696
676	1.97907266	0.529071471	0.897641528	0.948124884	0.880145676
677	1.98654847	0.529217686	0.897806899	0.948016933	0.88194368
678	2.00340584	0.529655976	0.898179822	0.947708986	0.883780281
679	2.02041091	0.530367583	0.898556011	0.947236655	0.885591594
680	2.02832781	0.531334363	0.898731151	0.946635467	0.887313722
681	2.01574424	0.539777028	0.897169755	0.94468375	0.888883939
682	1.98736542	0.557336164	0.893648991	0.941169484	0.890355634
683	1.95873796	0.574770095	0.890097381	0.937791856	0.891841777
684	1.94541012	0.582834843	0.888443888	0.936250454	0.893455349
685	1.95454013	0.570634826	0.891431316	0.938583565	0.895288171
686	1.97607822	0.543120749	0.898168497	0.943845303	0.897278781
687	2.00017643	0.515365614	0.904964705	0.94915314	0.899308625
688	2.01698795	0.502443892	0.908128758	0.951624265	0.901259146
689	2.02510414	0.503355507	0.907309478	0.951590685	0.90309193
690	2.03115042	0.505470351	0.905460038	0.951490969	0.904874311
691	2.03668838	0.507731154	0.903594394	0.951334176	0.90664096
692	2.04327785	0.509084206	0.902725822	0.951128637	0.908426535
693	2.05218787	0.509497483	0.903135203	0.950219721	0.910256099
694	2.06249436	0.509767555	0.904058862	0.94847844	0.912106804
695	2.07244325	0.510002291	0.904990612	0.946780103	0.913941229
696	2.08028038	0.510309342	0.905424399	0.946000231	0.915721953
697	2.0865975	0.510838167	0.904372977	0.946508567	0.917405317
698	2.09254089	0.511513833	0.90200193	0.947698051	0.919023178
699	2.09696892	0.512097819	0.899610111	0.949005524	0.920653833
700	2.09873936	0.512351575	0.898496572	0.949867899	0.922375589
701	2.09343309	0.508399642	0.901456169	0.950289621	0.92425937
702	2.08146737	0.49948863	0.908130236	0.950650451	0.926256785
703	2.06939681	0.490499546	0.914862776	0.950903056	0.928265006
704	2.06377722	0.486314575	0.917997188	0.950999974	0.930181197
705	2.06570083	0.490394262	0.915230631	0.950536183	0.93196645
706	2.07004196	0.499983971	0.908990477	0.949403158	0.933683261
707	2.07442113	0.51063368	0.902695651	0.948040844	0.935377019
708	2.0764599	0.517893346	0.899765023	0.9468893	0.937093103
709	2.06923223	0.521771172	0.900377903	0.945903368	0.938829445
710	2.05283578	0.525161445	0.901903499	0.94488321	0.940565964
711	2.03604896	0.527570786	0.90379891	0.944081265	0.942325282
712	2.02765183	0.528504805	0.90552192	0.943750093	0.944130036
713	2.02694143	0.525638741	0.907229846	0.945666179	0.946023274
714	2.02659864	0.51917575	0.909126316	0.949986793	0.947984743
715	2.02626008	0.512656135	0.910670296	0.954345261	0.949938563
716	2.02556445	0.509620853	0.911320571	0.956374396	0.951808844
717	2.01625748	0.513894484	0.909053338	0.955293592	0.953545751
718	1.996633	0.523532731	0.903940751	0.952855226	0.95520262
719	1.97709365	0.533255422	0.898783371	0.950395496	0.956858229
720	1.96804463	0.537781932	0.896382293	0.949250341	0.958591356
721	1.98007773	0.533774594	0.898378639	0.949316762	0.960454562
722	2.00721611	0.524735784	0.902881624	0.949472203	0.962401472
723	2.03459226	0.515617783	0.907424061	0.949641343	0.964362672
724	2.04733753	0.511372792	0.909538844	0.949749183	0.966268748
725	2.04475949	0.511896075	0.908163198	0.949787817	0.968101854
726	2.03893796	0.513078825	0.905059962	0.94981215	0.969900235
727	2.03306542	0.514271938	0.901929537	0.949836258	0.971674852
728	2.03033139	0.514827405	0.900472132	0.949874204	0.973436658
729	2.03262066	0.51406274	0.901812312	0.94994844	0.97517945
730	2.03778436	0.512338196	0.904835138	0.950064538	0.976900351
731	2.0429933	0.510598543	0.907884448	0.950210004	0.978617078
732	2.04541838	0.509788628	0.909304089	0.950372335	0.980347354
733	2.03941056	0.512544294	0.907628407	0.950557957	0.982089139
734	2.02586245	0.518758332	0.903849116	0.950784368	0.983834994
735	2.01219564	0.525026813	0.900036714	0.951054072	0.985596382
736	2.00583291	0.527945176	0.898261806	0.951369569	0.987384764
737	2.01610957	0.523124115	0.899921234	0.951887729	0.989220965
738	2.03928574	0.512251598	0.903664112	0.952596106	0.991094684
739	2.06266495	0.501283823	0.907439783	0.953223815	0.992969022
740	2.07354942	0.49617765	0.90919759	0.95349992	0.994807076
741	2.06769229	0.498934815	0.9091786	0.953462056	0.996585151
742	2.05447828	0.505155116	0.909134602	0.953376499	0.998327655
743	2.04114851	0.511429915	0.909090218	0.953290193	1.0000697
744	2.03494268	0.51435122	0.909069555	0.953250012	1.0018464
745	2.04277795	0.510226133	0.910341935	0.95389505	1.00368956
746	2.06075559	0.5009229	0.913210919	0.955349515	1.00557497
747	2.07966164	0.491538158	0.916105039	0.956816722	1.00745267
748	2.09028151	0.487168984	0.917452429	0.957499797	1.0092727
749	2.09257529	0.490479021	0.914040737	0.956323732	1.01099915
750	2.09382461	0.497945447	0.906347127	0.953671473	1.01266737
751	2.09506411	0.505477288	0.89858611	0.950995978	1.01433467
752	2.09732645	0.508983823	0.89497288	0.949750371	1.01605836
753	2.10823121	0.502698712	0.898609307	0.95130571	1.01787567
754	2.12855699	0.488524649	0.906811172	0.954813535	1.0197522
755	2.14825575	0.474226403	0.915084897	0.958352093	1.02163812
756	2.15727722	0.46756969	0.918936824	0.95999951	1.02348357
757	2.1487097	0.471638128	0.918116695	0.958368402	1.02526801
758	2.12688423	0.481444299	0.916142638	0.954689463	1.02702087
759	2.09857549	0.492916503	0.913843791	0.950978292	1.02876563
760	2.07055804	0.501983774	0.912048401	0.949250514	1.03052578
761	2.03721785	0.508759933	0.910759671	0.949819162	1.03230317
762	1.99654282	0.515373369	0.909529303	0.951102513	1.03408664
763	1.9620269	0.520408523	0.908579228	0.952397107	1.03588192
764	1.94716755	0.522448845	0.908131564	0.952999821	1.03769474
765	1.95816233	0.519217493	0.908032052	0.952924112	1.0395267
766	1.98523564	0.511470902	0.907957786	0.952752998	1.04137509
767	2.01826277	0.502501249	0.907911181	0.952580386	1.04323949
768	2.0471199	0.495601135	0.907894741	0.952500024	1.0451195
769	2.07352046	0.490727697	0.908736893	0.953126078	1.04703647
770	2.10170093	0.486074387	0.910635794	0.954537764	1.04898491
771	2.12420871	0.482576518	0.912551331	0.955961818	1.0509213
772	2.13358819	0.481170184	0.913443131	0.956624803	1.05280214
773	2.12308141	0.484232996	0.913385799	0.956150698	1.05460373
774	2.09938471	0.491139922	0.913255929	0.955081239	1.05635493
775	2.07548039	0.498107362	0.91312492	0.954002411	1.05809042
776	2.06435146	0.501351134	0.913063928	0.953500149	1.05984483
777	2.06727323	0.498579151	0.913121507	0.954239911	1.06162506
778	2.07386871	0.492326688	0.913251377	0.955908267	1.06341342
779	2.08052199	0.486019445	0.913382386	0.95759124	1.06520978
780	2.08361949	0.483083036	0.913443378	0.958374767	1.06701403
781	2.07823456	0.485840938	0.912529916	0.958014531	1.06883818
782	2.06609049	0.492061443	0.910470195	0.957201742	1.07067897
783	2.05384002	0.498336449	0.908392428	0.956381832	1.07251186
784	2.04813668	0.501257849	0.9074251	0.956000114	1.07431231
785	2.05550091	0.497639865	0.908018072	0.95609486	1.07605908
786	2.07295147	0.489480049	0.909381906	0.956308752	1.07777027
787	2.09267245	0.481248743	0.910823463	0.956524518	1.07948089
788	2.10684738	0.477416564	0.911649704	0.95662497	1.08122599
789	2.11546465	0.47855818	0.911860819	0.956055838	1.08303104
790	2.12328084	0.481134873	0.911994654	0.954772487	1.08487367
791	2.12897279	0.483734143	0.9121089	0.953477893	1.08671689
792	2.13121555	0.484944262	0.912261095	0.952875179	1.08852372
793	2.12765612	0.483553119	0.912461109	0.953444162	1.0902705
794	2.11962892	0.480332526	0.912688772	0.954727513	1.09198168
795	2.11153138	0.476874883	0.912960563	0.956022107	1.0936923
796	2.10776148	0.474772661	0.913292974	0.956624821	1.0954374
797	2.11515687	0.473977174	0.913743728	0.956001374	1.09722492
798	2.13183457	0.473329377	0.914343102	0.954542917	1.09903743
799	2.14865838	0.472892153	0.915061663	0.952940125	1.10087398
800	2.1564909	0.472728756	0.915869965	0.951883685	1.10273361
801	2.153682	0.473283415	0.91709513	0.951368044	1.10462284
802	2.14627219	0.474755896	0.918715383	0.950927049	1.10654106
803	2.13610337	0.476799042	0.9201341	0.95061842	1.10847575
804	2.12501594	0.479065576	0.920754538	0.950500032	1.11041441
805	2.10804561	0.48272731	0.919551771	0.95134097	1.11236354
806	2.08455244	0.487925617	0.91683936	0.95327465	1.1143271
807	2.06364319	0.4925919	0.914103184	0.955319485	1.11628686
808	2.05442671	0.494657086	0.912829326	0.956493656	1.11822455
809	2.05456066	0.493710763	0.913018429	0.956846402	1.12013112
810	2.05497118	0.4913252	0.913509391	0.957124676	1.12201783
811	2.05564296	0.488288781	0.914164931	0.95730783	1.12389648
812	2.05656337	0.485389574	0.914848089	0.957374982	1.12577888
813	2.06471692	0.482349725	0.915769708	0.956710977	1.12768258
814	2.08307589	0.478871359	0.916968973	0.955213735	1.12959723
815	2.10481782	0.475817789	0.918012779	0.953703375	1.13149148
816	2.12311814	0.474052612	0.918467914	0.953000209	1.13333402
817	2.13860991	0.473448064	0.917683486	0.953025627	1.13509249
818	2.1544576	0.473092049	0.915914456	0.953100228	1.13679269
819	2.16695514	0.472751036	0.914129927	0.953217782	1.13849198
820	2.17239458	0.472191706	0.913299119	0.953372263	1.1402477
821	2.17284018	0.470815158	0.913859645	0.954078007	1.14207952
822	2.17316297	0.468589432	0.915238492	0.955437408	1.14395793
823	2.17336038	0.466181626	0.916917224	0.956764917	1.14586915
824	2.17342847	0.464258975	0.91837748	0.95737482	1.14779942
825	2.16685329	0.46274564	0.919701537	0.956976586	1.14976457
826	2.15202749	0.461280721	0.921108821	0.956078241	1.15176719
827	2.13707179	0.460170686	0.922230411	0.955172025	1.15377041
828	2.13010899	0.459722182	0.922697237	0.954750126	1.15573732
829	2.1365183	0.461876277	0.921927727	0.955698604	1.15765567
830	2.15097473	0.466733623	0.920126819	0.957837521	1.15954659
831	2.16555782	0.471633527	0.91814533	0.959995179	1.16142158
832	2.17234714	0.473914733	0.916834184	0.960999701	1.16329215
833	2.16951614	0.472186928	0.916187256	0.959842704	1.16516067
834	2.16312823	0.468289531	0.915632595	0.957233224	1.1670213
835	2.15668435	0.464357987	0.91524373	0.954600882	1.16887393
836	2.15368432	0.462527612	0.91509438	0.953375365	1.17071845
837	2.15444533	0.462713809	0.915963007	0.954342576	1.17254912
838	2.15637432	0.463193807	0.917921684	0.956524272	1.17436771
839	2.15885105	0.463826256	0.919897522	0.958725082	1.1761861
840	2.16125597	0.464470294	0.920817395	0.959749695	1.1780162
841	2.16333758	0.465290078	0.920378558	0.959029061	1.17985482
842	2.16547505	0.466325682	0.919388448	0.957403484	1.18169749
843	2.16797359	0.467216849	0.918389663	0.955763664	1.18355571
844	2.17113832	0.467603236	0.917924667	0.955000227	1.18544099
845	2.17728155	0.464063384	0.918221455	0.955341497	1.18736807
846	2.18624271	0.456081452	0.918986549	0.956111508	1.18932833
847	2.19435868	0.448029588	0.919998779	0.956888264	1.19129725
848	2.19796563	0.44428095	0.921037025	0.957249892	1.19325032
849	2.19796527	0.444516067	0.92238229	0.956958851	1.1952153
850	2.19796093	0.445232113	0.924097284	0.956132557	1.19719563
851	2.19795366	0.446415736	0.925578334	0.954871878	1.19912461
852	2.19794347	0.448054638	0.926221619	0.953277653	1.2009355
853	2.17810057	0.482045337	0.92055952	0.948373343	1.20256609
854	2.13337448	0.556158647	0.907792162	0.939657001	1.20407608
855	2.08825953	0.630443602	0.894912945	0.931306605	1.20558417
856	2.0672563	0.664939109	0.888916878	0.927501121	1.20720907
857	2.08496041	0.631698645	0.895147968	0.933305454	1.20902092
858	2.12489385	0.556724706	0.909201893	0.946395631	1.21095719
859	2.16517716	0.481093899	0.923378948	0.959600495	1.21293914
860	2.18393151	0.445883108	0.929979239	0.965748171	1.21488803
861	2.17224244	0.450207791	0.928804364	0.964777147	1.21678273
862	2.14587327	0.459982735	0.926150819	0.962484423	1.21866533
863	2.11927306	0.469843321	0.923474026	0.959922261	1.22054774
864	2.10688903	0.47443403	0.922227814	0.958141395	1.22244186
865	2.11124995	0.473265405	0.922290289	0.957172411	1.22435598
866	2.12109128	0.470627302	0.922431994	0.956339047	1.22628239
867	2.13101883	0.467966086	0.92257494	0.955715873	1.228209
868	2.13564071	0.466727126	0.92264149	0.955377685	1.2301237
869	2.12920863	0.467122333	0.922507784	0.955225779	1.23201839
870	2.11470244	0.468014281	0.922148523	0.955106594	1.23390099
871	2.10006915	0.468914043	0.921640879	0.955028525	1.2357834
872	2.09325645	0.469332938	0.921062045	0.955000007	1.23767752
873	2.1120643	0.467169261	0.920033809	0.955056916	1.2395858
874	2.15447693	0.462290305	0.918511646	0.955185251	1.24150218
875	2.19726115	0.457368603	0.917126538	0.955314711	1.24342657
876	2.21717983	0.455077248	0.916509614	0.955374982	1.24535886
877	2.2047332	0.456073984	0.917591265	0.955242195	1.24730498
878	2.17665506	0.458322969	0.920030584	0.954942747	1.24926341
879	2.14833093	0.460591657	0.922491274	0.954640675	1.25122202
880	2.13514431	0.461647871	0.923636877	0.954500042	1.25316873
881	2.14677456	0.459484769	0.923457161	0.954575888	1.25511357
882	2.17300737	0.454606682	0.922975442	0.954747002	1.25705932
883	2.19947002	0.449685856	0.92229902	0.954919614	1.25898064
884	2.21179001	0.447394909	0.921534904	0.954999976	1.26085216
885	2.21159003	0.451336088	0.920222436	0.954582614	1.26265958
886	2.21113085	0.460224222	0.91830748	0.953641491	1.26442082
887	2.21066765	0.469190228	0.916572992	0.952692121	1.26615853
888	2.21045201	0.473364454	0.915802111	0.952250132	1.26789535
889	2.21347044	0.467597097	0.917561695	0.953597017	1.26961892
890	2.22027657	0.454590021	0.921529723	0.95663428	1.27132249
891	2.22714233	0.441468986	0.925532516	0.959698154	1.27304065
892	2.23033876	0.435360337	0.927396062	0.961124576	1.27480805
893	2.21787047	0.43866494	0.926591453	0.960043592	1.27664551
894	2.18975474	0.446120278	0.924710375	0.957605226	1.27853363
895	2.16139267	0.453640934	0.922647824	0.955145496	1.280447
896	2.14818839	0.457142262	0.921298493	0.954000341	1.28236026
897	2.1510063	0.455909601	0.920715039	0.954151777	1.28428042
898	2.15817295	0.453127839	0.920271579	0.954494003	1.28621722
899	2.16742464	0.450321706	0.919912118	0.954839229	1.28814612
900	2.17650078	0.449015278	0.919580845	0.954999952	1.29004263
901	2.18708698	0.449863902	0.919219294	0.954886168	1.29188
902	2.19986827	0.451778262	0.918858949	0.954629497	1.29367782
903	2.21066749	0.453709394	0.918581358	0.954370579	1.29548236
904	2.21530631	0.454608454	0.918468077	0.954250036	1.29733993
905	2.21229626	0.454270506	0.919280461	0.954762246	1.29928539
906	2.20417907	0.453507895	0.921112302	0.955917262	1.30128992
907	2.19265242	0.452738602	0.922960192	0.957082397	1.30330378
908	2.17941355	0.452380449	0.923820499	0.957624839	1.30527726
909	2.15524545	0.456071636	0.922259441	0.956467704	1.30719562
910	2.11905476	0.46439479	0.918738981	0.953858224	1.30908653
911	2.08600386	0.472790865	0.915187677	0.951225882	1.31096153
912	2.07125858	0.476699754	0.913534327	0.950000365	1.3128321
913	2.08867007	0.472956801	0.914817659	0.950815799	1.31470062
914	2.12793931	0.464514541	0.917712435	0.952655268	1.31656125
915	2.1675526	0.455998316	0.920632573	0.954510854	1.31841387
916	2.18599503	0.45203349	0.921992077	0.955374743	1.32025839
917	2.1802947	0.453542641	0.921912007	0.95528014	1.32207797
918	2.1673256	0.456948145	0.921730552	0.955066248	1.3238775
919	2.15398232	0.460383486	0.921547508	0.954850482	1.32569168
920	2.14715572	0.461982848	0.92146229	0.95475003	1.32755519
921	2.1462074	0.460668722	0.922006342	0.954939721	1.32951335
922	2.14550164	0.45770455	0.923233132	0.955367504	1.33153966
923	2.14505952	0.454714408	0.924470671	0.955799036	1.33355835
924	2.1449038	0.453322313	0.925046821	0.95599994	1.33549363
925	2.14913714	0.454554743	0.922978609	0.955013452	1.33730071
926	2.16018079	0.457334568	0.918314803	0.952788978	1.3390313
927	2.1750898	0.460138748	0.913610136	0.950545014	1.3407536
928	2.19091803	0.461444266	0.911419825	0.949500311	1.34253582
929	2.21335552	0.457249815	0.914697501	0.950847017	1.34439967
930	2.2432843	0.447791262	0.922089496	0.95388428	1.34631008
931	2.26957288	0.43824984	0.929546255	0.956948154	1.34825329
932	2.28108715	0.433807722	0.933017835	0.958374576	1.35021557
933	2.27523795	0.436485289	0.931514123	0.957767894	1.35223206
934	2.26204163	0.442525665	0.927972993	0.956398986	1.35429989
935	2.24872969	0.448618962	0.924027998	0.955018085	1.35634247
936	2.24253216	0.451455767	0.921312125	0.954375191	1.35828318
937	2.24424809	0.449673919	0.919824481	0.954982106	1.36007959
938	2.24868145	0.445654294	0.918515203	0.956351014	1.36178599
939	2.2545626	0.441599452	0.917580531	0.957731915	1.36346975
940	2.26062322	0.439711674	0.91721708	0.958374809	1.36519825
941	2.26856853	0.440346021	0.918120099	0.958067221	1.36700331
942	2.27875828	0.442147472	0.920156456	0.95723276	1.36884593
943	2.28757834	0.444895057	0.922210653	0.956037621	1.37068915
944	2.29141369	0.44836819	0.923167009	0.954647897	1.37249598
945	2.27157272	0.459018359	0.921919131	0.951983569	1.37422953
946	2.22683269	0.477931568	0.919104765	0.947913486	1.37591799
947	2.18170067	0.496047098	0.916265742	0.944173658	1.37762358
948	2.16068894	0.504302088	0.914944002	0.942500489	1.37940852
949	2.16465922	0.497044889	0.916735976	0.944738704	1.38131422
950	2.17504313	0.480025498	0.920884536	0.94978655	1.38330629
951	2.18908389	0.461221128	0.925338892	0.954878622	1.38533339
952	2.20402983	0.448608817	0.928048087	0.957249295	1.38734421
953	2.22537187	0.442152541	0.929074586	0.957232019	1.38933164
954	2.25394217	0.436568274	0.929910681	0.957180746	1.39132117
955	2.27907029	0.432629034	0.930475084	0.957102036	1.39330677
956	2.29008327	0.431109646	0.930686034	0.957001747	1.39528238
957	2.28251303	0.433239708	0.929651898	0.956673204	1.39725297
958	2.2654364	0.43804351	0.927319995	0.956080373	1.39921999
959	2.24821017	0.442889399	0.924967662	0.955510294	1.40117093
960	2.2401903	0.445145458	0.923872506	0.955250077	1.4030933
961	2.24603104	0.444828099	0.924095537	0.955420749	1.40496538
962	2.25920616	0.444007067	0.924648073	0.955805754	1.40679984
963	2.27249671	0.442917393	0.925328481	0.956194132	1.40863741
964	2.27868428	0.441793531	0.925935387	0.956374946	1.41051886
965	2.27825836	0.440317091	0.926497722	0.956042671	1.41246526
966	2.27707566	0.438421555	0.927099896	0.955257817	1.4144534
967	2.27533371	0.436780144	0.927602245	0.954376745	1.41645848
968	2.27322838	0.436066242	0.927865047	0.953755869	1.41845569
969	2.26839721	0.436259171	0.927947377	0.953395674	1.42044312
970	2.26051322	0.436694652	0.928010638	0.953073526	1.42243265
971	2.2531285	0.437133948	0.928051362	0.952841068	1.42441825
972	2.24979601	0.437338467	0.928066034	0.952750025	1.42639386
973	2.25374444	0.435784797	0.927960682	0.953281218	1.42835841
974	2.26264958	0.432281435	0.92768681	0.954479012	1.43031506
975	2.27163275	0.428747378	0.92731919	0.9556873	1.4322637
976	2.27581496	0.427102057	0.926932619	0.956249833	1.43420425
977	2.27311651	0.430331453	0.926398632	0.955358313	1.4361253
978	2.26656926	0.437614222	0.925695469	0.95334773	1.4380302
979	2.25880766	0.444960798	0.925080737	0.951319532	1.43994246
980	2.25246573	0.44838108	0.924812108	0.950375281	1.44188561
981	2.24830024	0.446422517	0.924947949	0.951076967	1.44387673
982	2.24476542	0.442004041	0.925254419	0.952659766	1.445901
983	2.24117212	0.437546853	0.925563574	0.954256432	1.44793392
984	2.2368315	0.435471759	0.925707504	0.954999779	1.44995101
985	2.23161774	0.437648196	0.925311045	0.954523509	1.45197297
986	2.22562572	0.443334969	0.924269566	0.953348326	1.45400525
987	2.21844716	0.451028419	0.922848075	0.951909321	1.45599557
988	2.20967366	0.459224866	0.92131165	0.950641508	1.45789164
989	2.19368853	0.470956838	0.919020258	0.949462081	1.45964528
990	2.17082075	0.486680666	0.915887196	0.948192931	1.46130138
991	2.1502411	0.500515919	0.913110741	0.947175189	1.46294914
992	2.14112212	0.506580784	0.911889451	0.94675012	1.46467775
993	2.15741479	0.496297638	0.913605743	0.94830571	1.46652614
994	2.19415758	0.473107177	0.917565606	0.951813535	1.46844701
995	2.23122228	0.449713537	0.921784435	0.955352093	1.47040316
996	2.24847818	0.438822359	0.924277441	0.95699951	1.47235736
997	2.24830475	0.43888551	0.925124088	0.956961469	1.47430248
998	2.24701972	0.439363297	0.92580183	0.95668418	1.47625773
999	2.24350377	0.440670562	0.926251908	0.955925494	1.47822302
1000	2.23663243	0.443225388	0.926415094	0.954442771	1.48019826
