kimg	g_loss	d_loss	real_sign_proxy	fake_sign_proxy	ada_p
0	0.661877975	2.1900667	0.5	0.21875	0
1	4.506071	1.52014322	0.655045676	0.492164625	0.00140145127
2	7.69477188	0.929587176	0.792820977	0.734087316	0.00285777561
3	9.84825016	0.512367772	0.893047561	0.905448998	0.00434544927
4	10.653403	0.351274784	0.938033407	0.971732085	0.00586347226
5	10.2180062	0.362258262	0.946270165	0.969226754	0.00740099594
6	9.19971509	0.387122283	0.951414135	0.963537247	0.00896328395
7	8.08178566	0.412204262	0.955295546	0.957797865	0.0105748728
8	7.34739651	0.423881612	0.959735892	0.955125796	0.0122603025
9	7.03281431	0.383351372	0.966057289	0.959659254	0.0140904904
10	6.79934317	0.291954452	0.97305283	0.969883256	0.0160419247
11	6.60300082	0.199756345	0.978738786	0.980196882	0.0179906102
12	6.39990065	0.156831917	0.981131397	0.98499857	0.0198125333
13	6.17109372	0.199212247	0.978645781	0.982970021	0.0214583736
14	5.94148051	0.294801812	0.972675856	0.97839275	0.0230084809
15	5.73153523	0.391229343	0.965738633	0.973775352	0.0245290727
16	5.56172824	0.43612291	0.96035121	0.97162564	0.0260863549
17	5.43955801	0.428448064	0.956914241	0.97175684	0.0277024993
18	5.34285484	0.40992969	0.953943427	0.972105617	0.0293413646
19	5.24815589	0.388274008	0.951292886	0.972586993	0.030984646
20	5.13199989	0.371176231	0.948817182	0.973116595	0.0326140469
21	4.98327621	0.358426904	0.946762612	0.973949904	0.0342520554
22	4.80940345	0.345994686	0.945087723	0.975118583	0.0359007912
23	4.61393684	0.336534141	0.943169595	0.976163362	0.0375068627
24	4.40042951	0.332701708	0.940385186	0.976624866	0.039016866
25	4.10282669	0.360843427	0.934450739	0.971769529	0.0404859992
26	3.73155136	0.427349946	0.924790992	0.95956638	0.0419323924
27	3.4136367	0.502109242	0.913551902	0.944099758	0.0432353585
28	3.27613956	0.555001627	0.902879987	0.929455322	0.0442741791
29	3.32140482	0.580957703	0.892581582	0.915380928	0.0450616295
30	3.42355986	0.600115494	0.881725562	0.900024501	0.0457248189
31	3.5266104	0.618290163	0.871566724	0.885463702	0.0463040461
32	3.57458731	0.641291786	0.863360445	0.873777255	0.0468395812
33	3.56113631	0.680231231	0.856349201	0.863959943	0.0473361058
34	3.52755866	0.730800084	0.849686799	0.854646458	0.0477849262
35	3.48559777	0.774779774	0.844693283	0.847672799	0.0482094587
36	3.44698682	0.793949302	0.842689233	0.844875772	0.0486331285
37	3.41421439	0.789639555	0.843170712	0.848517587	0.0490551824
38	3.38119694	0.77990932	0.844257616	0.856731014	0.0494655017
39	3.34751954	0.770093795	0.845354048	0.865016435	0.049875636
40	3.31276916	0.765524013	0.84586451	0.868873851	0.0502971412
41	3.28212711	0.768581743	0.845799221	0.867021072	0.050817362
42	3.25424497	0.777098847	0.845600912	0.862236337	0.051406713
43	3.21820164	0.789764052	0.845273204	0.85588923	0.0518909988
44	3.1630741	0.80526658	0.844819582	0.849348735	0.0520959957
45	2.87532765	0.843444054	0.835623793	0.840775394	0.0519593256
46	2.31956929	0.907193532	0.815588755	0.829780845	0.0516409811
47	1.77651676	0.967283657	0.795510296	0.820264367	0.051294579
48	1.52695377	0.994476289	0.786186984	0.816126193	0.0510737204
49	1.6692049	0.970128038	0.790285259	0.822765132	0.0509970439
50	1.99012409	0.915208763	0.79953244	0.837737525	0.0509514127
51	2.3138563	0.859808094	0.808860677	0.852841158	0.0509029704
52	2.46457523	0.834015388	0.813203594	0.859872906	0.050817888
53	2.41711503	0.853689835	0.806743024	0.855016316	0.0505245171
54	2.2990019	0.900481983	0.79077842	0.843521409	0.0499431569
55	2.15219077	0.95375214	0.77116688	0.830568952	0.0491938083
56	2.01860604	0.992862212	0.753766166	0.821339119	0.0483965155
57	1.88593357	1.01781709	0.737346993	0.815840386	0.0474245833
58	1.73847053	1.04080587	0.719555808	0.810883577	0.0462145648
59	1.61836028	1.05771274	0.705240257	0.807288309	0.0450074017
60	1.56776051	1.06441717	0.699249813	0.805875385	0.0440441058
61	1.66853489	1.05638205	0.70827065	0.808030343	0.0433360191
62	1.8957967	1.03654546	0.729055649	0.813444882	0.0427182571
63	2.12505057	1.012222	0.751131396	0.820301958	0.0421860222
64	2.23178353	0.990726882	0.764023337	0.826784262	0.0417345672
65	2.2312131	0.970607553	0.768194125	0.832783409	0.0413619449
66	2.22941274	0.948893004	0.771514604	0.839183513	0.0410470124
67	2.22648361	0.931454319	0.773716252	0.845510421	0.0407554858
68	2.22249525	0.924164841	0.774528089	0.851289584	0.0404530791
69	2.18522379	0.929379091	0.774336	0.85706619	0.0400746767
70	2.10728513	0.941140998	0.773902391	0.862962801	0.0396543689
71	2.02981582	0.953006005	0.773464982	0.867759457	0.0393121418
72	1.99396272	0.958529957	0.773261339	0.870235902	0.0391679964
73	2.02710487	0.950976693	0.777140554	0.871011643	0.0392068101
74	2.1018589	0.93394163	0.785887674	0.871606028	0.0392944206
75	2.17726819	0.916757248	0.794711467	0.871987724	0.0393827991
76	2.21237625	0.908756771	0.798819531	0.872124965	0.0394239452
77	2.19160887	0.914686863	0.792659157	0.871366128	0.039085104
78	2.1425268	0.928063606	0.778765779	0.869654997	0.0383047802
79	2.08740124	0.941557602	0.764750619	0.867928868	0.0374767008
80	2.04849935	0.947839957	0.758225627	0.867125239	0.0369946871
81	2.02585318	0.945092931	0.759281524	0.868575243	0.0368408944
82	2.00557874	0.938016506	0.762018214	0.872003932	0.0367186737
83	1.99093926	0.928669181	0.765662916	0.875861714	0.0366377507
84	1.98520305	0.919108397	0.769444478	0.878598783	0.0366079438
85	1.98794439	0.906805996	0.774070921	0.880212672	0.0366166556
86	1.99412918	0.891177974	0.779879808	0.881663012	0.0366420715
87	2.00036819	0.877700306	0.785388499	0.882712853	0.0366821863
88	2.00327287	0.871850321	0.789113934	0.883124888	0.0367349998
89	1.985551	0.87229948	0.791335195	0.882341457	0.0369481919
90	1.94558918	0.873454775	0.793248671	0.880547172	0.0373679509
91	1.90527708	0.874969133	0.79459456	0.878667918	0.0378227222
92	1.88650911	0.876497031	0.795112642	0.877629717	0.0381409045
93	1.90916557	0.87839888	0.794761711	0.877373161	0.0382955297
94	1.96026473	0.880773908	0.793947959	0.87717483	0.0384068442
95	2.0118118	0.882808424	0.793071372	0.877046461	0.0385132777
96	2.0358104	0.883688526	0.792531902	0.877000012	0.0386532304
97	2.02548021	0.880613736	0.792366864	0.878479801	0.0389068449
98	2.00217124	0.873432233	0.792274574	0.881816505	0.0392478231
99	1.97865795	0.865564464	0.792174284	0.885182458	0.0395481823
100	1.96771095	0.860431581	0.791985317	0.886749533	0.0396799213
101	1.96797739	0.85799808	0.789777404	0.88675	0.0396799594
102	1.96858553	0.855930392	0.785154586	0.88675	0.0396799594
103	1.969199	0.854490039	0.780558426	0.88675	0.0396799594
104	1.96948461	0.853939324	0.778431083	0.88675	0.0396799594
105	1.95598193	0.856515756	0.780240657	0.885004594	0.0397643074
106	1.92553544	0.862325517	0.784647202	0.881068994	0.0399822532
107	1.89482208	0.868186202	0.789909473	0.877098896	0.0402719267
108	1.88052296	0.870914742	0.794286304	0.87525055	0.0405714326
109	1.89539715	0.865302791	0.797268537	0.877239341	0.0408692595
110	1.93300811	0.850946023	0.799859053	0.882073099	0.0412107195
111	1.98116788	0.832184813	0.80249908	0.88782492	0.0416155279
112	2.02768833	0.813360395	0.80562961	0.892567843	0.0421033901
113	2.08011214	0.790234668	0.810518076	0.896431639	0.0429566882
114	2.14228323	0.761550917	0.816754721	0.900341555	0.0441534244
115	2.19441711	0.737046329	0.822142093	0.903378942	0.0452232855
116	2.21672376	0.726460588	0.824482408	0.904624652	0.0456958679
117	2.17074145	0.745111408	0.820050236	0.901730738	0.0456329389
118	2.06634473	0.787948065	0.809689928	0.894894242	0.045472424
119	1.95927242	0.833110455	0.798320719	0.887216981	0.0452644421
120	1.90527145	0.858735654	0.790862551	0.881801319	0.0450589936
121	1.89888219	0.866013432	0.787270693	0.878651675	0.0448155836
122	1.89415997	0.871718324	0.784208113	0.875832677	0.0445192978
123	1.89121942	0.875453691	0.782069389	0.873797549	0.0442681112
124	1.89018895	0.876817718	0.78125022	0.873000217	0.0441600245
125	1.89652116	0.873081247	0.784388183	0.874397512	0.0442662502
126	1.91079985	0.864655318	0.791464268	0.877603091	0.0445218218
127	1.92520372	0.856155515	0.798602393	0.880973663	0.0448198317
128	1.93190976	0.852198248	0.801925701	0.882865718	0.0450533706
129	1.9255964	0.853790975	0.800667799	0.883375067	0.0452092687
130	1.91135615	0.857385012	0.79782917	0.883772087	0.045348708
131	1.89699101	0.861010567	0.794965648	0.884030834	0.0454687999
132	1.89030301	0.862698524	0.793632473	0.884124976	0.0455666351
133	1.89289829	0.862436159	0.794853514	0.883783512	0.0456359061
134	1.89985989	0.861668149	0.797627816	0.883013505	0.045686687
135	1.90966241	0.860452491	0.800477085	0.882236745	0.045741376
136	1.9207817	0.858846754	0.801923036	0.881875108	0.0458223734
137	1.94016346	0.850962566	0.802107029	0.88229423	0.0460180175
138	1.96862407	0.835602322	0.802243422	0.883309911	0.0463306832
139	1.9944556	0.820563956	0.802328576	0.884511528	0.0466451928
140	2.00594744	0.813647305	0.802358483	0.885488434	0.0468463455
141	1.99089952	0.817965161	0.80157974	0.886182343	0.0469441529
142	1.95696098	0.827705943	0.799823765	0.886818864	0.0470260852
143	1.92272482	0.837532149	0.798052391	0.887385085	0.047082571
144	1.90678542	0.842106955	0.797227689	0.887868018	0.0471040102
145	1.9306827	0.837025254	0.797786981	0.888214569	0.0470845889
146	1.98466764	0.82505461	0.79928458	0.888467436	0.0470407838
147	2.03935036	0.811698505	0.801388762	0.888763624	0.0469965944
148	2.06533819	0.802460638	0.803767886	0.889240157	0.0469760211
149	2.06614809	0.797550462	0.807867315	0.891435667	0.0471538371
150	2.06672725	0.793390036	0.813856956	0.895550912	0.047605405
151	2.06707914	0.790235978	0.819284583	0.89954447	0.0481882252
152	2.06719983	0.788346088	0.821697409	0.901374458	0.0487597513
153	2.05384203	0.787289398	0.821547033	0.900762347	0.0492996343
154	2.02372197	0.786448826	0.821150586	0.899230947	0.0498867588
155	1.99333777	0.785866889	0.82061034	0.897308916	0.0505176965
156	1.97919174	0.785586279	0.820027907	0.895524555	0.0511889928
157	1.99361257	0.785507985	0.819165749	0.893677269	0.0519179552
158	2.02613903	0.785469069	0.817991131	0.891580347	0.0527098161
159	2.05895073	0.78542885	0.816951522	0.889855643	0.0535406539
160	2.07422694	0.785346681	0.816494493	0.889125208	0.0543865402
161	2.07316689	0.782911334	0.8176421	0.890718609	0.0552933392
162	2.07039137	0.77757962	0.820230092	0.894311976	0.0562608118
163	2.06664829	0.772231305	0.822840779	0.897936855	0.0571878269
164	2.06268129	0.76974688	0.824056241	0.899624497	0.0579732314
165	2.05708448	0.771031046	0.823196687	0.898581565	0.0585937861
166	2.04963648	0.77392833	0.821237165	0.896228766	0.0591304167
167	2.04309991	0.776851022	0.81920882	0.893855333	0.0596330044
168	2.04023806	0.778211746	0.818142704	0.892750329	0.0601514163
169	2.04840217	0.777094176	0.817953662	0.893421073	0.0606805186
170	2.06790281	0.774260647	0.817811122	0.895093588	0.0611989449
171	2.09031595	0.770615804	0.817720806	0.897181585	0.0617372815
172	2.10721584	0.767064221	0.817688687	0.899098901	0.0623261286
173	2.1186511	0.762984117	0.81911215	0.900798753	0.0630312716
174	2.12940001	0.758096662	0.822321879	0.90256296	0.0638295158
175	2.13740427	0.753980762	0.825559755	0.90425266	0.0646123403
176	2.14060362	0.752215757	0.82706722	0.905728867	0.0652712092
177	2.12423796	0.75311229	0.825712559	0.907151022	0.0657522153
178	2.08733368	0.755134986	0.822656975	0.908575205	0.0661431116
179	2.05010576	0.757175421	0.819574595	0.909675243	0.06654586
180	2.03277349	0.75812539	0.818139526	0.910124874	0.0670624172
181	2.03597847	0.755770011	0.820970161	0.908321394	0.0678608536
182	2.04321688	0.750458322	0.827353812	0.904214435	0.0689077705
183	2.05051878	0.745100051	0.833793446	0.899970635	0.0699914719
184	2.05391834	0.742605391	0.836791559	0.897757081	0.0709002307
185	2.04339824	0.748112176	0.833747425	0.897388616	0.071596337
186	2.01967459	0.760530883	0.826881313	0.897111826	0.0722131088
187	1.9957429	0.773058498	0.819954987	0.896937014	0.0727822228
188	1.98460098	0.778891004	0.816730285	0.896875016	0.07333532
189	1.99192876	0.775626445	0.816879456	0.897956378	0.0738486696
190	2.00948336	0.76788451	0.817309789	0.900394734	0.0743171848
191	2.02976767	0.759126626	0.817974824	0.902854473	0.0748064233
192	2.04528569	0.752813493	0.818829023	0.903999659	0.075381959
193	2.05611757	0.748949962	0.821747845	0.903902108	0.0761006668
194	2.06641497	0.745438298	0.827113297	0.903621829	0.0769458508
195	2.07413535	0.742877588	0.832412679	0.903189304	0.0778718096
196	2.07723441	0.74186771	0.835132679	0.902634705	0.0788328395
197	2.06789291	0.742227483	0.835502337	0.900710768	0.0798235469
198	2.04682722	0.743039345	0.835691937	0.89719384	0.0808747553
199	2.02557679	0.743858326	0.835874725	0.89380118	0.0819919612
200	2.01568318	0.744239621	0.836223331	0.892250458	0.0831806528
201	2.02309072	0.743248081	0.838132218	0.892389017	0.0846110945
202	2.03980034	0.74101204	0.841767554	0.892729729	0.0862460465
203	2.05665649	0.73875639	0.845308419	0.893141969	0.0877583464
204	2.06450424	0.737706223	0.846933481	0.893495529	0.0888207741
205	2.05450487	0.740382141	0.842706342	0.893724398	0.0894074375
206	2.03195242	0.746416667	0.833173649	0.893909074	0.0898242061
207	2.00920219	0.752504114	0.823557357	0.894136289	0.0902196149
208	1.99861032	0.755338258	0.819080282	0.894492769	0.0907421396
209	2.00934437	0.752253858	0.822142681	0.89623347	0.0915020454
210	2.03355528	0.74529706	0.829320956	0.899545022	0.0924524405
211	2.05797851	0.738279253	0.837241319	0.902769741	0.0935060515
212	2.06934928	0.73501196	0.842530359	0.904249562	0.094575605
213	2.04865901	0.736697216	0.845205996	0.901726785	0.0957012725
214	2.00199771	0.740499428	0.847513625	0.896037288	0.0969173303
215	1.95492721	0.744334985	0.849138219	0.890297896	0.098114862
216	1.9330125	0.746120713	0.849763982	0.887625797	0.0991849167
217	1.95088882	0.7437853	0.847817206	0.888338519	0.1000657
218	1.99121215	0.738518072	0.843427118	0.890053342	0.100841366
219	2.0318891	0.733204651	0.838998531	0.892049691	0.101620743
220	2.05082714	0.730730872	0.836936705	0.893607564	0.102512652
221	2.04778169	0.731031488	0.838386126	0.894741404	0.103603433
222	2.03972623	0.731710998	0.841738896	0.895836529	0.104842387
223	2.02864282	0.732396467	0.845330212	0.896665301	0.10613169
224	2.01650874	0.732715602	0.847495433	0.896999907	0.107373518
225	1.99770455	0.732635255	0.848289979	0.895747878	0.108552604
226	1.97151944	0.732421681	0.8489339	0.892924519	0.109718586
227	1.94816711	0.732125263	0.849366891	0.8900764	0.110864376
228	1.93786363	0.731796311	0.849528259	0.888750395	0.111982868
229	1.9525107	0.731264228	0.848988999	0.889552711	0.113062423
230	1.98554455	0.730508439	0.847629792	0.891379929	0.114110945
231	2.01886809	0.729829872	0.845898561	0.893266484	0.115151559
232	2.0343826	0.729529522	0.844243352	0.894246949	0.116207392
233	2.03238523	0.729558461	0.842419404	0.89440511	0.117292069
234	2.02712269	0.729623912	0.840281311	0.894523712	0.118391312
235	2.0199316	0.729689937	0.83849737	0.894598502	0.119486668
236	2.01214455	0.729720676	0.837736067	0.894624993	0.120559683
237	2.00046751	0.727729969	0.839433168	0.893923053	0.121636162
238	1.98445913	0.723090304	0.843260385	0.892340261	0.122717889
239	1.97025965	0.718030425	0.847121166	0.890743588	0.123745403
240	1.96401077	0.714779686	0.848918637	0.890000222	0.124659229
241	1.96443253	0.713306405	0.847351001	0.892014055	0.125438275
242	1.96555904	0.712066542	0.843488689	0.89670676	0.126135052
243	1.96712668	0.711208821	0.8387717	0.901821189	0.126798453
244	1.96887348	0.710882476	0.834639973	0.905099785	0.127477368
245	1.97173699	0.712989203	0.830841048	0.906575938	0.128148698
246	1.9758292	0.717739775	0.826776206	0.907816539	0.1287966
247	1.97951072	0.722532008	0.823525695	0.908673924	0.129488174
248	1.9811418	0.724763137	0.822170194	0.908999913	0.130290539
249	1.97767161	0.722527861	0.825429039	0.908960136	0.131323888
250	1.96984575	0.717143586	0.832882594	0.908850889	0.132563362
251	1.96195126	0.710850446	0.840664266	0.908691984	0.133849716
252	1.9582758	0.705888597	0.844906813	0.908503158	0.135023679
253	1.97401483	0.702204617	0.845877124	0.908231093	0.13602551
254	2.00950656	0.698620395	0.846622181	0.907816891	0.136952604
255	2.04530938	0.695889582	0.847101681	0.907279038	0.137875316
256	2.06197783	0.694766372	0.847274392	0.906636036	0.138863985
257	2.05339387	0.694739522	0.847186964	0.90574737	0.139939541
258	2.03296178	0.694720447	0.846989731	0.904513884	0.141069581
259	2.00966986	0.694708908	0.846790769	0.903032896	0.142248053
260	1.99250408	0.694704966	0.846698141	0.901401772	0.143468915
261	1.98234984	0.694719014	0.846928233	0.899034277	0.144759415
262	1.97367732	0.694761753	0.847447108	0.895961543	0.146119434
263	1.96649817	0.694832687	0.847970529	0.893289759	0.14749792
264	1.96082578	0.694931321	0.848214213	0.892125336	0.148843812
265	1.95586126	0.697940788	0.847984166	0.89275563	0.150136098
266	1.95128366	0.704574022	0.847465291	0.894226114	0.151404591
267	1.94791546	0.711236562	0.84694187	0.895831572	0.152672709
268	1.9465794	0.714333034	0.846698186	0.896866924	0.153963868
269	1.95225717	0.711958094	0.847427498	0.897341518	0.155329894
270	1.96506027	0.706600988	0.849072119	0.897741862	0.156745936
271	1.97797554	0.701196947	0.850731149	0.89801929	0.158115712
272	1.98398839	0.698681033	0.85150353	0.898124972	0.15934293
273	1.97466153	0.700592659	0.850834971	0.898125	0.160410964
274	1.95362723	0.704904694	0.849111433	0.898125	0.161389454
275	1.93240865	0.709254507	0.846830589	0.898125	0.162305689
276	1.92253009	0.711279613	0.844490083	0.898125	0.163186943
277	1.92254133	0.710728416	0.84181377	0.90133128	0.164031778
278	1.92258458	0.709414425	0.838558877	0.908560822	0.164832869
279	1.92265659	0.707913364	0.835350689	0.915853705	0.165611358
280	1.92275707	0.706800526	0.832814697	0.91924899	0.166388395
281	1.92561042	0.706249614	0.830777525	0.917946179	0.167137382
282	1.93302743	0.705876343	0.828850448	0.914983099	0.167856372
283	1.94334484	0.705445358	0.827409988	0.911935662	0.168608829
284	1.95489858	0.704721375	0.826832866	0.910379179	0.169458231
285	1.97409154	0.700569918	0.827957367	0.910210424	0.170456616
286	2.0016604	0.69250428	0.830751297	0.910127498	0.171585292
287	2.02650427	0.684612599	0.834218785	0.910045227	0.17280106
288	2.03751973	0.680983964	0.83736378	0.909878808	0.174060719
289	2.02159641	0.682913941	0.840466889	0.908014575	0.175432255
290	1.98568518	0.687566515	0.843904586	0.904135025	0.176924574
291	1.94945932	0.693010531	0.846700275	0.900282673	0.178393387
292	1.93259395	0.697315316	0.847877025	0.898500529	0.179694373
293	1.93466249	0.700468211	0.845432171	0.899258883	0.180788329
294	1.93933795	0.703496743	0.839918745	0.900970017	0.181775899
295	1.94405438	0.705865396	0.834357015	0.902696143	0.182715482
296	1.94625017	0.707038211	0.831767688	0.903499761	0.183665461
297	1.94127179	0.707371532	0.832185038	0.903462056	0.184623564
298	1.93004504	0.707624088	0.833216849	0.903376499	0.185563892
299	1.91871993	0.707784707	0.834481653	0.903290193	0.186514831
300	1.91344739	0.707842001	0.835598626	0.903250012	0.187504783
301	1.91627572	0.705414536	0.836399989	0.904540101	0.188545263
302	1.9226566	0.699941039	0.837109281	0.907449029	0.189622632
303	1.92909339	0.694419586	0.837920984	0.910383443	0.190728627
304	1.93209011	0.691849011	0.839029551	0.911749594	0.191854986
305	1.92239308	0.692752	0.841577703	0.90954924	0.193022555
306	1.90052615	0.694789791	0.845524485	0.90458695	0.194230546
307	1.87846764	0.696845436	0.849166095	0.899581185	0.195434835
308	1.86819805	0.697802465	0.850798395	0.897250693	0.196591291
309	1.87808495	0.697627226	0.84852984	0.898701021	0.197679156
310	1.90117069	0.69713253	0.843413612	0.902059646	0.198726877
311	1.92643527	0.696384661	0.838252559	0.905666173	0.199762997
312	1.94285871	0.695449664	0.835849771	0.907860446	0.200816053
313	1.95056506	0.692810444	0.835906669	0.908692846	0.201894712
314	1.95709822	0.688223839	0.836075116	0.909370977	0.202983621
315	1.96164184	0.683854725	0.836341986	0.909828815	0.204076687
316	1.96337709	0.681868485	0.836694854	0.909999955	0.20516782
317	1.95148348	0.684427063	0.838454382	0.908520178	0.206244797
318	1.92466465	0.690197479	0.841890242	0.905183467	0.207313859
319	1.89761085	0.696018452	0.845255815	0.901817521	0.208397669
320	1.88501564	0.698728472	0.846804053	0.900250466	0.209518895
321	1.89729822	0.695204202	0.845607083	0.901114014	0.210705145
322	1.92500151	0.687255836	0.842907112	0.903250409	0.211940565
323	1.95294751	0.679237832	0.840183487	0.905878961	0.213181085
324	1.96595809	0.675504958	0.838915472	0.90821918	0.214382633
325	1.95012659	0.675656338	0.839011525	0.910442714	0.2155321
326	1.9137437	0.676101064	0.839245695	0.912860234	0.216654644
327	1.87533865	0.67680347	0.839524022	0.914808686	0.217761444
328	1.85344174	0.677728958	0.839752892	0.91562477	0.218863674
329	1.84707665	0.682113395	0.839891973	0.912361804	0.219944653
330	1.84207433	0.690608039	0.839999575	0.905003926	0.221004136
331	1.83879208	0.698914312	0.840127151	0.897581585	0.222081106
332	1.83759154	0.702732592	0.840326146	0.894126028	0.22321456
333	1.84184645	0.701112824	0.841133878	0.895176229	0.224447135
334	1.85208189	0.697211171	0.842611795	0.89755257	0.225754017
335	1.86401873	0.692654416	0.844037805	0.899964882	0.227071029
336	1.87337684	0.689068707	0.844689657	0.901123691	0.228333989
337	1.87932183	0.68656851	0.844511541	0.901178323	0.229523863
338	1.88438855	0.68425281	0.844109488	0.901217696	0.230677595
339	1.88909047	0.682349932	0.843703914	0.901241725	0.231811847
340	1.89394037	0.681088541	0.843515094	0.901249998	0.23294327
341	1.89931531	0.680438213	0.843532801	0.899447653	0.234088079
342	1.90487422	0.680032664	0.843572855	0.895383709	0.235234218
343	1.91004871	0.679614338	0.843613259	0.89128416	0.236355297
344	1.91427038	0.678925726	0.84363207	0.889375568	0.237424923
345	1.91794628	0.676556842	0.843224407	0.892163895	0.238430402
346	1.92145666	0.672457364	0.842227252	0.898452313	0.239391414
347	1.92409549	0.668556544	0.841025304	0.904795826	0.240329552
348	1.92515647	0.666784033	0.84000338	0.907749121	0.241266406
349	1.91496989	0.673416631	0.839118167	0.906232234	0.242187581
350	1.89200045	0.688373032	0.838197305	0.902809966	0.243087446
351	1.86882978	0.703460471	0.837471393	0.899357714	0.244004512
352	1.85804241	0.710484602	0.837171137	0.897750478	0.244977304
353	1.85899489	0.706120899	0.83790111	0.898865091	0.246056046
354	1.8611498	0.696276879	0.839547248	0.901524445	0.247214791
355	1.86332358	0.686346614	0.841207809	0.90457194	0.248374795
356	1.86433561	0.681723465	0.841980902	0.906851108	0.249457306
357	1.85589512	0.683522251	0.840323868	0.908366176	0.250429745
358	1.83686277	0.687609672	0.836587058	0.909781422	0.251343227
359	1.81766367	0.691804354	0.832817509	0.910831273	0.252241985
360	1.80872531	0.693925732	0.831062552	0.911249885	0.253170245
361	1.81440782	0.694185175	0.832540312	0.908271385	0.254127239
362	1.82774529	0.694377182	0.835873553	0.901555183	0.255093644
363	1.84250394	0.694496883	0.839235997	0.894780138	0.256089872
364	1.85245087	0.694538871	0.840801421	0.891625938	0.257136346
365	1.85760882	0.693925104	0.840750076	0.892899965	0.258257351
366	1.86208435	0.692312233	0.840633254	0.895905257	0.259442205
367	1.86524846	0.690109396	0.840515407	0.899265124	0.260657656
368	1.86647074	0.687725901	0.840460543	0.901603419	0.261870446
369	1.86630023	0.684160036	0.841566042	0.902762989	0.263106944
370	1.86582764	0.679277006	0.844058766	0.903661219	0.264375053
371	1.86513104	0.674947475	0.846573329	0.904438838	0.265607456
372	1.86428825	0.673042543	0.847744013	0.905236319	0.266736818
373	1.86300185	0.675818073	0.845187209	0.906222596	0.267733706
374	1.86095296	0.682077603	0.839421325	0.907287318	0.26864987
375	1.85822402	0.688391974	0.833604924	0.908142442	0.26953796
376	1.85489751	0.691331702	0.830897032	0.908499899	0.27045062
377	1.84817531	0.690891007	0.83327507	0.906659709	0.271368105
378	1.83789649	0.689760308	0.838638901	0.902510208	0.272272085
379	1.82844899	0.688280003	0.844049727	0.898324353	0.273224547
380	1.8242217	0.686789747	0.846568799	0.89637558	0.274287497
381	1.83089734	0.684944441	0.844835699	0.897968654	0.275617792
382	1.8459524	0.682646264	0.840918905	0.901562036	0.277170382
383	1.86113937	0.680679713	0.836949439	0.905186901	0.278690117
384	1.86820984	0.679829486	0.835058122	0.906874498	0.279921811
385	1.86659451	0.680496998	0.835005023	0.906740667	0.280825957
386	1.86228339	0.682280205	0.834980105	0.906397807	0.281591903
387	1.85626388	0.684777185	0.834956233	0.905951416	0.282291876
388	1.84952177	0.687586067	0.834906804	0.905506529	0.28299806
389	1.83827749	0.692340601	0.834389044	0.905050353	0.283679514
390	1.82208366	0.699233252	0.833318869	0.904529005	0.284312862
391	1.80747787	0.705463352	0.832257693	0.903996575	0.284992055
392	1.80099923	0.708229596	0.831767063	0.903507181	0.285811073
393	1.81407815	0.703137359	0.834713254	0.903002588	0.286942815
394	1.84357283	0.691653533	0.841356674	0.902471329	0.28836067
395	1.87332592	0.680069093	0.848058299	0.902049955	0.289846692
396	1.88717781	0.674675825	0.851178317	0.901875049	0.291182899
397	1.87566617	0.675065631	0.849445409	0.90297538	0.292298298
398	1.84970037	0.676086057	0.845535945	0.905456525	0.293323968
399	1.82350707	0.67746223	0.841592228	0.907959408	0.294335344
400	1.81131248	0.678920765	0.839756185	0.909124653	0.295407833
401	1.81698253	0.680978711	0.83994355	0.907796955	0.296577509
402	1.82977559	0.683717426	0.840419591	0.90480247	0.29780335
403	1.84268072	0.686121015	0.841031456	0.90178175	0.299047156
404	1.84868886	0.687173344	0.841626784	0.900375418	0.300270735
405	1.84814969	0.686033764	0.842252244	0.900716497	0.301447628
406	1.84674564	0.683463546	0.84297086	0.901486508	0.302602927
407	1.84486572	0.68087081	0.843635455	0.902263264	0.303775852
408	1.84289728	0.679663731	0.844098803	0.902624892	0.305005624
409	1.84100219	0.680659466	0.844400721	0.901397243	0.306355284
410	1.83884449	0.683139234	0.844664619	0.898442437	0.30779377
411	1.83607516	0.686228762	0.844852117	0.89499273	0.309214496
412	1.83234518	0.689053837	0.844924792	0.892280649	0.310510868
413	1.82267448	0.691888171	0.844009794	0.890276013	0.311630797
414	1.80664159	0.695054589	0.841940055	0.88832806	0.312651516
415	1.79130529	0.697639835	0.839835704	0.886848707	0.313658136
416	1.78372592	0.698730349	0.838817141	0.886250166	0.314735765
417	1.78273257	0.697112849	0.838757707	0.886868028	0.315929905
418	1.78199826	0.693465	0.838714682	0.888408637	0.317193977
419	1.78154103	0.689785192	0.838688342	0.890332708	0.318476659
420	1.78138082	0.688072015	0.838679248	0.892100934	0.319726634
421	1.78381583	0.688217299	0.839555852	0.893585713	0.320958505
422	1.79008756	0.688546036	0.841532432	0.895070294	0.322192173
423	1.79837918	0.688877653	0.843526329	0.896600748	0.323377863
424	1.8068732	0.689032041	0.844454611	0.89822306	0.324465782
425	1.81784462	0.688143611	0.842933946	0.900331386	0.325412753
426	1.831809	0.686140269	0.839504516	0.902804601	0.326266773
427	1.84386102	0.684119376	0.83604504	0.904868749	0.327116362
428	1.84909413	0.683178526	0.834434441	0.905749749	0.328050043
429	1.83003132	0.686551445	0.834920712	0.905087157	0.329102996
430	1.78704497	0.694157356	0.836018239	0.903469583	0.330235213
431	1.74368201	0.701829906	0.837125381	0.90152846	0.331425917
432	1.72349389	0.705401949	0.837640824	0.899895171	0.332654339
433	1.73113544	0.705205449	0.83749833	0.898567997	0.333954383
434	1.7491819	0.704648242	0.837176689	0.897240628	0.33533079
435	1.76940556	0.703805079	0.836852229	0.896143003	0.336712908
436	1.78358238	0.702749701	0.836701173	0.895505208	0.338030067
437	1.79014924	0.700610422	0.83818264	0.895207084	0.339257213
438	1.79471688	0.696862963	0.841523163	0.894968167	0.340437067
439	1.79933483	0.69220439	0.844892953	0.894808951	0.341597736
440	1.8060513	0.687332048	0.846461797	0.894750015	0.342767324
441	1.82162433	0.680893244	0.846421063	0.896115989	0.343957331
442	1.84521968	0.672786463	0.846301558	0.899196031	0.345151649
443	1.86684606	0.66581951	0.846114086	0.902303058	0.346337942
444	1.87651044	0.662800824	0.845868993	0.90374957	0.347503877
445	1.85608785	0.666544949	0.844991334	0.903494466	0.348671952
446	1.8100325	0.675404991	0.843287958	0.902821103	0.349842032
447	1.76357365	0.685388596	0.841409215	0.901897383	0.350963827
448	1.7419442	0.692503122	0.840005635	0.900890854	0.351987036
449	1.74935812	0.696742101	0.83905593	0.899456419	0.352859325
450	1.766386	0.700563424	0.838174499	0.897506928	0.353632365
451	1.78430865	0.703335152	0.837523243	0.895653951	0.354414582
452	1.79441102	0.704424431	0.837264222	0.894509213	0.355314411
453	1.79718835	0.700072049	0.838997448	0.893974941	0.356460183
454	1.79935788	0.690257599	0.842905699	0.893535741	0.35779316
455	1.80077434	0.680357161	0.846848192	0.89323719	0.359134667
456	1.80129042	0.675747899	0.848683664	0.89312503	0.360306013
457	1.79674887	0.677887892	0.847380469	0.893921827	0.36123377
458	1.78650824	0.682716258	0.844440785	0.895718518	0.362043233
459	1.7761779	0.687586926	0.841475345	0.89753095	0.362848158
460	1.77136849	0.689854521	0.84009475	0.898374749	0.363762286
461	1.77875983	0.689022258	0.840486323	0.897388452	0.364865853
462	1.7954291	0.687039349	0.841476864	0.895163978	0.366103576
463	1.81224441	0.684775463	0.842744468	0.892920014	0.367385961
464	1.82007298	0.683099849	0.843967522	0.891875311	0.368623512
465	1.81946415	0.682011197	0.84534233	0.893089213	0.369793454
466	1.81770719	0.681002237	0.846970632	0.895827027	0.370943736
467	1.81498165	0.680257402	0.848335285	0.898588829	0.372086048
468	1.81146496	0.679961326	0.848919006	0.899874617	0.373232064
469	1.79873317	0.683200925	0.847769222	0.899036887	0.374414109
470	1.77512338	0.690505779	0.845055247	0.896944972	0.375617703
471	1.75197158	0.697874634	0.842012978	0.894326276	0.376781141
472	1.74061654	0.701305288	0.839878501	0.891908071	0.377842708
473	1.73945076	0.700982206	0.838653227	0.889432152	0.378735138
474	1.73859528	0.700128902	0.837560721	0.886637496	0.379519104
475	1.73806592	0.698959948	0.836773972	0.884344863	0.380328451
476	1.73788142	0.697688986	0.836466249	0.883375275	0.381297033
477	1.74024826	0.695806978	0.838427564	0.884240133	0.382567107
478	1.74609191	0.693227935	0.842850138	0.886317274	0.384093661
479	1.7532616	0.69088202	0.84731146	0.888730646	0.385724275
480	1.75960584	0.689699616	0.84938848	0.890604207	0.387306515
481	1.76555968	0.689468153	0.848658502	0.891953138	0.388825974
482	1.77199382	0.68929444	0.84701115	0.893250569	0.390356471
483	1.77716424	0.68918485	0.845349365	0.894230042	0.39186635
484	1.77932624	0.68914602	0.844575702	0.894624891	0.393323927
485	1.77546073	0.689607982	0.845270406	0.894606028	0.394744545
486	1.76659935	0.690813524	0.846837347	0.89456325	0.396141298
487	1.75729808	0.692441872	0.848418017	0.894520096	0.397474405
488	1.7521135	0.694172128	0.849153916	0.894500006	0.398704072
489	1.75102875	0.696476968	0.84732904	0.894860469	0.399789297
490	1.75043149	0.699496246	0.843167092	0.895673258	0.400773985
491	1.74985178	0.702323037	0.838851178	0.896493168	0.401747883
492	1.74882068	0.70405018	0.83656476	0.896874886	0.402800742
493	1.74567515	0.704843877	0.836133835	0.896398509	0.404000387
494	1.7400015	0.705492804	0.83580765	0.895223326	0.405293788
495	1.73335354	0.705932091	0.835600282	0.893784321	0.406588664
496	1.7272855	0.706096619	0.835526335	0.892516508	0.407792735
497	1.72120447	0.705522328	0.836816644	0.891524613	0.408854092
498	1.71456338	0.704227315	0.839799255	0.890577522	0.409836837
499	1.70919931	0.702920955	0.84299205	0.889631136	0.410821499
500	1.70694997	0.702312765	0.84491253	0.888641419	0.411888605
501	1.71461461	0.703012585	0.845487574	0.887386193	0.413086757
502	1.73189833	0.704590951	0.845840706	0.885945929	0.414374654
503	1.74933348	0.706183145	0.846173524	0.884755575	0.415698959
504	1.75745061	0.70692441	0.846687328	0.884250144	0.41700634
505	1.75603007	0.70404818	0.847949172	0.885445241	0.418301934
506	1.75267857	0.69756234	0.849877862	0.888140277	0.419608692
507	1.74893802	0.691019676	0.851650332	0.890858925	0.420894628
508	1.74634832	0.687973663	0.852443377	0.892124623	0.422127742
509	1.74524396	0.690584678	0.849162724	0.891999168	0.423282325
510	1.74454712	0.696474056	0.841764964	0.891691301	0.424383765
511	1.74376457	0.702415032	0.834302389	0.891320014	0.425477322
512	1.74240335	0.705180922	0.830828101	0.891003958	0.426608255
513	1.73367616	0.704930291	0.832484197	0.890729525	0.427814523
514	1.71647633	0.704241575	0.836220703	0.890443724	0.429065974
515	1.69959391	0.7032406	0.839989947	0.890218299	0.430304786
516	1.69182104	0.702052443	0.841744761	0.890125026	0.431473133
517	1.69449377	0.699559909	0.841086684	0.891187436	0.432547662
518	1.70128097	0.695618705	0.83960167	0.893583024	0.433566803
519	1.71002808	0.691960069	0.838103645	0.8959996	0.434563473
520	1.71858208	0.690315634	0.837406223	0.897124665	0.43557059
521	1.72848846	0.691213553	0.837563465	0.89666967	0.436617545
522	1.74040474	0.693641862	0.837918485	0.89564299	0.437680971
523	1.75045749	0.697104147	0.838276615	0.894607314	0.438713712
524	1.75477221	0.701104216	0.838443347	0.894125143	0.43966861
525	1.7309028	0.708575885	0.83596793	0.89421986	0.440489767
526	1.67707913	0.719870538	0.830386231	0.894433752	0.441223533
527	1.62278388	0.730215488	0.82475563	0.894649518	0.441979471
528	1.59750611	0.73483696	0.822134239	0.89474997	0.442867151
529	1.60377607	0.731185606	0.825057725	0.892454379	0.444015018
530	1.6191071	0.722949467	0.831651382	0.887278198	0.445377134
531	1.63753193	0.714641169	0.838302807	0.882056667	0.446795399
532	1.65308891	0.710773146	0.841399455	0.879625723	0.448111697
533	1.66637901	0.711563685	0.840585651	0.880388957	0.449305332
534	1.68011652	0.713348792	0.838733643	0.882292342	0.450459444
535	1.69090982	0.715149539	0.836827779	0.884667216	0.451560556
536	1.69536567	0.715987897	0.835851741	0.886845413	0.452595158
537	1.69392047	0.715922717	0.83574158	0.889044461	0.453557718
538	1.69065902	0.715730405	0.835685649	0.891508945	0.454464101
539	1.68736899	0.715423765	0.835631934	0.893524059	0.455332623
540	1.68583728	0.715015367	0.835528653	0.894374759	0.456181599
541	1.69075225	0.713360565	0.834944842	0.893559201	0.45697572
542	1.70250473	0.709906417	0.833827246	0.891719732	0.457718361
543	1.71604337	0.705682196	0.832737405	0.889864146	0.45849211
544	1.72631578	0.701717523	0.83223699	0.889000257	0.459379574
545	1.7333611	0.697524465	0.833501019	0.890631598	0.460489452
546	1.74001573	0.692766145	0.836351493	0.894310537	0.4617852
547	1.74498571	0.688853	0.839226942	0.898021708	0.463125459
548	1.74697586	0.687195882	0.840565639	0.899749486	0.464368854
549	1.74542547	0.687962592	0.83948017	0.898270178	0.465461956
550	1.7419284	0.689692436	0.837031748	0.894933467	0.466489773
551	1.73840069	0.691437436	0.834561874	0.891567521	0.467513209
552	1.73675832	0.692249841	0.833411996	0.890000466	0.46859315
553	1.74433374	0.689134247	0.835213449	0.890591496	0.469759869
554	1.76141594	0.682108639	0.839276149	0.892066149	0.470980627
555	1.7786478	0.675021478	0.843374443	0.893908256	0.472223307
556	1.78667029	0.671721969	0.845282451	0.895601938	0.473455797
557	1.78565486	0.672154978	0.844863298	0.897320476	0.474709371
558	1.78274611	0.673385691	0.843768274	0.899251378	0.475989885
559	1.77826799	0.67526145	0.842289773	0.900832075	0.477220185
560	1.77254232	0.67763046	0.840719745	0.901499811	0.478323104
561	1.7531958	0.684844665	0.838492687	0.901439788	0.479244584
562	1.71803786	0.697633801	0.835521119	0.901265008	0.48005465
563	1.68417061	0.709878202	0.832910674	0.900990557	0.480862963
564	1.6687002	0.715456757	0.831767248	0.900631351	0.481779184
565	1.67460679	0.714155963	0.833496178	0.899074458	0.482918368
566	1.68793531	0.711006337	0.837395326	0.896102029	0.484217257
567	1.70138059	0.70729362	0.841328635	0.893205182	0.485513193
568	1.7076402	0.704302311	0.843159833	0.891875393	0.486643506
569	1.70686052	0.701977142	0.841110161	0.893259961	0.487581475
570	1.704759	0.699670979	0.836487319	0.896382781	0.488432574
571	1.70178559	0.697899121	0.831823975	0.899532961	0.48922214
572	1.69838861	0.697177186	0.829652902	0.900999564	0.489975483
573	1.69320815	0.6996568	0.829683262	0.90088769	0.490659634
574	1.68572436	0.705459283	0.829774844	0.900562259	0.491277887
575	1.67784538	0.711843307	0.829921733	0.900052379	0.491916596
576	1.67147989	0.716066977	0.830118654	0.899386753	0.492662132
577	1.6662984	0.71815012	0.831123696	0.896591779	0.493593758
578	1.66126911	0.719935988	0.833221012	0.891285298	0.494681632
579	1.65745224	0.721187955	0.835607205	0.886120371	0.495846546
580	1.65590858	0.721668769	0.837478642	0.8837507	0.497009283
581	1.66074316	0.720745461	0.838868879	0.885341474	0.498219396
582	1.67164518	0.71840272	0.840210624	0.88916563	0.499500443
583	1.68264271	0.715384003	0.841225573	0.893616154	0.500720821
584	1.68776273	0.712432918	0.841635225	0.897086245	0.501748887
585	1.68326824	0.709017826	0.841188423	0.899607443	0.502535999
586	1.67243001	0.704911443	0.840102821	0.902040901	0.503195973
587	1.65973456	0.701447804	0.838811767	0.903881765	0.503836547
588	1.64966826	0.699961308	0.837748633	0.904624794	0.50456545
589	1.64209566	0.704042146	0.837050703	0.902196575	0.505440244
590	1.63468526	0.713244606	0.836462432	0.896720945	0.506408216
591	1.62903476	0.722527691	0.835847809	0.891197342	0.507413989
592	1.62674299	0.726849538	0.835070876	0.888625765	0.508402189
593	1.63374547	0.725083842	0.833692445	0.890313514	0.509348507
594	1.65021542	0.720708862	0.831812959	0.894120788	0.510285149
595	1.66853834	0.715312573	0.83014906	0.897961418	0.511239805
596	1.68109822	0.710482199	0.829417505	0.899749468	0.512240163
597	1.68790329	0.705860144	0.831753746	0.898668592	0.513319489
598	1.693875	0.700818856	0.837021996	0.896230226	0.514459729
599	1.69812969	0.696727045	0.842336402	0.893770496	0.515609786
600	1.69978193	0.694953926	0.844810585	0.892625341	0.516718557
601	1.69921386	0.694866738	0.844720446	0.893554632	0.517799292
602	1.69793197	0.694804094	0.844458642	0.895650771	0.51887303
603	1.69663884	0.694765997	0.844051416	0.897765275	0.519894157
604	1.69603681	0.694752921	0.843524301	0.898749707	0.52081704
605	1.69806599	0.697628436	0.841514439	0.898332937	0.521577409
606	1.70264179	0.704112173	0.837767316	0.897310796	0.522229683
607	1.70725768	0.710652717	0.834135572	0.896074075	0.522910982
608	1.70940666	0.713697742	0.832472296	0.895013399	0.523758437
609	1.70124967	0.7109539	0.834988989	0.894234931	0.525008679
610	1.6828558	0.704765022	0.840664752	0.893523136	0.526612112
611	1.66430077	0.698521922	0.846390243	0.892806531	0.528259732
612	1.65566227	0.695615375	0.849055811	0.892013688	0.529642488
613	1.66002288	0.699290838	0.847680597	0.89091339	0.530664366
614	1.66994599	0.707580247	0.844577968	0.889592016	0.531534132
615	1.68016982	0.715942282	0.841448155	0.888478074	0.532386153
616	1.68543376	0.719835324	0.839991035	0.888000137	0.533354756
617	1.68621281	0.715588095	0.840292717	0.889138324	0.534535982
618	1.68679437	0.706008804	0.84097393	0.891705026	0.535859532
619	1.68715966	0.696345586	0.841661112	0.894294215	0.537209989
620	1.68728861	0.691846764	0.841981037	0.895499641	0.538471941
621	1.67914026	0.695601763	0.84177093	0.894646257	0.539640757
622	1.66076721	0.704071579	0.841228399	0.892721231	0.540775631
623	1.6422332	0.712615602	0.840508645	0.890779339	0.541847441
624	1.63360448	0.716593369	0.839766834	0.889875269	0.542827035
625	1.64147299	0.715380823	0.838794032	0.891297905	0.543661685
626	1.65922077	0.712604097	0.837546227	0.894506282	0.544393962
627	1.67712403	0.709702428	0.836466084	0.897742768	0.545142317
628	1.6854591	0.70811425	0.835996376	0.899249552	0.546025213
629	1.68138775	0.707817872	0.836968566	0.89917164	0.547166188
630	1.67220206	0.707661457	0.83922279	0.898965693	0.548516612
631	1.66293588	0.707505731	0.841652265	0.898684337	0.549932026
632	1.65862191	0.707211736	0.843150038	0.898379774	0.551267961
633	1.6630004	0.705450549	0.84374506	0.898032056	0.552520411
634	1.67287596	0.702039293	0.844233539	0.897593273	0.553758754
635	1.68283803	0.698703905	0.844565275	0.897080169	0.554936425
636	1.68747599	0.697170716	0.844689817	0.896509502	0.556006831
637	1.68660675	0.698136315	0.844312499	0.895840034	0.556942689
638	1.68418293	0.700624547	0.843396123	0.895045662	0.55778934
639	1.68057888	0.703914293	0.842306902	0.894171964	0.558608966
640	1.67616784	0.707284602	0.841411129	0.893264536	0.55946375
641	1.66531053	0.711638752	0.840817792	0.892115464	0.560369592
642	1.64718389	0.717181246	0.840312557	0.890754182	0.561294292
643	1.63009857	0.721964901	0.839794446	0.889613207	0.562231311
644	1.62236717	0.724042051	0.839162524	0.889125139	0.56317412
645	1.63045169	0.721211205	0.838123392	0.890453045	0.564103935
646	1.65041531	0.714422246	0.836762383	0.89344753	0.565029227
647	1.67490429	0.706556057	0.835574929	0.89646825	0.565986235
648	1.6965647	0.700493793	0.835056541	0.897874582	0.567011203
649	1.71687482	0.696195628	0.83633634	0.897722515	0.568147575
650	1.73881424	0.692085668	0.839310961	0.897317892	0.569376314
651	1.75644096	0.688993587	0.842534472	0.896756792	0.570637712
652	1.7638107	0.687749742	0.844560691	0.896134916	0.571872055
653	1.74648133	0.691542942	0.845301375	0.895133225	0.573056464
654	1.70740225	0.700096649	0.845812169	0.893713132	0.574224866
655	1.66798079	0.708725299	0.846255683	0.89243896	0.575400481
656	1.64962767	0.712742465	0.846794241	0.891875164	0.576606522
657	1.66385755	0.710946704	0.847628563	0.892595939	0.57786983
658	1.69595549	0.706894914	0.848638167	0.894221516	0.579173419
659	1.72833465	0.702807625	0.849491985	0.895861336	0.580473337
660	1.74340914	0.700904741	0.849858918	0.896624773	0.58172563
661	1.7254039	0.706594731	0.848520158	0.894272463	0.582918268
662	1.68479543	0.719425834	0.845501277	0.888967947	0.584076962
663	1.64383119	0.732369354	0.842455946	0.883616956	0.585212108
664	1.62475981	0.738395359	0.841038158	0.881125741	0.586334099
665	1.63303764	0.735126801	0.841070924	0.884084643	0.587434065
666	1.65171534	0.727513556	0.841157501	0.890758067	0.588510355
667	1.67055668	0.719231824	0.841274379	0.897489958	0.589586272
668	1.67932848	0.713957034	0.841398459	0.900624068	0.590685125
669	1.67702912	0.711628294	0.841574338	0.899866117	0.591847955
670	1.67153678	0.709678892	0.84180893	0.898154983	0.593053094
671	1.66523708	0.708335562	0.842014986	0.896428857	0.59422651
672	1.66051374	0.707825881	0.842105237	0.895625239	0.595294163
673	1.65744882	0.711387592	0.841012532	0.89571986	0.596218125
674	1.6546524	0.71941887	0.838548635	0.895933752	0.597056414
675	1.65249296	0.727520513	0.83606315	0.896149518	0.597877648
676	1.65133949	0.731292326	0.834906005	0.89624997	0.598750444
677	1.65097086	0.728595033	0.835668158	0.89617289	0.599697191
678	1.65077289	0.722441022	0.837392428	0.895958894	0.600683046
679	1.65057401	0.716058007	0.839144347	0.895642079	0.601693973
680	1.65020277	0.712673427	0.839989552	0.895256537	0.602715945
681	1.64804516	0.712138319	0.840027406	0.894338151	0.603749847
682	1.64388369	0.711835962	0.84004742	0.892820817	0.6048025
683	1.63981865	0.71156741	0.840064594	0.891394716	0.605867443
684	1.6379508	0.711134463	0.840093697	0.890750189	0.606938214
685	1.6398859	0.710040726	0.840172529	0.891926268	0.608029036
686	1.64425043	0.708368656	0.840295607	0.894578527	0.609139001
687	1.6486532	0.70683193	0.840409435	0.897254022	0.610236534
688	1.65070296	0.706144343	0.840460511	0.898499629	0.611290052
689	1.64844941	0.708576839	0.839854276	0.897535571	0.612263753
690	1.64336672	0.714062099	0.838487298	0.895287905	0.613184817
691	1.6382395	0.719595418	0.837108344	0.892836752	0.614118076
692	1.63585246	0.722171518	0.836466356	0.891262163	0.615128369
693	1.63880771	0.721004167	0.837446394	0.890652294	0.616267775
694	1.64547283	0.718370289	0.839656619	0.890229789	0.617501732
695	1.65219634	0.715713334	0.841886208	0.889853888	0.618764286
696	1.65532654	0.714476359	0.842924219	0.889384044	0.61998948
697	1.65178414	0.715053825	0.842514889	0.888621207	0.621140519
698	1.64379461	0.716530504	0.841591231	0.887668773	0.622258545
699	1.63573508	0.718457241	0.84065948	0.886852979	0.623393503
700	1.63198288	0.720385077	0.840225693	0.886500101	0.624595337
701	1.63283543	0.722737933	0.841188432	0.887108904	0.625926624
702	1.63476028	0.725646358	0.843359514	0.888603255	0.6273533
703	1.63670199	0.728127624	0.845549618	0.890416052	0.628776754
704	1.63760598	0.729198749	0.846569246	0.891980106	0.630098363
705	1.63693662	0.728457274	0.845049818	0.893375279	0.631290232
706	1.63508147	0.726784698	0.84162312	0.894846673	0.632413934
707	1.63234154	0.725097467	0.838166399	0.896014764	0.633500199
708	1.62901775	0.724311958	0.836557083	0.896499864	0.634579746
709	1.62123739	0.725516234	0.836733705	0.895930838	0.635662549
710	1.60845616	0.728232172	0.837183805	0.894647487	0.636732348
711	1.59646231	0.730971905	0.837765559	0.893352893	0.63778193
712	1.59104545	0.732247419	0.838337569	0.892750179	0.638804088
713	1.59813479	0.727698262	0.838885899	0.893491822	0.639771873
714	1.61452653	0.717439937	0.839487727	0.895214441	0.64069769
715	1.63207576	0.707091736	0.840127885	0.897077813	0.641636275
716	1.64263697	0.702274012	0.840791175	0.898241658	0.642642371
717	1.64648651	0.70303391	0.841624107	0.898724611	0.643805337
718	1.64960306	0.705074919	0.842595879	0.899124153	0.645082506
719	1.65169702	0.707949707	0.843404995	0.899397075	0.64632394
720	1.65247693	0.711212155	0.843749902	0.899499973	0.647379684
721	1.64632361	0.716908336	0.84275147	0.898475508	0.648170906
722	1.63244861	0.72527863	0.840499977	0.896165477	0.648822597
723	1.61845205	0.732877392	0.838228759	0.893835207	0.649488423
724	1.61193579	0.736258189	0.837171367	0.892750323	0.650322044
725	1.61467173	0.732534555	0.839511946	0.893470939	0.651530252
726	1.62114364	0.724136258	0.844790209	0.895096516	0.653058593
727	1.62842324	0.715664381	0.850114717	0.896736336	0.654657258
728	1.6335833	0.711720201	0.852593602	0.897499773	0.656076408
729	1.63604224	0.712042696	0.850966682	0.896247843	0.657263778
730	1.6377778	0.712904857	0.847296628	0.893424472	0.658364444
731	1.63953103	0.7141075	0.843594419	0.890576364	0.659409748
732	1.6420425	0.715452519	0.841870814	0.889250395	0.660430993
733	1.64766043	0.717422665	0.842119933	0.889553553	0.661422421
734	1.65605101	0.720180279	0.842682806	0.890238007	0.662373946
735	1.66370731	0.722971331	0.843250611	0.890928457	0.663313955
736	1.66712177	0.725041587	0.843514959	0.891249904	0.664270841
737	1.65705969	0.726488827	0.842387318	0.889940927	0.665237284
738	1.63436939	0.727810558	0.839844527	0.88698922	0.666202532
739	1.6114803	0.728777272	0.837279458	0.884011653	0.667193295
740	1.60082402	0.729159259	0.836085261	0.882625412	0.668236292
741	1.60600607	0.727399305	0.837283949	0.883301686	0.669362875
742	1.61769776	0.723430714	0.839987561	0.884983819	0.670557483
743	1.62949187	0.719427353	0.842714859	0.887073946	0.671774873
744	1.63498276	0.717563542	0.843984585	0.888974413	0.672969796
745	1.63347238	0.718343345	0.843788217	0.890859154	0.674119559
746	1.63006306	0.7201029	0.843344594	0.892952467	0.675251424
747	1.62662388	0.721877871	0.842897084	0.8946569	0.676394041
748	1.62502273	0.722704229	0.842688741	0.895374797	0.677576058
749	1.63841186	0.719106146	0.843812631	0.89499708	0.678850373
750	1.66860282	0.710992609	0.846346926	0.894042162	0.680191123
751	1.69905829	0.702807987	0.848903424	0.892820335	0.681504509
752	1.71323718	0.698997542	0.850093631	0.891641801	0.682696715
753	1.70605079	0.702201677	0.84859619	0.890317903	0.683710397
754	1.68913837	0.709428938	0.845218951	0.888750432	0.684619599
755	1.67031956	0.71671952	0.841812124	0.88743695	0.685527157
756	1.65741199	0.720113733	0.840226036	0.88687516	0.686535904
757	1.65040783	0.718390151	0.840527814	0.887877802	0.687740003
758	1.6442589	0.714501528	0.841209331	0.890293335	0.6890807
759	1.63987675	0.710578835	0.841896818	0.893118432	0.690428616
760	1.63817469	0.708752581	0.842216886	0.895349623	0.691654363
761	1.63839318	0.709621439	0.841772083	0.897014454	0.692705003
762	1.63902367	0.711581772	0.840768925	0.898638296	0.693666608
763	1.64000377	0.71355928	0.839756978	0.899874173	0.69461409
764	1.64127149	0.714479932	0.839285854	0.900374861	0.695622346
765	1.64606823	0.712700362	0.839713656	0.898990039	0.69677093
766	1.65499742	0.70868716	0.840678581	0.895867219	0.698006983
767	1.66364854	0.704638797	0.84165196	0.892717039	0.699203117
768	1.66761	0.702754035	0.842105128	0.891250436	0.700231937
769	1.66239546	0.705801957	0.840940939	0.892179632	0.701029765
770	1.6494962	0.712764387	0.838315614	0.894275771	0.70170279
771	1.63361919	0.720010915	0.835667288	0.896390275	0.702376203
772	1.61947181	0.723910733	0.834434329	0.897374707	0.703175191
773	1.60600683	0.724619192	0.835919242	0.89629838	0.704205962
774	1.59135482	0.725052001	0.839268261	0.893847845	0.705415319
775	1.57954089	0.725410054	0.842646622	0.891318069	0.706687361
776	1.57459165	0.725893411	0.844219457	0.890004067	0.707906179
777	1.58058579	0.72674921	0.843128405	0.889793136	0.709032799
778	1.59445911	0.727842974	0.840667238	0.889635006	0.71013185
779	1.60934582	0.728788434	0.838184509	0.889535313	0.711237706
780	1.61837964	0.729199284	0.837028646	0.889500009	0.712384731
781	1.62177474	0.728739159	0.838155484	0.890391687	0.713579913
782	1.62453649	0.727701401	0.84069706	0.89240227	0.714807812
783	1.62639893	0.72665455	0.843260905	0.894430468	0.716071317
784	1.62709452	0.726167177	0.844454532	0.895374719	0.717373322
785	1.62401645	0.728116023	0.843278048	0.894065927	0.718735158
786	1.61707558	0.732510619	0.840624504	0.89111422	0.720152615
787	1.6100739	0.736943719	0.83794771	0.888136653	0.721587833
788	1.60681419	0.739007599	0.836701499	0.886750412	0.723002943
789	1.61439815	0.73462279	0.838325825	0.889007677	0.724409988
790	1.6315007	0.724734509	0.841989204	0.894098301	0.72582301
791	1.64875309	0.714759594	0.845684678	0.899233526	0.727202241
792	1.65678513	0.710115657	0.847405148	0.901624289	0.728507899
793	1.64642567	0.71323941	0.845566992	0.900738567	0.729734064
794	1.6230617	0.720285984	0.841421151	0.898675829	0.730907087
795	1.59949303	0.727394295	0.837238987	0.896434025	0.732033012
796	1.58852037	0.730703651	0.835291933	0.895010667	0.733117878
797	1.59690298	0.72873426	0.836931796	0.894388362	0.734136275
798	1.61581153	0.724291445	0.840630676	0.893868426	0.735096517
799	1.63488574	0.719809704	0.844361964	0.893510646	0.736059164
800	1.64376595	0.717723178	0.846099107	0.893375036	0.737084788
801	1.63366981	0.719800492	0.84432905	0.893623828	0.738197326
802	1.61089898	0.724485833	0.840336747	0.894275477	0.739367824
803	1.58792866	0.729212223	0.836309467	0.89516071	0.740579872
804	1.57723456	0.731412648	0.83443452	0.896110218	0.741817066
805	1.58735038	0.728121548	0.836489831	0.897495373	0.74311958
806	1.61016676	0.720699277	0.841125417	0.899369185	0.744485705
807	1.63318304	0.713211977	0.845801617	0.901023448	0.745829591
808	1.64389854	0.709726178	0.847978676	0.90174979	0.747065369
809	1.63635122	0.713190468	0.847498495	0.900346067	0.748122573
810	1.61932629	0.72100411	0.846414319	0.897180468	0.749071993
811	1.60215219	0.72888621	0.845320645	0.893987135	0.75004153
812	1.5941566	0.732555812	0.844811472	0.892500442	0.751159089
813	1.59491987	0.730403685	0.845827076	0.892746637	0.752640705
814	1.59664625	0.725548591	0.848117408	0.893302756	0.754404041
815	1.59838777	0.72065096	0.850427807	0.893863747	0.756113474
816	1.59919855	0.718370811	0.851503439	0.894124922	0.757433339
817	1.59064791	0.723661979	0.848365522	0.894008925	0.758278713
818	1.57136731	0.735594071	0.841289403	0.893697421	0.75892519
819	1.5519178	0.747630703	0.834151288	0.893257977	0.759561732
820	1.54286285	0.753234496	0.830828056	0.892758116	0.760377259
821	1.5445089	0.750434405	0.833379106	0.891877993	0.761623949
822	1.54879749	0.744051551	0.839133459	0.890580004	0.763218389
823	1.55455999	0.737448185	0.844938229	0.8894003	0.764831699
824	1.56062998	0.733985774	0.847640705	0.888875153	0.766134961
825	1.56905338	0.73344032	0.845945354	0.888883083	0.767046221
826	1.580171	0.733084242	0.842120851	0.888907161	0.767798788
827	1.58989869	0.73281876	0.838262841	0.888946171	0.768519773
828	1.59415132	0.732545892	0.8364667	0.888999048	0.769336242
829	1.59404472	0.732291731	0.836840992	0.889259308	0.770311147
830	1.59380158	0.732090117	0.83781053	0.889858133	0.771380076
831	1.59355632	0.73184257	0.839101427	0.89068014	0.77248232
832	1.59344213	0.731450575	0.840440221	0.891609887	0.773557181
833	1.59615493	0.729430315	0.841972477	0.893178145	0.774564774
834	1.60227183	0.72555269	0.843847102	0.895435771	0.775544305
835	1.60844232	0.721769092	0.845754147	0.897471718	0.776553561
836	1.61131506	0.720031364	0.847383552	0.898374737	0.777650328
837	1.59850569	0.722547927	0.848869747	0.896667514	0.778922665
838	1.56962109	0.728223452	0.850356641	0.892817461	0.780333349
839	1.54048343	0.733948701	0.85150452	0.888933678	0.78174621
840	1.52691806	0.736614156	0.851973553	0.887125538	0.783025064
841	1.5334556	0.735914744	0.850242271	0.887483413	0.784120108
842	1.54953881	0.734113531	0.846338268	0.888394634	0.785121837
843	1.56911659	0.731737134	0.842400061	0.889573104	0.786099334
844	1.58613989	0.729311587	0.840566583	0.890733158	0.78712167
845	1.60156353	0.726206619	0.84186951	0.891930096	0.788242707
846	1.6179506	0.722272797	0.844808587	0.893296875	0.78941702
847	1.63100851	0.718883773	0.847773415	0.894632365	0.790563857
848	1.63644287	0.717413546	0.849153725	0.895735349	0.791602463
849	1.62857292	0.720069677	0.847299722	0.896642657	0.792469195
850	1.61082425	0.726059693	0.843118379	0.89748272	0.793232853
851	1.59292007	0.732102189	0.838900402	0.898170325	0.79401285
852	1.58458458	0.734915343	0.836936674	0.898620203	0.794928603
853	1.59462415	0.7315491	0.838028045	0.898853194	0.796099426
854	1.61726704	0.723956987	0.840526483	0.899004037	0.797476256
855	1.6401083	0.716298357	0.843138097	0.899150533	0.798921879
856	1.65074232	0.712732794	0.844569238	0.899370462	0.800299073
857	1.64461052	0.713332609	0.844837177	0.899894904	0.801554655
858	1.63077735	0.71468747	0.844977503	0.900691888	0.802767603
859	1.61682299	0.716054201	0.845118626	0.901423034	0.803993793
860	1.61032638	0.716690498	0.845388672	0.901749905	0.805289087
861	1.61054092	0.716175161	0.847284172	0.8996441	0.806713122
862	1.61102901	0.715012748	0.851042315	0.894895702	0.808229501
863	1.61152139	0.713840152	0.854735947	0.890105703	0.809747333
864	1.61175061	0.713294236	0.856437466	0.887875663	0.811175722
865	1.6053793	0.716778407	0.853850001	0.887982427	0.812505042
866	1.5901044	0.7247555	0.84801463	0.888279078	0.813785622
867	1.57240994	0.733105826	0.842128134	0.888715231	0.815009881
868	1.55878188	0.737708764	0.839387608	0.889241133	0.816170222
869	1.54913236	0.738832089	0.839877383	0.890088489	0.817241088
870	1.53991	0.739699492	0.840999153	0.89143371	0.818240383
871	1.53297371	0.74026038	0.842169949	0.893114831	0.819228534
872	1.53018398	0.740463176	0.842807467	0.894969809	0.820265974
873	1.53673997	0.737814819	0.842952177	0.897725763	0.821381677
874	1.55163538	0.731725879	0.843063224	0.901385555	0.822542259
875	1.566941	0.725288557	0.843134654	0.904594991	0.823716227
876	1.5747263	0.721595834	0.843160371	0.905999594	0.824872091
877	1.57555165	0.7204915	0.842607956	0.903628491	0.825987295
878	1.57597752	0.719620777	0.841362353	0.898281197	0.827082769
879	1.57637624	0.719047935	0.840105836	0.892887053	0.828192421
880	1.57711831	0.718837976	0.839520851	0.890375747	0.829350158
881	1.5803329	0.719027297	0.839895363	0.890828728	0.830583725
882	1.58616261	0.719522694	0.84086466	0.891873051	0.831873245
883	1.59177544	0.720194469	0.842155504	0.892979986	0.833180653
884	1.5943388	0.720912921	0.84349472	0.893621407	0.834467881
885	1.58638513	0.721800778	0.845280641	0.893784763	0.835721813
886	1.56844943	0.722940925	0.84759104	0.893879746	0.836963705
887	1.5503566	0.724117885	0.84959751	0.893970672	0.838205408
888	1.54193327	0.725116113	0.850471446	0.894121745	0.839458767
889	1.55116709	0.725962518	0.850450032	0.894580924	0.840729155
890	1.57199321	0.726773097	0.850401179	0.895339592	0.842009765
891	1.59300179	0.727444038	0.850351898	0.896052642	0.843294522
892	1.60278258	0.727871467	0.850328954	0.896374905	0.844577351
893	1.59665518	0.728124174	0.850649903	0.895976586	0.845851367
894	1.58283252	0.728334712	0.851373597	0.895078241	0.847121295
895	1.56888876	0.728479261	0.852103632	0.894172025	0.848398839
896	1.56239708	0.728533961	0.852443508	0.893750126	0.849695704
897	1.56350097	0.728344493	0.852042682	0.894584771	0.851092228
898	1.5659944	0.727917247	0.85098167	0.896467019	0.852560858
899	1.56850967	0.727486257	0.849516438	0.898365757	0.85394204
900	1.56968068	0.727285605	0.847902967	0.899249737	0.855076194
901	1.56586245	0.729372873	0.845357034	0.899022335	0.855901187
902	1.55725228	0.734079394	0.841781806	0.898508995	0.856565571
903	1.54856668	0.738827149	0.838584202	0.897991157	0.857221227
904	1.544523	0.741037522	0.837171463	0.897750072	0.858020024
905	1.55002281	0.738236882	0.839189779	0.898224302	0.859063672
906	1.56267432	0.731831584	0.843741617	0.899293761	0.860297039
907	1.57605999	0.725146509	0.848333335	0.900372589	0.861637908
908	1.58376175	0.721506764	0.850471062	0.900874851	0.863004062
909	1.58609683	0.720681109	0.850308946	0.900796418	0.86442474
910	1.58794094	0.720047556	0.849902799	0.900569697	0.865935313
911	1.58915575	0.719640051	0.849394561	0.900216388	0.867451859
912	1.58960146	0.71949334	0.848925582	0.899758064	0.868890427
913	1.58064516	0.724288587	0.848446149	0.897968714	0.870213091
914	1.56045018	0.735101026	0.847905421	0.894617228	0.871473353
915	1.54007826	0.746008196	0.847461987	0.891365404	0.872722045
916	1.53059388	0.751086154	0.847274489	0.88987544	0.874009994
917	1.54383106	0.744697575	0.847665309	0.892701839	0.875354175
918	1.5736847	0.730289154	0.848616624	0.899075814	0.876727666
919	1.60379989	0.715754498	0.849752282	0.905505633	0.878117744
920	1.61782037	0.708987721	0.850696067	0.908499109	0.879511694
921	1.61543737	0.709689468	0.851477067	0.907924309	0.880919135
922	1.60955982	0.711476745	0.852272868	0.906466602	0.882343289
923	1.60238577	0.713783869	0.852893383	0.904594574	0.883759461
924	1.59610983	0.716046955	0.853148425	0.902776091	0.885142955
925	1.59093852	0.71868588	0.851650701	0.900701296	0.886490397
926	1.58579118	0.721871569	0.848273462	0.898224842	0.887815148
927	1.58109776	0.724563081	0.844866635	0.896142498	0.889115893
928	1.57728862	0.725719193	0.843280547	0.895250255	0.890391314
929	1.57397094	0.724202912	0.844765355	0.895843368	0.891642727
930	1.57082319	0.720783246	0.848114374	0.897290647	0.892871553
931	1.56846613	0.71733362	0.851492735	0.899025663	0.89407637
932	1.56752072	0.715727606	0.85306557	0.900482065	0.895255755
933	1.56790089	0.717287505	0.850689213	0.901711736	0.896390938
934	1.56875869	0.721164426	0.845329933	0.902976047	0.897489162
935	1.56962401	0.72597729	0.839923698	0.90396661	0.898590374
936	1.57002687	0.730345023	0.837406764	0.904374886	0.899734528
937	1.55995641	0.733451914	0.839711247	0.90413827	0.900976918
938	1.53724922	0.736160456	0.844909099	0.903456417	0.902285892
939	1.51434309	0.739591426	0.850152492	0.902396115	0.90356736
940	1.50367887	0.744865559	0.852593613	0.901024108	0.904727221
941	1.51818986	0.770612451	0.849504548	0.895810937	0.905698754
942	1.5509165	0.819715661	0.842537666	0.886098405	0.906559221
943	1.58392987	0.867558406	0.835509745	0.876686478	0.907431278
944	1.59929962	0.889518184	0.832237816	0.872376273	0.908437579
945	1.59408766	0.861976325	0.836730228	0.877250822	0.909687859
946	1.58180375	0.799860118	0.846861943	0.88824486	0.911127156
947	1.56810007	0.737199692	0.857082426	0.89933522	0.912628377
948	1.55862581	0.708027411	0.86184069	0.904498464	0.914064422
949	1.55338058	0.71106203	0.861361131	0.903911866	0.915432307
950	1.54875087	0.717924079	0.860107827	0.902585737	0.916792135
951	1.54543936	0.724846249	0.85841893	0.901247989	0.918100651
952	1.54414997	0.728068945	0.856631322	0.900625185	0.919314574
953	1.5464253	0.727271692	0.85411815	0.901213134	0.920375509
954	1.55155652	0.725471879	0.850779599	0.902539263	0.921331348
955	1.55673269	0.723656297	0.847851485	0.903877011	0.922302307
956	1.55914252	0.722811032	0.846569919	0.904499815	0.923408612
957	1.55657877	0.725583384	0.846978658	0.903703173	0.924780629
958	1.55079638	0.731835069	0.84796874	0.901906482	0.926356233
959	1.54496333	0.738141527	0.84913759	0.90009405	0.927961248
960	1.54224769	0.741077571	0.850082881	0.899250251	0.92942148
961	1.54257481	0.739291613	0.850671984	0.900691877	0.930660621
962	1.5434574	0.734945784	0.851148837	0.903943033	0.931792368
963	1.54470789	0.729764811	0.851658323	0.907222672	0.932922424
964	1.54613942	0.725473093	0.852345273	0.908749546	0.934156481
965	1.5487203	0.721944633	0.85376245	0.907706536	0.935605141
966	1.55256491	0.718359636	0.855836271	0.905353726	0.937201211
967	1.55607026	0.715568601	0.85771641	0.902980303	0.938778899
968	1.55763295	0.714422475	0.858552388	0.901875329	0.9401724
969	1.55610367	0.718076989	0.856252244	0.902311358	0.941328852
970	1.55265439	0.726317934	0.851065316	0.90329526	0.942364635
971	1.5491749	0.734631081	0.845832942	0.904287782	0.943360697
972	1.54755498	0.738501362	0.843396951	0.904749863	0.944397967
973	1.56225005	0.735015028	0.844104163	0.90374448	0.945485124
974	1.59538568	0.727151423	0.845827959	0.901477227	0.946583299
975	1.62881161	0.719218922	0.847887671	0.89919011	0.947708119
976	1.64437344	0.715525855	0.849603137	0.898125317	0.948875229
977	1.62996015	0.715993737	0.850832296	0.900287816	0.9501088
978	1.59674702	0.717181163	0.851950235	0.905164549	0.95139832
979	1.56147334	0.71870591	0.853011648	0.910084008	0.952705728
980	1.54087825	0.720186715	0.854071121	0.912374319	0.953992956
981	1.53422094	0.721875402	0.855323506	0.910648541	0.955241336
982	1.52892146	0.723890485	0.856689594	0.906755711	0.956473694
983	1.52540794	0.725584696	0.857792325	0.902828774	0.957713285
984	1.52411247	0.72631059	0.858254586	0.901000544	0.95898336
985	1.52715857	0.725510647	0.858147806	0.901213526	0.960289957
986	1.53461278	0.723536926	0.85785434	0.90177396	0.961621891
987	1.54360402	0.721119455	0.857426483	0.902537958	0.96297787
988	1.55126065	0.718988295	0.856916434	0.903362115	0.964356608
989	1.55791394	0.717003303	0.855824481	0.904584265	0.965756534
990	1.56484528	0.714866046	0.854085077	0.906250752	0.96717976
991	1.57031336	0.713151663	0.852466932	0.907726132	0.968630642
992	1.57257608	0.712435519	0.851738935	0.908374812	0.970113539
993	1.56963344	0.713964748	0.851958038	0.908255659	0.971667677
994	1.5629969	0.717413321	0.852500671	0.907948743	0.973281751
995	1.55630222	0.720892108	0.853169091	0.90754399	0.974879641
996	1.55318543	0.722511698	0.853765706	0.907131177	0.976385214
997	1.55319539	0.72192958	0.854252253	0.906712897	0.977790736
998	1.55327368	0.720133652	0.854730349	0.906232717	0.979140227
999	1.5534879	0.71710884	0.8551998	0.905699088	0.980429647
1000	1.55390655	0.712839741	0.855660377	0.905120482	0.981654942
