kimg	g_loss	d_loss	real_sign_proxy	fake_sign_proxy	ada_p
0	0.6618613	2.19071072	0.5	0.21875	0
1	4.17111525	1.51845878	0.655207279	0.492041357	0.0012810722
2	7.14589957	0.923638147	0.793135146	0.734735468	0.00265610862
3	9.1886198	0.502308029	0.894168975	0.907078943	0.00409988499
4	9.96171258	0.339336745	0.941286756	0.973856933	0.00560739103
5	9.71003984	0.343161654	0.953289614	0.973454697	0.0072157841
6	9.10627289	0.353141923	0.962273889	0.972416788	0.00892557449
7	8.40710679	0.366370112	0.967926174	0.971142898	0.0106717073
8	7.86910795	0.379981685	0.969924303	0.97001478	0.012389114
9	7.54296811	0.397759296	0.969433337	0.968954409	0.0140593495
10	7.27270249	0.420515385	0.968156783	0.967807605	0.0157174986
11	7.02029382	0.440198242	0.966445538	0.966885692	0.017375456
12	6.74776669	0.44875418	0.964650137	0.966500109	0.0190451073
13	6.38654407	0.420856435	0.962184909	0.967519819	0.0207126236
14	5.97273859	0.357946004	0.958948368	0.970015575	0.0223765741
15	5.63098348	0.294484083	0.956122001	0.973026824	0.0240702946
16	5.485927	0.264938246	0.954887575	0.97559281	0.0258271285
17	5.62058864	0.269737078	0.956135359	0.977825497	0.0277287287
18	5.92432224	0.282619989	0.958949717	0.980152927	0.0297412909
19	6.23071854	0.300753583	0.961788747	0.981989609	0.0317173792
20	6.37336685	0.321311877	0.963110509	0.982749786	0.0335095373
21	5.97348507	0.348597568	0.957516694	0.979881339	0.0351581832
22	5.05059156	0.386508994	0.943780889	0.97234447	0.0367417367
23	4.06646027	0.430896093	0.927102925	0.962053764	0.0381520119
24	3.48294811	0.477606861	0.912683943	0.950924433	0.0392807749
25	3.30500885	0.528330221	0.902476901	0.937631963	0.0402523864
26	3.18312161	0.585573766	0.893480374	0.920605135	0.0411636625
27	3.08420473	0.645853444	0.883666364	0.901704769	0.041841293
28	2.97527627	0.705683684	0.871007428	0.882792537	0.0421119034
29	2.85158994	0.774008997	0.846887503	0.86034742	0.0419172734
30	2.72957401	0.849916651	0.812570865	0.834452872	0.0414471548
31	2.60571818	0.913662335	0.781744067	0.812999003	0.0408947073
32	2.47650595	0.945497761	0.768096074	0.803877599	0.0404530753
33	2.31308987	0.953144009	0.771338647	0.804372754	0.0401152362
34	2.12482777	0.95891276	0.779189909	0.805747602	0.0397823699
35	1.96895114	0.962568254	0.788445327	0.807769645	0.0395275721
36	1.90270074	0.963868299	0.79590334	0.810208842	0.0394239863
37	2.05285761	0.950836796	0.801702017	0.815749945	0.0396376575
38	2.39147892	0.921452177	0.807453933	0.824761756	0.0401195156
39	2.73306841	0.891809987	0.811873496	0.833194853	0.0406055973
40	2.8921011	0.87800957	0.81367431	0.836998884	0.0408319008
41	2.740271	0.900237951	0.805084478	0.828443715	0.0406090471
42	2.39781264	0.950368515	0.785714706	0.809150718	0.0400800298
43	2.05235245	1.0009385	0.766175148	0.789688608	0.039480049
44	1.8915177	1.0244822	0.757078181	0.780627698	0.0390443065
45	1.95726704	1.00997121	0.760138306	0.787948117	0.0388307363
46	2.10562886	0.977235552	0.767044486	0.804460527	0.0386819357
47	2.25529114	0.944212945	0.774011202	0.821117677	0.0385224823
48	2.32496891	0.928838719	0.777254673	0.828872691	0.0382769874
49	2.23309734	0.944958089	0.771264542	0.824226907	0.0376164897
50	2.02589544	0.98131491	0.757755617	0.813746233	0.0365198202
51	1.81687731	1.01799042	0.744128279	0.80317369	0.0354059056
52	1.71956543	1.03506531	0.737783844	0.798251466	0.0346937611
53	1.86086651	1.02244766	0.744898334	0.805743864	0.0344083149
54	2.17954226	0.993985495	0.760944582	0.822641278	0.0342192411
55	2.50101137	0.965273846	0.777131485	0.839686806	0.0340431865
56	2.65067667	0.951906658	0.784667567	0.847622637	0.0337968809
57	2.53385521	0.965721165	0.780441997	0.845708848	0.0333512318
58	2.27034175	0.996879552	0.77090898	0.841388243	0.0327440522
59	2.00451847	1.02831106	0.761292402	0.837029766	0.0321510226
60	1.88076	1.04294452	0.756815243	0.835000604	0.0317478467
61	1.92133749	1.02866631	0.7604157	0.839116882	0.0315560793
62	2.01291607	0.9964615	0.768537137	0.848399765	0.0314290734
63	2.10529739	0.963974397	0.776729763	0.857764018	0.0313014567
64	2.14830705	0.948849484	0.780543977	0.862123702	0.0311078876
65	2.1326028	0.957018855	0.77612392	0.860531368	0.0306441505
66	2.09583776	0.975449582	0.766154867	0.856937994	0.0299211392
67	2.0554158	0.994041863	0.756098431	0.853313122	0.0292151723
68	2.02873285	1.00269781	0.751416489	0.851625503	0.0288026201
69	2.01565496	0.987598721	0.759759029	0.857183739	0.0286635861
70	2.00445959	0.953546978	0.778573212	0.869717771	0.028565371
71	1.99661922	0.919196754	0.79755231	0.882361669	0.0284893947
72	1.99361026	0.903204434	0.806388346	0.888248247	0.0284171433
73	1.99888962	0.904245851	0.804114155	0.885868731	0.028349674
74	2.01079551	0.906984871	0.798816928	0.880392469	0.0282930711
75	2.02280577	0.91070393	0.793062313	0.874599313	0.0282345398
76	2.02839734	0.914689916	0.789414039	0.871268109	0.0281612799
77	1.99989692	0.920491834	0.787826373	0.87026094	0.0280344734
78	1.93562944	0.928332125	0.78650108	0.869465803	0.0278639868
79	1.87079863	0.935251149	0.785589723	0.868942141	0.0277138094
80	1.84061557	0.93828857	0.785244453	0.86875005	0.0276479409
81	1.8577307	0.930527113	0.78609428	0.869149098	0.027665873
82	1.89851418	0.911676473	0.788320559	0.870211767	0.027717584
83	1.94511728	0.889270103	0.79134578	0.871693192	0.0277980073
84	1.97969501	0.87084295	0.794592274	0.873348443	0.0279020901
85	2.00228196	0.855911497	0.799334984	0.876086624	0.0282872148
86	2.02325401	0.840837078	0.805755284	0.880015766	0.0290065966
87	2.0387537	0.829141464	0.811424745	0.883555361	0.0297179358
88	2.04491946	0.824348372	0.813914373	0.885124543	0.0300788488
89	2.03818282	0.827608164	0.812309529	0.884404071	0.0301221135
90	2.0216997	0.834961472	0.808689246	0.882778497	0.0301436201
91	2.00182888	0.842379235	0.80503723	0.881138674	0.0301647853
92	1.98492954	0.845832699	0.803336973	0.880375227	0.0302069425
93	1.97028292	0.843213926	0.804581617	0.881580684	0.0305084335
94	1.95504254	0.836386482	0.807697489	0.884497606	0.0311406337
95	1.94302698	0.827184392	0.811616102	0.887938922	0.0318488394
96	1.93805661	0.817441427	0.815269099	0.890717418	0.0323782778
97	1.96760026	0.80504232	0.819027671	0.892886429	0.0326705453
98	2.03421941	0.789072886	0.823280688	0.895041574	0.0328925488
99	2.10142252	0.773589622	0.826843839	0.896699064	0.0331134467
100	2.13271004	0.762650161	0.828532426	0.897374812	0.0334023591
101	2.13070055	0.755566855	0.828764738	0.897273629	0.0338308179
102	2.12614848	0.749307463	0.82889488	0.896987375	0.0343808099
103	2.1215565	0.744826995	0.829005432	0.896553527	0.0349847298
104	2.11941863	0.74308158	0.829178602	0.896009398	0.0355749656
105	2.12191386	0.744149908	0.829474116	0.894437897	0.0361415107
106	2.12857259	0.746559878	0.829877023	0.891689916	0.0367184277
107	2.13788304	0.748990972	0.830357949	0.889068087	0.0372995577
108	2.14833334	0.750122809	0.830887519	0.887875351	0.0378787293
109	2.1605635	0.74647772	0.831521549	0.8892622	0.0384442217
110	2.17678276	0.737318534	0.832285767	0.892786546	0.0390021711
111	2.19765749	0.725716152	0.833096478	0.89733902	0.0395741751
112	2.22385361	0.71474223	0.833869964	0.901810187	0.0401818337
113	2.27907711	0.702926166	0.834715105	0.907038587	0.0408738759
114	2.36412749	0.689239897	0.835639825	0.91335955	0.0416308233
115	2.44246885	0.677880514	0.836387397	0.918703259	0.0423676204
116	2.47755764	0.673046354	0.836701039	0.920999342	0.0429992
117	2.43596058	0.682249842	0.833314382	0.917755821	0.0434900848
118	2.34214301	0.703073294	0.825677834	0.910440738	0.0439077862
119	2.24750307	0.724250351	0.817974347	0.903061534	0.0443192918
120	2.20344187	0.734513119	0.814387861	0.899626023	0.0447915825
121	2.20426161	0.735051032	0.815082929	0.900080323	0.0453584324
122	2.20613959	0.73536205	0.816699539	0.901107002	0.0459907043
123	2.20803402	0.735605725	0.81844839	0.902142679	0.0466627841
124	2.20891601	0.735938805	0.819541031	0.902624856	0.0473490627
125	2.19742891	0.73652788	0.819917137	0.90236507	0.0480526632
126	2.17152681	0.737269063	0.820159166	0.901714743	0.048786606
127	2.14539761	0.737905854	0.820386132	0.900897154	0.0495375151
128	2.1332326	0.738181733	0.820716896	0.900135516	0.0502920075
129	2.13785406	0.737605926	0.821431969	0.899488127	0.0510599563
130	2.14828297	0.736307384	0.822468252	0.898835406	0.0518449171
131	2.15880334	0.734997453	0.823404807	0.898145818	0.0526215686
132	2.16370133	0.734387586	0.823820634	0.89738786	0.0533645826
133	2.15003154	0.739080057	0.822138238	0.896483759	0.054065366
134	2.1192048	0.749661333	0.818344399	0.895454323	0.0547400246
135	2.08810771	0.760335404	0.814517289	0.894422912	0.055399215
136	2.07362978	0.765304951	0.812735494	0.893512905	0.0560535909
137	2.07576161	0.763820096	0.814612818	0.892632716	0.0566739258
138	2.0820341	0.759640853	0.819261564	0.891736191	0.0572638586
139	2.09202358	0.753342753	0.8249936	0.891037302	0.0578880986
140	2.1053101	0.745500261	0.830120755	0.89075008	0.0586113678
141	2.17805678	0.723972812	0.835038425	0.895929231	0.0595448921
142	2.32201194	0.686848233	0.840410097	0.907607672	0.0606609189
143	2.46343742	0.651554293	0.844749304	0.919388529	0.0618077159
144	2.52857693	0.635522848	0.846569034	0.924873365	0.0628335292
145	2.48173859	0.644624243	0.844792852	0.922636358	0.0637382491
146	2.37245769	0.665910079	0.840323262	0.917588534	0.0646028648
147	2.25310383	0.689276249	0.834648839	0.912496442	0.0653841756
148	2.17604194	0.704620533	0.829258175	0.910125707	0.0660389449
149	2.14059528	0.712032205	0.823399186	0.910125	0.0665542296
150	2.11067237	0.718355945	0.816579882	0.910125	0.0669858646
151	2.08992559	0.722774175	0.81090784	0.910125	0.0673924386
152	2.08201926	0.724467016	0.808491256	0.910125	0.0678325367
153	2.08657211	0.723498903	0.810492587	0.908163052	0.0682964467
154	2.09793628	0.721031373	0.815197056	0.903600623	0.0687614989
155	2.11215042	0.717828958	0.820421201	0.898649759	0.0692733108
156	2.12525391	0.714656023	0.823981627	0.895523122	0.0698775176
157	2.13775087	0.711189973	0.825569244	0.894178859	0.0706665093
158	2.15131634	0.707114083	0.826693011	0.893059369	0.0716377845
159	2.16333113	0.70330962	0.827754517	0.892290867	0.0726876974
160	2.17117488	0.70065814	0.829154966	0.892000078	0.0737125838
161	2.17575528	0.698943992	0.831690799	0.892777833	0.0746952502
162	2.17962011	0.697444998	0.835087898	0.894531738	0.0756881595
163	2.18229854	0.696379617	0.838076438	0.896301024	0.076685232
164	2.18331893	0.695966572	0.839386413	0.897124754	0.0776803693
165	2.16760295	0.69802349	0.838586914	0.89638511	0.0786784131
166	2.13216499	0.702661805	0.836783301	0.894716761	0.0796807855
167	2.09641624	0.707340797	0.83496387	0.893033782	0.0806750898
168	2.07977263	0.709519204	0.834116794	0.892250234	0.0816489256
169	2.11220813	0.703333038	0.834952215	0.894872512	0.0826300232
170	2.18535682	0.689382633	0.836836542	0.900803917	0.0836169163
171	2.25914701	0.675309887	0.838737394	0.906832633	0.0845487171
172	2.29350164	0.668758012	0.839622378	0.909746247	0.0853645251
173	2.26723533	0.674303838	0.836076748	0.909909605	0.0860484394
174	2.20798537	0.686813303	0.828081253	0.910027761	0.0866545712
175	2.14821581	0.699432473	0.82001564	0.910100049	0.0872242663
176	2.12038878	0.705307604	0.816260518	0.910124994	0.0877988629
177	2.12620268	0.704238869	0.816994621	0.909758042	0.0883575371
178	2.14001399	0.701511569	0.818870606	0.908832133	0.0888875408
179	2.15566469	0.697971739	0.821311823	0.907650408	0.089448695
180	2.16700326	0.694463987	0.82374252	0.906516113	0.0901008381
181	2.17402283	0.690278003	0.826675423	0.905376236	0.0909421913
182	2.18042637	0.685163534	0.830279488	0.904099316	0.0919489417
183	2.18510672	0.680820853	0.833346876	0.902904408	0.0929911065
184	2.18695533	0.678950678	0.834669431	0.902010659	0.0939386848
185	2.16676848	0.681215465	0.833302052	0.901345223	0.0947475774
186	2.1212488	0.686323453	0.830217945	0.900740245	0.0954966908
187	2.07532993	0.691476237	0.827106792	0.900299053	0.0962349815
188	2.05395139	0.693875229	0.825658327	0.900125048	0.0970113911
189	2.06262556	0.693083394	0.825969255	0.901149463	0.0978461411
190	2.08395052	0.69108108	0.826810641	0.903459484	0.0987129658
191	2.10986848	0.688519814	0.828009844	0.905789764	0.0995928016
192	2.13232537	0.686050647	0.829394562	0.906874677	0.100466589
193	2.15252837	0.683755892	0.831975459	0.905660821	0.101308072
194	2.17392118	0.681294681	0.835873518	0.902923018	0.102133389
195	2.19093902	0.678729521	0.839442871	0.900161206	0.102988823
196	2.19801475	0.676123043	0.84103727	0.898875383	0.103920659
197	2.19047231	0.672959512	0.840783248	0.899197516	0.10498396
198	2.17346066	0.669351869	0.840203275	0.899924745	0.106155412
199	2.15629983	0.666378441	0.839602776	0.900658352	0.107360963
200	2.14831023	0.66511775	0.839286792	0.900999898	0.108526556
201	2.15026819	0.666542317	0.839230256	0.900070394	0.109629589
202	2.15544722	0.669755325	0.839187603	0.897974264	0.110710931
203	2.1625802	0.672996511	0.839160565	0.895859751	0.111788162
204	2.17040184	0.674505516	0.839150946	0.894875293	0.112878853
205	2.18258281	0.670815822	0.839314041	0.897132613	0.114001907
206	2.1995842	0.662495064	0.839681803	0.902223216	0.115144092
207	2.21475831	0.654101335	0.840052791	0.907358461	0.116273871
208	2.22145593	0.650193451	0.840225512	0.909749287	0.1173597
209	2.20436459	0.65394792	0.838941775	0.908710642	0.118409357
210	2.16579895	0.662416349	0.836047012	0.906262881	0.119437606
211	2.126838	0.670959043	0.833126862	0.903531661	0.120419657
212	2.10856423	0.674936281	0.831767323	0.901642249	0.121330711
213	2.10835519	0.674646256	0.832601245	0.90059467	0.122149368
214	2.10820899	0.673869704	0.834482538	0.899669647	0.122902325
215	2.10812064	0.672784703	0.836380329	0.899007817	0.123637754
216	2.10809049	0.671568233	0.837263888	0.89875007	0.12440383
217	2.11982808	0.669532544	0.836608127	0.899432975	0.125203355
218	2.14776733	0.666596296	0.835128885	0.90097299	0.12601433
219	2.17965585	0.663946656	0.83363667	0.902526509	0.126851633
220	2.20323766	0.662771065	0.832941936	0.903249784	0.127730152
221	2.21852894	0.663215877	0.83479609	0.90226348	0.128681286
222	2.23269159	0.664219638	0.838977416	0.900039015	0.129693929
223	2.24314253	0.665232203	0.84319541	0.897795042	0.130716542
224	2.24729585	0.665703624	0.845159189	0.896750311	0.131697577
225	2.2365268	0.663753145	0.844212005	0.898078008	0.132606408
226	2.21224152	0.659354769	0.842074917	0.90107248	0.133476867
227	2.18774328	0.654917821	0.839919087	0.904093213	0.134353583
228	2.17633758	0.652852103	0.838915394	0.905499581	0.135281182
229	2.17638134	0.655191387	0.839029371	0.905101598	0.136278991
230	2.17648769	0.660467534	0.839332525	0.904203256	0.137325406
231	2.17659497	0.665789952	0.839752733	0.903297036	0.138405184
232	2.17664492	0.66826792	0.84021814	0.902875126	0.139503082
233	2.16219417	0.666389408	0.840966139	0.903595919	0.140632276
234	2.12922041	0.662151963	0.842025513	0.905221489	0.14179738
235	2.09497822	0.657877356	0.842975715	0.906861315	0.142967274
236	2.07672672	0.65588722	0.843396104	0.907624772	0.144110835
237	2.07313018	0.658663436	0.843271615	0.906069334	0.145225903
238	2.07039962	0.664924754	0.842990635	0.902561524	0.146327928
239	2.06865919	0.671240982	0.842707191	0.899022951	0.147409742
240	2.06803721	0.674181641	0.842575227	0.897375491	0.148464172
241	2.0698566	0.671867546	0.842610849	0.898174203	0.149485498
242	2.07395944	0.66664761	0.842691259	0.900076967	0.150480064
243	2.07809827	0.661381896	0.842772374	0.902249657	0.151458942
244	2.08002519	0.658930328	0.842810139	0.903858392	0.152433201
245	2.07519573	0.660870946	0.842004216	0.904738399	0.153391312
246	2.0643047	0.665248417	0.840186948	0.905422976	0.15433164
247	2.05331816	0.669664277	0.838353743	0.906075816	0.155282578
248	2.04820313	0.671720177	0.837500254	0.906860475	0.156272529
249	2.04964158	0.666397221	0.838377255	0.908085926	0.157315726
250	2.05338926	0.654393317	0.840355344	0.909618269	0.15839776
251	2.05842941	0.642284143	0.842350779	0.910931572	0.159504788
252	2.06374637	0.636646452	0.843279798	0.911499836	0.160622967
253	2.07115407	0.639879255	0.84242421	0.91017943	0.161778683
254	2.08095054	0.647566311	0.840494358	0.907116161	0.16297141
255	2.08952852	0.65631124	0.838547589	0.903810784	0.164142292
256	2.09327989	0.662718342	0.837641247	0.901764305	0.165232459
257	2.09194796	0.666787566	0.837763983	0.901033478	0.166199751
258	2.08824711	0.670530448	0.838098398	0.900516099	0.16709089
259	2.08276514	0.67328046	0.838579278	0.900089973	0.167980829
260	2.07608917	0.674370291	0.839141643	0.899633218	0.168944525
261	2.06012232	0.67174399	0.840245713	0.89903326	0.170016717
262	2.03370786	0.665821517	0.841948196	0.898377375	0.171161162
263	2.00887275	0.659847155	0.843516963	0.897847369	0.17234861
264	1.99764674	0.657065722	0.844219719	0.897625063	0.173549818
265	2.01116043	0.658475701	0.843486595	0.89794344	0.174775099
266	2.0416386	0.661830376	0.841736764	0.898735032	0.176036171
267	2.07238381	0.665651073	0.839729329	0.899718622	0.17730201
268	2.08669759	0.668459512	0.838223411	0.900612959	0.178541578
269	2.08274181	0.670256308	0.837215662	0.901382562	0.179737836
270	2.07240657	0.671913012	0.836272113	0.902166146	0.18091035
271	2.05844382	0.673132094	0.835571173	0.902923587	0.182082491
272	2.04360239	0.67361569	0.83529143	0.903614706	0.183277627
273	2.02249412	0.671839623	0.83606939	0.904288792	0.184515844
274	1.99429236	0.667748081	0.837903882	0.904959037	0.185781322
275	1.96950607	0.663402968	0.839956111	0.905521369	0.187043028
276	1.95864668	0.660866611	0.841387119	0.905871689	0.188269924
277	1.97211804	0.660047567	0.842196303	0.906065315	0.189451418
278	2.00250045	0.659395659	0.842914727	0.906225086	0.190605957
279	2.03314904	0.658963496	0.84343062	0.906333992	0.191744741
280	2.04741785	0.658804164	0.843632021	0.906374989	0.192878964
281	2.04729113	0.659924954	0.843137618	0.905084899	0.194011012
282	2.04690144	0.662452212	0.841876419	0.902175971	0.195135233
283	2.04627089	0.665001613	0.840236174	0.899241557	0.196251456
284	2.04541738	0.666188515	0.838604727	0.897875406	0.197359508
285	2.04055325	0.665180951	0.836641005	0.899961928	0.198435688
286	2.02988249	0.662908292	0.834230986	0.904667547	0.199486923
287	2.01683626	0.660615722	0.832180916	0.909414394	0.200562066
288	2.0048469	0.659548389	0.831297246	0.911624342	0.201709979
289	1.99269209	0.65957396	0.834278856	0.907982362	0.203013452
290	1.97914657	0.659652103	0.841002383	0.899768918	0.204435521
291	1.96809999	0.659780666	0.847784817	0.891483513	0.205839151
292	1.96344322	0.659957803	0.850942457	0.887626148	0.207087286
293	1.97137815	0.662030208	0.848770448	0.889768844	0.208155327
294	1.98927286	0.666759667	0.843723616	0.894602798	0.209133817
295	2.00732435	0.672307302	0.838262159	0.899479104	0.210050053
296	2.01572843	0.676833666	0.834846013	0.901749325	0.210931306
297	2.01336391	0.680454082	0.833421694	0.901370559	0.211743032
298	2.00802674	0.684075449	0.832242346	0.900514991	0.21248726
299	2.00264281	0.686870897	0.831436226	0.899651928	0.21325315
300	2.00013626	0.688013083	0.831132156	0.89925012	0.214129881
301	2.00903209	0.681023695	0.833510784	0.900464213	0.21526543
302	2.02909217	0.665263257	0.838874312	0.903202027	0.216605181
303	2.049328	0.649364738	0.844284832	0.905963829	0.217923673
304	2.05874902	0.641963	0.846803762	0.907249617	0.218995422
305	2.0454577	0.646025649	0.846162599	0.904916435	0.219736742
306	2.01548202	0.655191105	0.844715211	0.899654697	0.220325601
307	1.98524371	0.664436862	0.843255142	0.89434686	0.220921257
308	1.97116592	0.668741331	0.84257539	0.891875735	0.221682947
309	1.98794331	0.664614199	0.842735599	0.893127157	0.222823578
310	2.02578252	0.655305425	0.843097294	0.895950528	0.224289079
311	2.06395326	0.645915095	0.843462158	0.898798636	0.225826423
312	2.08172408	0.64154332	0.843632025	0.900124605	0.227182555
313	2.07247547	0.643596781	0.842009531	0.899951342	0.228296005
314	2.05048552	0.648576546	0.838351008	0.899510358	0.229316779
315	2.02547504	0.654471979	0.834660431	0.898941201	0.230295139
316	2.0071624	0.659273118	0.832942241	0.898383076	0.231281311
317	1.99732619	0.662432792	0.834689157	0.897859919	0.232305415
318	1.98970171	0.665126775	0.838629269	0.897293547	0.233336125
319	1.98253536	0.667826103	0.842603901	0.896678949	0.234331996
320	1.97407519	0.671001529	0.844454337	0.896011139	0.235251589
321	1.96127242	0.675865634	0.842182222	0.895097831	0.236039193
322	1.94558104	0.68198257	0.837057801	0.893981469	0.236738818
323	1.93224085	0.687236941	0.831888483	0.89303342	0.237462431
324	1.92649233	0.68951304	0.829481848	0.892625117	0.238322011
325	1.93033853	0.686696621	0.831432841	0.894047905	0.2394698
326	1.9390147	0.680344665	0.835833568	0.897256282	0.240857958
327	1.94776689	0.673937057	0.840272851	0.900492768	0.242289495
328	1.95184156	0.670953922	0.842339611	0.901999552	0.2435674
329	1.9457505	0.6727562	0.840961258	0.898755776	0.244658132
330	1.93201359	0.676821991	0.837851953	0.891440677	0.245675816
331	1.91815632	0.680923403	0.834715407	0.884061488	0.246632293
332	1.91170492	0.682832862	0.833255151	0.880626022	0.247539374
333	1.91239648	0.680724745	0.833264498	0.883262118	0.248380438
334	1.91436547	0.675970065	0.833294098	0.889208309	0.249161492
335	1.91737125	0.671173729	0.833342936	0.895206597	0.249931653
336	1.92117491	0.668940739	0.833410427	0.897999169	0.250740046
337	1.9322608	0.669572089	0.834386085	0.89469886	0.251580007
338	1.95203316	0.67099716	0.836613866	0.887255426	0.252432716
339	1.97184282	0.672434716	0.839173317	0.879746777	0.253334304
340	1.98303847	0.673103987	0.841143716	0.87625104	0.254320914
341	1.98647226	0.671388712	0.842542625	0.879285531	0.255451008
342	1.9891666	0.667520649	0.843877209	0.886130068	0.25671038
343	1.99093208	0.663618696	0.844879899	0.893034573	0.258022205
344	1.99157715	0.661802098	0.845282908	0.896249044	0.259309647
345	1.97925245	0.662959342	0.845050343	0.895784634	0.260557669
346	1.95146227	0.665695658	0.844525702	0.894689737	0.261805679
347	1.9234286	0.66877223	0.843996466	0.893470571	0.263053688
348	1.9103772	0.670950425	0.843750073	0.892632546	0.264301698
349	1.91769961	0.672203835	0.843785662	0.892273522	0.265587105
350	1.93421898	0.673308444	0.843866072	0.89204021	0.26689934
351	1.95088308	0.67412836	0.843947187	0.8917908	0.268161579
352	1.95864124	0.674527417	0.843984951	0.891383568	0.269296986
353	1.95068969	0.674623308	0.84290274	0.889897654	0.270277666
354	1.93275529	0.674671391	0.840284321	0.887275242	0.271165515
355	1.91466376	0.674720139	0.837194669	0.884767369	0.272015705
356	1.90624104	0.67481797	0.834699078	0.883625336	0.272883401
357	1.90743522	0.676085197	0.832749264	0.886774364	0.273763573
358	1.91079344	0.678753071	0.830811232	0.893875571	0.2746324
359	1.91584106	0.681408528	0.82932043	0.901038994	0.275522385
360	1.92210562	0.682638161	0.828712575	0.904374008	0.276466044
361	1.93892271	0.679457522	0.831046986	0.903141071	0.277505867
362	1.96774074	0.672284974	0.836369517	0.900185861	0.278621029
363	1.99509233	0.665049586	0.841885847	0.89676974	0.279746553
364	2.00750698	0.661681068	0.844801089	0.894153458	0.280817454
365	1.99937336	0.663311274	0.845340507	0.892322941	0.281814972
366	1.98102539	0.667196111	0.845748324	0.89058124	0.282776752
367	1.96251667	0.671635122	0.846007321	0.889274746	0.283719202
368	1.95389973	0.674928352	0.8460996	0.888750145	0.28465872
369	1.95512057	0.67707909	0.844780138	0.890723095	0.285570868
370	1.95787913	0.679075901	0.841804951	0.895172045	0.286455225
371	1.96066185	0.680551599	0.838803699	0.899659972	0.287368856
372	1.96195737	0.681138607	0.837406431	0.901749378	0.288368834
373	1.96167698	0.678983598	0.838172003	0.900407379	0.289552635
374	1.96084522	0.674124105	0.839899159	0.897285897	0.290881948
375	1.95950648	0.669222037	0.841641447	0.893900287	0.292202877
376	1.95770481	0.666939823	0.842452589	0.891765701	0.293361507
377	1.94533033	0.669860481	0.841815876	0.890852712	0.294305071
378	1.92016795	0.676447533	0.840252819	0.890093139	0.295141689
379	1.89530256	0.683092295	0.838356991	0.889572097	0.29595263
380	1.88382229	0.686185841	0.836721916	0.889375052	0.296819151
381	1.88741222	0.684037367	0.835431337	0.891196319	0.297774743
382	1.89633987	0.679190899	0.834181371	0.895303041	0.298775642
383	1.90742194	0.674301969	0.833025302	0.899445744	0.299790086
384	1.91747743	0.672025872	0.832016523	0.901374426	0.300786323
385	1.9274073	0.672538794	0.831036319	0.900009011	0.301741914
386	1.93841247	0.673877	0.830062917	0.896928969	0.302677901
387	1.94736413	0.675680059	0.829314554	0.893821942	0.303627878
388	1.95113244	0.677588067	0.829009519	0.89237543	0.30462544
389	1.93999461	0.680240741	0.830355162	0.892735469	0.305701876
390	1.91487855	0.683752583	0.833389518	0.893548258	0.306836988
391	1.88954244	0.686863971	0.83645046	0.894368168	0.307986117
392	1.87774692	0.688314981	0.837875516	0.894749886	0.309104603
393	1.87944462	0.68845209	0.837514259	0.893042514	0.310194291
394	1.88357931	0.68855207	0.836612356	0.889192461	0.311275708
395	1.88850181	0.688613581	0.835485257	0.885308678	0.312328054
396	1.89256594	0.688634911	0.834448097	0.883500538	0.313330517
397	1.89505265	0.687383459	0.833393879	0.885340291	0.314236085
398	1.89698549	0.684254721	0.832208338	0.889489792	0.315071848
399	1.89928241	0.680326475	0.831237421	0.893675647	0.315932536
400	1.9028612	0.676676869	0.830827184	0.89562442	0.316912889
401	1.91742072	0.672892592	0.833002437	0.895112754	0.318114465
402	1.94407975	0.668593493	0.837907474	0.893957738	0.319494446
403	1.96980697	0.665056239	0.842855485	0.892792603	0.320926843
404	1.98156815	0.663557901	0.845159089	0.892250161	0.322285653
405	1.97872005	0.664541335	0.844498349	0.892686358	0.323528245
406	1.97104188	0.667144846	0.843006963	0.89367026	0.324726408
407	1.96015612	0.67073986	0.84150251	0.894662782	0.325920274
408	1.9476826	0.67469794	0.840802095	0.895124863	0.327149959
409	1.92511382	0.680940301	0.840809834	0.892298161	0.328433291
410	1.89144364	0.689704309	0.840833969	0.885924186	0.329748064
411	1.86073028	0.697542013	0.840873951	0.879494367	0.331075591
412	1.84703519	0.70100467	0.84092944	0.876500891	0.33239719
413	1.85585403	0.696042709	0.842321049	0.876636405	0.333746303
414	1.8757478	0.68485218	0.845373132	0.87699302	0.335122028
415	1.89581588	0.673563607	0.848435763	0.877476134	0.336448155
416	1.9051588	0.668308083	0.8498586	0.877991996	0.337648457
417	1.903285	0.671416681	0.847768434	0.878604103	0.338700116
418	1.89852151	0.678661941	0.843054562	0.879378188	0.339662251
419	1.89237767	0.686555384	0.838299389	0.880208316	0.340578234
420	1.88636062	0.691609127	0.836085564	0.880988508	0.341491426
421	1.87964652	0.693876026	0.836285419	0.881807798	0.342408179
422	1.87169838	0.695779734	0.836737538	0.8826904	0.343307579
423	1.86469182	0.697094654	0.837193618	0.883412184	0.344195094
424	1.86080306	0.697594393	0.837405952	0.883748966	0.345076202
425	1.85968882	0.696175225	0.837062785	0.883802416	0.345940948
426	1.85908082	0.692974975	0.836230899	0.883841879	0.34678983
427	1.85847119	0.689746687	0.835245911	0.883866413	0.347645786
428	1.85735261	0.68824372	0.834443479	0.883874998	0.348531759
429	1.85220172	0.691016192	0.833907358	0.88354619	0.349457034
430	1.84235013	0.697275772	0.833443435	0.882757182	0.350410136
431	1.83194134	0.703608261	0.832988829	0.881841516	0.35138373
432	1.82511986	0.706599031	0.832480708	0.88113283	0.352370479
433	1.8217244	0.706664438	0.83176754	0.880671481	0.35336711
434	1.81883566	0.706710897	0.830913952	0.880263416	0.354378578
435	1.81682154	0.706739055	0.830195383	0.879914086	0.35540969
436	1.81605097	0.706748689	0.829887306	0.879629007	0.356465252
437	1.82074213	0.705720706	0.830863678	0.879371312	0.357586561
438	1.83132026	0.703402797	0.833065407	0.879128506	0.358761148
439	1.84199107	0.70106458	0.835286426	0.87894745	0.359908251
440	1.84695898	0.699975996	0.836320447	0.87887502	0.360947099
441	1.84660133	0.701546969	0.835979313	0.878916956	0.361859062
442	1.84558053	0.705089938	0.835117303	0.879039993	0.362700227
443	1.84401995	0.708663948	0.834016001	0.879235628	0.363497539
444	1.84204159	0.710327869	0.832956789	0.879495372	0.364277927
445	1.83583233	0.709873832	0.831774428	0.880876364	0.365002079
446	1.82474205	0.708637901	0.830379122	0.883598104	0.365670701
447	1.81410428	0.70686026	0.829211559	0.88626963	0.366378296
448	1.80925382	0.70478073	0.828712548	0.887499636	0.367219388
449	1.81530361	0.700692478	0.830618899	0.886449501	0.368344928
450	1.82894794	0.694385004	0.834917671	0.883901075	0.369721861
451	1.84271181	0.688571999	0.839254107	0.880878157	0.371158649
452	1.84911974	0.685967774	0.841272984	0.878404506	0.372463725
453	1.84259069	0.686600528	0.841262511	0.87642024	0.373582588
454	1.82786465	0.688028981	0.84123467	0.874425722	0.374627325
455	1.81300958	0.689469948	0.84119936	0.872881949	0.375646682
456	1.80609363	0.690140807	0.841165883	0.872250176	0.376689381
457	1.81532909	0.689076654	0.841140855	0.875190671	0.377798328
458	1.83615788	0.686676743	0.841118018	0.881821316	0.37893926
459	1.85716917	0.684255805	0.841087321	0.888510055	0.380043852
460	1.86695121	0.68312871	0.841038713	0.891624073	0.381043777
461	1.85612837	0.686036564	0.840744488	0.888210027	0.381914026
462	1.83171837	0.692975943	0.840045318	0.880509923	0.382707264
463	1.80709451	0.70093696	0.839056974	0.872742356	0.383469262
464	1.79563059	0.706909168	0.837895292	0.869126076	0.384245783
465	1.79979613	0.710905853	0.835629561	0.87113604	0.385055102
466	1.80919631	0.714647974	0.832158639	0.875670545	0.385871114
467	1.81867885	0.717427923	0.828966639	0.880244779	0.386674666
468	1.82309355	0.718537394	0.827538011	0.882374366	0.38744661
469	1.81756176	0.717986344	0.828078496	0.881039598	0.388147173
470	1.8050857	0.716743145	0.82941606	0.877818353	0.388798358
471	1.79250032	0.715489054	0.831061998	0.874040213	0.389477217
472	1.78664105	0.714905198	0.832527858	0.871034533	0.390260812
473	1.78718177	0.715241567	0.833732303	0.868757947	0.391263974
474	1.78871496	0.716000408	0.834923072	0.866523954	0.392449945
475	1.79104152	0.716765897	0.836072906	0.864817834	0.393660988
476	1.79396394	0.717122279	0.837154461	0.864125192	0.394739343
477	1.80250021	0.714480391	0.838321631	0.865290535	0.395654676
478	1.81747163	0.708523204	0.839550703	0.868077305	0.396501608
479	1.83176659	0.702513825	0.840525639	0.871287731	0.397300197
480	1.83827179	0.699716089	0.840930337	0.873723872	0.398070476
481	1.83267086	0.701279792	0.838942138	0.875395052	0.398778935
482	1.82003753	0.704807516	0.834458877	0.876973681	0.399429358
483	1.80729352	0.708366148	0.829936336	0.878152725	0.400103941
484	1.8013604	0.71002291	0.827830815	0.87862487	0.400884894
485	1.80441187	0.707351954	0.829711516	0.878320548	0.401867048
486	1.81129632	0.701328353	0.833953546	0.877573372	0.403016941
487	1.8182411	0.695251977	0.838232742	0.876666974	0.40421999
488	1.82147431	0.69242305	0.840224971	0.875884947	0.405361598
489	1.82143097	0.695441244	0.839985724	0.875292802	0.406442596
490	1.82129984	0.70227791	0.839370743	0.874738187	0.407516584
491	1.82108899	0.709248241	0.838563756	0.874194262	0.408537949
492	1.82080555	0.712667313	0.837747966	0.873634233	0.409461046
493	1.81984484	0.712879147	0.836727765	0.873103907	0.410236772
494	1.81760484	0.712979601	0.835450672	0.872602323	0.410915266
495	1.81415741	0.713078398	0.834355636	0.872024193	0.411602499
496	1.80957458	0.713284356	0.833881715	0.871264205	0.412404448
497	1.78932277	0.716649533	0.834951433	0.869670357	0.41341037
498	1.75061716	0.723832523	0.837363746	0.867281381	0.414576455
499	1.71288667	0.731001975	0.839797194	0.865099039	0.415807521
500	1.69556486	0.734325596	0.840930114	0.864125284	0.41700838
501	1.71052381	0.733097116	0.840638026	0.864542386	0.418198321
502	1.74426489	0.730241828	0.839836762	0.865483509	0.419415446
503	1.77830158	0.727152545	0.838671527	0.866432879	0.420581882
504	1.79414776	0.725221476	0.837287275	0.866874868	0.421619726
505	1.7885419	0.724592761	0.834372373	0.866514531	0.422470829
506	1.77589113	0.724227797	0.82975693	0.865701742	0.42320798
507	1.76312952	0.72383988	0.825470673	0.864881832	0.423950902
508	1.75718821	0.723142563	0.823543797	0.864500114	0.424819317
509	1.77070081	0.718954341	0.826752794	0.867345811	0.425913165
510	1.80117308	0.710805347	0.833989734	0.873762564	0.427181394
511	1.83191233	0.702829498	0.841290079	0.880235537	0.428515556
512	1.84622334	0.699161661	0.844688838	0.883249103	0.429807198
513	1.83277738	0.701660874	0.844195887	0.880233441	0.431062127
514	1.80244972	0.707391133	0.842972712	0.873431682	0.432328461
515	1.77185636	0.713404452	0.841463668	0.866570331	0.433550896
516	1.75761326	0.716753141	0.840112249	0.86337595	0.434674099
517	1.76337449	0.717617724	0.839039348	0.864532574	0.435693399
518	1.77637448	0.718288846	0.838007246	0.867234299	0.436648057
519	1.78948837	0.718724726	0.836944843	0.870190156	0.437544676
520	1.79559369	0.718882877	0.835781099	0.872109765	0.438389847
521	1.79558406	0.718503034	0.834410863	0.873007963	0.439156982
522	1.79554902	0.717646467	0.832878851	0.873768956	0.439857808
523	1.79549049	0.716782396	0.831345837	0.874297973	0.440560613
524	1.79540858	0.716380118	0.829972614	0.874499946	0.441333697
525	1.78546852	0.717182439	0.828610308	0.874460616	0.442215075
526	1.76318267	0.718991788	0.827208931	0.874352192	0.443172407
527	1.74072558	0.720816989	0.826110724	0.874193469	0.444169754
528	1.73027488	0.721666732	0.825658022	0.874003197	0.445171181
529	1.74012778	0.720043807	0.828118558	0.873690231	0.44620677
530	1.7623512	0.716383856	0.833666879	0.873198341	0.447285133
531	1.78476931	0.712691838	0.83926381	0.872610388	0.448331066
532	1.79520633	0.710972977	0.841869525	0.872009267	0.449269344
533	1.7884714	0.713860628	0.839703544	0.871258739	0.450094825
534	1.77327844	0.72045247	0.834817927	0.870349721	0.450858757
535	1.75795237	0.727302276	0.829889506	0.869580666	0.451564919
536	1.75081714	0.730963425	0.827595022	0.869250095	0.452217075
537	1.7526148	0.731699213	0.827801715	0.870084771	0.452777645
538	1.75667297	0.732258609	0.828344886	0.871967019	0.453264924
539	1.7607667	0.732615586	0.829082936	0.873865757	0.453771948
540	1.76267258	0.73274328	0.829874886	0.874749737	0.454391767
541	1.75917463	0.730643959	0.831031486	0.874408503	0.455269983
542	1.75128614	0.725910323	0.832596966	0.873638492	0.456370815
543	1.74332854	0.721135213	0.833979292	0.872861736	0.457505624
544	1.73962379	0.718912106	0.834586291	0.872500108	0.458485747
545	1.74913818	0.718931275	0.833517361	0.874321319	0.459264814
546	1.77068935	0.718990375	0.830899337	0.878428041	0.459961589
547	1.79266971	0.719086182	0.82773668	0.882570744	0.46062499
548	1.80346978	0.719216128	0.825033998	0.884499426	0.461303905
549	1.80418369	0.720298486	0.822668919	0.882280268	0.461980368
550	1.80455192	0.722540579	0.820196952	0.8772752	0.462637087
551	1.80488347	0.724764842	0.818243547	0.872226281	0.463330615
552	1.8054845	0.725793414	0.817434438	0.869875699	0.464117525
553	1.80760951	0.723355047	0.820443931	0.870573665	0.465097838
554	1.81125517	0.717856311	0.827230269	0.872283348	0.466244247
555	1.81471633	0.712309399	0.834076064	0.874345905	0.467414943
556	1.81628751	0.709726971	0.837263203	0.876102978	0.468468097
557	1.81313392	0.709870255	0.836488924	0.877630973	0.469358346
558	1.80529724	0.71028801	0.83467083	0.879223388	0.470174541
559	1.79556843	0.710943223	0.832660451	0.880479863	0.470969857
560	1.78673898	0.711799611	0.831308616	0.880999854	0.471797448
561	1.77801608	0.715448991	0.830611874	0.880381972	0.472656178
562	1.76834649	0.722395797	0.830008225	0.878841363	0.473522819
563	1.76048038	0.729161366	0.829581904	0.876917292	0.474422248
564	1.75716887	0.732266196	0.829417338	0.875149066	0.475379353
565	1.76246263	0.72846496	0.830465077	0.873573199	0.476474366
566	1.77440116	0.719891841	0.832827627	0.871932186	0.477681344
567	1.78644429	0.711243609	0.835210876	0.870367073	0.478857851
568	1.79205111	0.707217326	0.836320425	0.869019023	0.47986143
569	1.78998867	0.709390875	0.83484503	0.86774799	0.480625198
570	1.7853345	0.714294509	0.831517554	0.866487671	0.481264196
571	1.78063956	0.719241106	0.828160926	0.86551953	0.481905764
572	1.77845378	0.721544051	0.826598209	0.86512511	0.482677231
573	1.7867314	0.71875504	0.828844437	0.867515481	0.483734051
574	1.80539731	0.712464814	0.833910295	0.872905554	0.485013847
575	1.82422676	0.706119478	0.839020537	0.878342851	0.486309133
576	1.83299303	0.703165334	0.841399668	0.880874247	0.487412404
577	1.82475888	0.705887816	0.840516797	0.878522463	0.488274641
578	1.80618659	0.712028471	0.838411874	0.873217947	0.48903357
579	1.78745158	0.718222926	0.836005207	0.867866956	0.489750599
580	1.77872928	0.721106825	0.834216671	0.865375741	0.490487106
581	1.78359381	0.720524239	0.833270387	0.866162754	0.49128745
582	1.79456824	0.719208686	0.832568882	0.868127399	0.49211101
583	1.80563882	0.717881607	0.831848775	0.870583197	0.492891324
584	1.81079285	0.717263771	0.830846817	0.872844172	0.493561931
585	1.79776648	0.718588352	0.828712373	0.875144739	0.494076492
586	1.76839106	0.721609677	0.825576217	0.87773326	0.494500201
587	1.73875827	0.724743585	0.822729259	0.879853691	0.494934593
588	1.72496238	0.726405686	0.821462633	0.880749746	0.495481208
589	1.7322575	0.726660155	0.822562666	0.878018022	0.496254199
590	1.74871583	0.726793908	0.825043859	0.871857938	0.497227049
591	1.76531835	0.726922706	0.827546791	0.865643885	0.498285635
592	1.77304785	0.727161945	0.828712059	0.862750861	0.499315824
593	1.7687845	0.728290919	0.828569759	0.864134961	0.500378347
594	1.75916628	0.730381279	0.828248117	0.867257781	0.50150843
595	1.74946379	0.732403961	0.827923657	0.870407961	0.502535714
596	1.74494668	0.733329675	0.827772601	0.871874564	0.503289791
597	1.74735043	0.731576897	0.82782875	0.87141967	0.503740414
598	1.75277346	0.727624103	0.827987672	0.87039299	0.504061747
599	1.758244	0.723636678	0.828229023	0.869357314	0.504381044
600	1.76079088	0.721780287	0.828532489	0.868875143	0.504825534
601	1.75998353	0.721787865	0.829425545	0.868912944	0.505580996
602	1.7577609	0.721812595	0.830994907	0.868998501	0.506624345
603	1.75451135	0.72185363	0.832494105	0.869084807	0.50775865
604	1.75062268	0.721910677	0.833176491	0.869124988	0.508786953
605	1.74214097	0.723609832	0.831571911	0.868988701	0.509649946
606	1.72854006	0.727352887	0.827953441	0.868642464	0.510459088
607	1.71586322	0.731112076	0.824303269	0.868195325	0.511264049
608	1.71015511	0.732859116	0.822603889	0.867756358	0.512114471
609	1.7132208	0.73124735	0.824522088	0.867354954	0.513031923
610	1.72013711	0.72761196	0.828897668	0.866926626	0.513990577
611	1.72711402	0.723944718	0.833435525	0.866445257	0.51497062
612	1.7303622	0.722237392	0.835840455	0.865884749	0.515952244
613	1.72933327	0.724265963	0.836272039	0.865002275	0.516934667
614	1.72701104	0.728841145	0.8365767	0.863838335	0.517927346
615	1.72466846	0.73345641	0.83678678	0.862820177	0.518924186
616	1.72357785	0.7356051	0.836934071	0.862375128	0.519919092
617	1.73023296	0.734477653	0.837056371	0.862537196	0.520923353
618	1.74523968	0.731934035	0.837161655	0.862938103	0.521936569
619	1.76037787	0.729368131	0.837235665	0.86343103	0.522933096
620	1.76742563	0.728173545	0.837264143	0.863869238	0.523887284
621	1.76304164	0.728465622	0.835493455	0.864245142	0.524857816
622	1.75270161	0.729254749	0.831371626	0.864628469	0.525842721
623	1.7411384	0.730377166	0.826888557	0.864976516	0.526715535
624	1.73308412	0.731669384	0.824034694	0.865246549	0.527349767
625	1.72854174	0.734050152	0.822776776	0.865419419	0.52772309
626	1.72451185	0.737628837	0.821724101	0.865543033	0.527981227
627	1.72161945	0.740900912	0.820998874	0.865674523	0.528243489
628	1.72049066	0.742361503	0.820723758	0.865871018	0.528629171
629	1.7207987	0.742052035	0.82199949	0.866219206	0.529343902
630	1.72171426	0.741168931	0.825116493	0.866760214	0.530403403
631	1.72319199	0.739814364	0.828865284	0.867478792	0.531628936
632	1.72518678	0.738090162	0.832036067	0.868359678	0.532841726
633	1.73988434	0.732490115	0.834754242	0.870163811	0.534052093
634	1.76998626	0.722405579	0.837568389	0.872933984	0.535344137
635	1.79977809	0.712712881	0.839781249	0.875483314	0.536632783
636	1.81354146	0.708289508	0.840695233	0.876624667	0.537832909
637	1.79523504	0.712345444	0.838615466	0.875365919	0.538930615
638	1.75392846	0.721834341	0.833874174	0.87245928	0.539975982
639	1.71220979	0.732263147	0.828962441	0.869356997	0.54097434
640	1.69266884	0.739138851	0.826371754	0.867511377	0.541931005
641	1.69251994	0.742497324	0.825899502	0.866941689	0.54282864
642	1.69245308	0.7453701	0.825542805	0.866551157	0.543674135
643	1.69238916	0.74738085	0.82531646	0.866233182	0.544511984
644	1.69225481	0.748152224	0.82523587	0.865881478	0.545386686
645	1.69057078	0.74680553	0.826021397	0.865401098	0.546303917
646	1.68703919	0.743368391	0.828018212	0.864867508	0.54724336
647	1.68352683	0.738894611	0.830599901	0.864433045	0.548213749
648	1.68190093	0.734438185	0.833139835	0.864250052	0.549223828
649	1.69461813	0.729055542	0.836121507	0.865160659	0.550328069
650	1.72329405	0.722437716	0.839733532	0.867214021	0.551511092
651	1.7522212	0.716804175	0.842789678	0.869285372	0.552670627
652	1.76568857	0.714374967	0.844103397	0.870249713	0.553704391
653	1.75512436	0.717851971	0.842160004	0.870098223	0.554565303
654	1.73129509	0.725693513	0.83777718	0.869755997	0.555330869
655	1.70725703	0.733603757	0.833355956	0.869410771	0.55608322
656	1.69606584	0.737286462	0.831297605	0.869250048	0.55690448
657	1.69748781	0.736430951	0.831760596	0.869458693	0.557858131
658	1.70084597	0.73449947	0.832805932	0.869929255	0.558895367
659	1.70459681	0.732551066	0.833860426	0.870403939	0.559929005
660	1.70719966	0.731643964	0.834351358	0.870624934	0.560871863
661	1.70843385	0.7333957	0.833970259	0.868291435	0.561698926
662	1.70934265	0.737346135	0.833110626	0.863029697	0.562466455
663	1.71018099	0.741331181	0.832243461	0.85772186	0.56320498
664	1.71120352	0.743186465	0.831839743	0.855250735	0.563945022
665	1.71250117	0.742062186	0.831942449	0.858076839	0.564656836
666	1.71396689	0.739320337	0.832228105	0.864450814	0.565335085
667	1.71556983	0.736037351	0.832651604	0.870880633	0.566053477
668	1.71727918	0.733289456	0.833167927	0.873874109	0.566885736
669	1.71954466	0.730982657	0.834410734	0.873302567	0.567971024
670	1.72228059	0.728617019	0.836470989	0.871891243	0.56927478
671	1.72459246	0.726766129	0.838409149	0.870164193	0.570599445
672	1.72558557	0.726003865	0.839285457	0.868644754	0.571747433
673	1.72526559	0.72703632	0.837106844	0.867420721	0.572666174
674	1.7243612	0.729588432	0.83218039	0.866224598	0.573484417
675	1.72299044	0.732725468	0.827176754	0.865081407	0.574266564
676	1.72127115	0.735512595	0.824767032	0.864016262	0.575076987
677	1.71630363	0.738149654	0.824644366	0.862881383	0.57595111
678	1.70761638	0.741010865	0.824555823	0.861697159	0.576849664
679	1.69932774	0.743314605	0.824501729	0.860762184	0.577726044
680	1.69555702	0.744278958	0.824483087	0.860375109	0.578533648
681	1.70163116	0.742610284	0.825028725	0.860697525	0.579228384
682	1.71532968	0.738847132	0.826315772	0.861424757	0.579851868
683	1.72914821	0.735051009	0.827756798	0.862158361	0.580487877
684	1.73558158	0.733283681	0.828764205	0.862499898	0.581220193
685	1.72772201	0.733609837	0.829337461	0.862360724	0.582141006
686	1.70910242	0.734500898	0.829847325	0.861978787	0.583209755
687	1.68807222	0.735788299	0.830213888	0.861422712	0.584307057
688	1.67298137	0.737303907	0.830357104	0.860761064	0.585313517
689	1.66384268	0.74036655	0.829572584	0.859357269	0.586204165
690	1.65556344	0.745141952	0.827803554	0.8571284	0.587047169
691	1.64953893	0.749556864	0.826019025	0.85505686	0.587855718
692	1.64716633	0.751537563	0.825188217	0.854125273	0.588642983
693	1.65291704	0.750040289	0.825356714	0.856913895	0.589404742
694	1.66710502	0.746413272	0.825785085	0.863202313	0.590138078
695	1.68448559	0.742126507	0.82633766	0.869545826	0.590859881
696	1.69981299	0.738649865	0.826878967	0.872499121	0.591587045
697	1.71409904	0.735911029	0.827508284	0.872082937	0.592325861
698	1.72948615	0.733179245	0.828266808	0.871060796	0.59306682
699	1.74183084	0.731073795	0.82890725	0.869824075	0.59380379
700	1.74698803	0.730214335	0.829182252	0.868763399	0.594530638
701	1.73558012	0.733133632	0.828326448	0.867828486	0.595235282
702	1.7098542	0.739716624	0.826396597	0.866848018	0.595924174
703	1.6839029	0.746357291	0.824449839	0.866071887	0.596620024
704	1.67182097	0.749448929	0.823543503	0.86575009	0.597345545
705	1.67932484	0.748058278	0.824444467	0.866319162	0.598115981
706	1.69625272	0.744920554	0.826476576	0.867602513	0.598918632
707	1.71332891	0.74175534	0.828526488	0.868897107	0.599734353
708	1.72127893	0.740281738	0.829480848	0.869499821	0.600543997
709	1.71476449	0.741037858	0.82922181	0.869424112	0.601353139
710	1.70007035	0.74274375	0.82863709	0.869252998	0.602168961
711	1.68524748	0.744464589	0.828047246	0.869080386	0.602972326
712	1.67834652	0.745265745	0.827772638	0.869000024	0.60374409
713	1.68126274	0.743712743	0.828890991	0.869379441	0.604486635
714	1.6878429	0.740210486	0.831412844	0.870235009	0.605210047
715	1.69448071	0.736677545	0.833956793	0.871098072	0.605904785
716	1.69757102	0.735032743	0.835141157	0.87149988	0.6065613
717	1.69361019	0.739317642	0.832810574	0.871268234	0.607155297
718	1.68467719	0.748980364	0.827554765	0.870656084	0.607702187
719	1.67566592	0.758727744	0.822252909	0.869813277	0.608254409
720	1.67147062	0.763265749	0.819784569	0.86888961	0.608864407
721	1.6736347	0.760811259	0.82118206	0.867596772	0.609551266
722	1.6788554	0.755090112	0.824522465	0.865839983	0.610294545
723	1.68497289	0.748856748	0.828364227	0.864107492	0.611089748
724	1.6898279	0.74486502	0.831266091	0.862887676	0.611932389
725	1.69329988	0.743073352	0.833237176	0.862113544	0.61288634
726	1.69656191	0.74156854	0.835092484	0.861429824	0.6139449
727	1.6992243	0.740529044	0.836475194	0.860940591	0.614989235
728	1.70089687	0.740133954	0.83702815	0.860750052	0.615900489
729	1.70169379	0.74230573	0.835623497	0.861186358	0.616631387
730	1.70219734	0.747202904	0.832455932	0.86217026	0.617269746
731	1.70268086	0.752142983	0.829260615	0.863162782	0.617895522
732	1.70341758	0.754442894	0.827772999	0.863624863	0.618588658
733	1.70521176	0.754012853	0.827772556	0.863216228	0.619382016
734	1.70795479	0.752951733	0.827772556	0.862167539	0.620237559
735	1.71047584	0.75165513	0.827772556	0.860790236	0.621131836
736	1.71160385	0.750518089	0.827772556	0.859395739	0.622041406
737	1.70760182	0.74947018	0.828819398	0.857645287	0.622975093
738	1.69756627	0.74834766	0.831179824	0.855449824	0.623942778
739	1.68489969	0.747449522	0.83356093	0.853565895	0.624919424
740	1.67300542	0.747074878	0.834669481	0.852750234	0.62587999
741	1.660393	0.748918916	0.834472332	0.852914048	0.626822882
742	1.64589925	0.753077105	0.833953895	0.853369116	0.627760188
743	1.63391194	0.757271724	0.833246884	0.854042419	0.628685382
744	1.62882013	0.759224578	0.832483741	0.854861124	0.629591937
745	1.640181	0.756835953	0.831350086	0.856569198	0.630442906
746	1.66580081	0.751448755	0.829802961	0.859371346	0.631252465
747	1.69164509	0.746014358	0.828432847	0.862291744	0.632095023
748	1.70367719	0.743484312	0.827830363	0.864354314	0.633044998
749	1.70168559	0.743838482	0.828748648	0.865621632	0.63430758
750	1.69629464	0.744763879	0.830819596	0.866748506	0.635817053
751	1.68861218	0.746012103	0.832908689	0.867558495	0.637221954
752	1.67974305	0.747335405	0.83388129	0.867874914	0.638170767
753	1.66322524	0.749203974	0.831920181	0.86567424	0.638636004
754	1.63828584	0.751691612	0.827497606	0.86071195	0.638943656
755	1.6154519	0.753875151	0.823036284	0.855706185	0.639248829
756	1.60525286	0.754831203	0.820959265	0.853375693	0.639706564
757	1.62354859	0.750470349	0.823326051	0.855746509	0.640630952
758	1.66480863	0.740636845	0.828664091	0.861093803	0.642019664
759	1.70643016	0.730717185	0.834048899	0.866487947	0.643529674
760	1.72580755	0.726098974	0.836555858	0.868999253	0.644817891
761	1.71782847	0.726572334	0.835915737	0.86837056	0.645813979
762	1.69982419	0.727897728	0.834424435	0.866810351	0.646716904
763	1.68166217	0.729876079	0.832803673	0.864881937	0.647566989
764	1.67320664	0.732309548	0.831774629	0.863148074	0.648404499
765	1.67467071	0.738481205	0.831324726	0.861467468	0.649214725
766	1.67818857	0.748880752	0.830948832	0.859622123	0.649985173
767	1.68226798	0.758707296	0.830690172	0.858127732	0.650764941
768	1.68541875	0.763158828	0.830592131	0.857500177	0.651603142
769	1.68766298	0.757665434	0.830853042	0.85970076	0.652568572
770	1.68981269	0.745275942	0.831441404	0.86466305	0.653626024
771	1.69143166	0.732777903	0.83203492	0.869668815	0.654664142
772	1.69208333	0.726959298	0.832311239	0.871999307	0.655571554
773	1.68302982	0.729625414	0.831770944	0.870662011	0.656314926
774	1.66261549	0.735958458	0.830472688	0.867477111	0.656974713
775	1.6420223	0.743145801	0.828962297	0.863841724	0.657605236
776	1.6324349	0.748375722	0.82778568	0.861152688	0.658260806
777	1.63314101	0.751173679	0.827096336	0.859408053	0.658975503
778	1.63501785	0.753355266	0.826554888	0.857791892	0.659715087
779	1.63761115	0.755367533	0.82599494	0.856599159	0.660431744
780	1.64046925	0.757657049	0.825250168	0.85612513	0.661077662
781	1.64499126	0.76092622	0.823798869	0.856959771	0.661625688
782	1.6513494	0.764795622	0.821741626	0.858842019	0.662115263
783	1.65703839	0.768037503	0.819895874	0.860740757	0.662598025
784	1.65955235	0.76942397	0.819079185	0.861624737	0.663125611
785	1.65793672	0.767336342	0.820505419	0.861093782	0.663718985
786	1.65429215	0.762628252	0.823721837	0.859895988	0.664353232
787	1.65061564	0.757878913	0.826966434	0.8586877	0.665013115
788	1.648904	0.755667804	0.828476994	0.858125167	0.665683398
789	1.65628444	0.756895078	0.827520093	0.859064007	0.666367954
790	1.67292706	0.759663828	0.825361452	0.861349588	0.667073654
791	1.68971549	0.762456836	0.823183898	0.864078543	0.667787934
792	1.69753154	0.763757153	0.822170113	0.866347388	0.668498226
793	1.6947279	0.761934581	0.822453997	0.868226491	0.669180255
794	1.68840099	0.757634754	0.823188243	0.870141928	0.669846632
795	1.68201865	0.752820808	0.824164019	0.871635764	0.670542173
796	1.67904728	0.749456055	0.825172711	0.872249828	0.671311698
797	1.68121801	0.747542256	0.826505533	0.870927701	0.67222959
798	1.6861146	0.745840307	0.828221725	0.867769744	0.673270272
799	1.69105408	0.744616811	0.82970951	0.864140327	0.674323268
800	1.69335371	0.744138818	0.830356956	0.861404052	0.675278087
801	1.68462365	0.744656637	0.829895039	0.859553049	0.676111515
802	1.66493749	0.745824512	0.828779881	0.85781332	0.676889968
803	1.64507886	0.74700262	0.827470813	0.8565179	0.677630914
804	1.63583344	0.747551101	0.826427121	0.856000143	0.678351803
805	1.64172657	0.74688794	0.825633062	0.858048984	0.67904125
806	1.65502063	0.745392271	0.824852439	0.862669046	0.679696575
807	1.66843116	0.743883499	0.824255655	0.867329586	0.680351363
808	1.67467459	0.743181072	0.824013225	0.869499354	0.681039207
809	1.66989684	0.74564775	0.824051204	0.869263748	0.681793867
810	1.65911973	0.751210103	0.824158565	0.868643892	0.682592518
811	1.64824821	0.756821189	0.824321132	0.867799378	0.683382488
812	1.64318685	0.759433495	0.824524788	0.86688922	0.684111101
813	1.65330735	0.755614943	0.824981184	0.865543204	0.684733023
814	1.67613052	0.747003093	0.825780936	0.863710227	0.685291237
815	1.69915364	0.738315792	0.826703043	0.862088202	0.685866955
816	1.70987232	0.73427132	0.827526436	0.861375206	0.686541388
817	1.7077889	0.736059213	0.828189549	0.861545749	0.68738267
818	1.70223129	0.740504229	0.828813563	0.861930754	0.688364447
819	1.69448009	0.746021911	0.82944013	0.862319132	0.689425217
820	1.68581329	0.751028466	0.830110868	0.862499946	0.690503476
821	1.67144231	0.755972466	0.830993739	0.861285787	0.691614905
822	1.65079892	0.76145184	0.83202651	0.858547973	0.692787108
823	1.63219574	0.765908793	0.832887409	0.855786171	0.693969096
824	1.62394727	0.767784998	0.833254612	0.854500383	0.695109858
825	1.62437644	0.766061789	0.832425404	0.856530012	0.696264307
826	1.62556573	0.762175086	0.830515652	0.861107296	0.697441622
827	1.62730926	0.758254331	0.828489027	0.865724683	0.698510583
828	1.62940341	0.756428979	0.827309354	0.86787436	0.699339936
829	1.63288207	0.756833555	0.826946961	0.867742791	0.69990153
830	1.63837511	0.757747022	0.826671891	0.86737299	0.700333836
831	1.64494035	0.758668491	0.826479163	0.866819604	0.700749347
832	1.65163524	0.759097492	0.826364019	0.866136678	0.701260538
833	1.65995166	0.756657965	0.826291976	0.864369112	0.701934461
834	1.67000094	0.751157014	0.826233422	0.86137238	0.702726798
835	1.67849471	0.745607869	0.826193972	0.858536142	0.70358478
836	1.68214387	0.7430244	0.826179249	0.857250378	0.70445564
837	1.67164043	0.745462251	0.827490926	0.858405652	0.705356435
838	1.64795484	0.750960867	0.830448513	0.861175451	0.706309579
839	1.62406174	0.756507658	0.833432013	0.864382116	0.707263547
840	1.61293803	0.75909003	0.834821015	0.866848014	0.708166796
841	1.61576653	0.758761008	0.832829617	0.868588286	0.70901694
842	1.62271031	0.758017394	0.828338466	0.870249468	0.709841331
843	1.63112009	0.757267266	0.823807967	0.871497955	0.71062887
844	1.63834904	0.756918035	0.821698741	0.871999861	0.71136845
845	1.6443805	0.757134394	0.82279838	0.870045877	0.712036246
846	1.65047321	0.757622476	0.82527927	0.865639706	0.712649874
847	1.65566334	0.758114835	0.827781896	0.861194931	0.71326265
848	1.65898642	0.758344058	0.828947022	0.859125616	0.713927894
849	1.66091485	0.757268843	0.828570728	0.861838006	0.714682647
850	1.66252583	0.754844286	0.82771307	0.867955311	0.715497841
851	1.66363412	0.752398487	0.826826757	0.874126212	0.716327654
852	1.66405412	0.751259817	0.826364265	0.876999145	0.717126262
853	1.65664299	0.752812258	0.826286992	0.873547083	0.717859851
854	1.63993209	0.756313478	0.826228933	0.865761422	0.718559815
855	1.62307477	0.759845373	0.826192257	0.857907549	0.719278529
856	1.61522666	0.761489687	0.826179249	0.854251088	0.720068372
857	1.62281088	0.758494615	0.827027323	0.854930115	0.720984791
858	1.6399171	0.751740202	0.828939574	0.856556959	0.722000523
859	1.6571732	0.744926611	0.83086858	0.858432786	0.723041564
860	1.66520697	0.741754466	0.83176665	0.85985964	0.724033903
861	1.66281465	0.744055115	0.831512227	0.860659527	0.724983177
862	1.65741503	0.74924476	0.83082567	0.861274679	0.725923247
863	1.6519681	0.754479874	0.829850667	0.861900909	0.726815227
864	1.64943222	0.756917141	0.82873071	0.862733931	0.727620211
865	1.64981786	0.756816712	0.826685315	0.864338454	0.728327594
866	1.65068911	0.756538681	0.823621886	0.866592579	0.728972091
867	1.65156799	0.756132574	0.820824077	0.868608869	0.729581072
868	1.65197717	0.755647217	0.819575836	0.869499741	0.730181897
869	1.64886601	0.754595234	0.820039417	0.869158503	0.730748928
870	1.6411057	0.752912084	0.821255667	0.868388492	0.731277991
871	1.63140345	0.751344289	0.822910556	0.867611736	0.731834423
872	1.62246729	0.750638545	0.824690284	0.867250108	0.732483579
873	1.61336702	0.751767242	0.827306188	0.867325888	0.7333212
874	1.60312336	0.754312704	0.830857904	0.867497002	0.734321639
875	1.59473043	0.756880467	0.833997557	0.867669614	0.735362215
876	1.59118336	0.758075919	0.835376959	0.867749976	0.736320225
877	1.60097424	0.757754659	0.834330113	0.867645104	0.73713758
878	1.62305305	0.75690923	0.831968777	0.867362995	0.737891584
879	1.6453253	0.755753919	0.829586752	0.866963739	0.7386595
880	1.65569441	0.754502748	0.828477774	0.866507432	0.739518584
881	1.64843421	0.752626025	0.829654283	0.865868358	0.740546645
882	1.63169128	0.750052855	0.832307827	0.864960169	0.741703741
883	1.61388194	0.747770356	0.83498462	0.863921405	0.742887595
884	1.60342171	0.746765878	0.836230832	0.862890661	0.743995923
885	1.59995556	0.750649506	0.835672053	0.861682738	0.745004253
886	1.59718734	0.759406992	0.834411278	0.860282519	0.745970317
887	1.59534725	0.768241206	0.833139457	0.859119967	0.746909405
888	1.59466743	0.772354075	0.832547346	0.858625141	0.747836792
889	1.60481946	0.767904432	0.833070658	0.859687436	0.74874205
890	1.62771073	0.757868587	0.834251023	0.862083024	0.749621858
891	1.65080257	0.747744815	0.835441729	0.8644996	0.750504872
892	1.66155324	0.743031577	0.835996076	0.865624665	0.751419758
893	1.65016468	0.746509415	0.835705562	0.864543592	0.752394993
894	1.62447848	0.75435443	0.834976366	0.862105226	0.753411005
895	1.59856723	0.762268178	0.834055215	0.859645496	0.754423238
896	1.58650395	0.765952514	0.833188757	0.858500341	0.755387131
897	1.59484824	0.764463848	0.832266675	0.859759889	0.756291292
898	1.61367108	0.761104722	0.831205088	0.862606736	0.757162207
899	1.63265884	0.757716166	0.830326356	0.865493721	0.758009766
900	1.64149881	0.756138585	0.829952936	0.866873623	0.758843849
901	1.63729912	0.758829511	0.830370813	0.866928422	0.759667452
902	1.62732714	0.764898088	0.831313284	0.866967785	0.760476012
903	1.61601866	0.771019834	0.832264013	0.866991759	0.761268566
904	1.60780814	0.773869883	0.832706635	0.866999998	0.762044151
905	1.60269969	0.770257461	0.832002413	0.865292514	0.762779891
906	1.59803215	0.762110236	0.830414231	0.861442461	0.763483562
907	1.59461721	0.753891631	0.828812134	0.857558678	0.764203098
908	1.59326755	0.750065365	0.82806626	0.855750538	0.764986441
909	1.60025015	0.750355266	0.829661936	0.857364153	0.765931661
910	1.6159954	0.751182521	0.83326038	0.861053917	0.766998757
911	1.6318786	0.752447212	0.83689035	0.864902187	0.76802024
912	1.63927321	0.754050477	0.838580324	0.86699135	0.768828601
913	1.63018509	0.759082641	0.835763546	0.867456816	0.769367742
914	1.60968817	0.768070597	0.829411121	0.867813464	0.769782354
915	1.58901167	0.776691837	0.82300304	0.868042576	0.770199927
916	1.57938548	0.78062283	0.820019685	0.868124979	0.770747931
917	1.5885124	0.776382435	0.821311931	0.866265737	0.771585024
918	1.60909829	0.76681855	0.824246851	0.862073458	0.772678501
919	1.62986453	0.757170874	0.827255664	0.857844449	0.773861062
920	1.6395325	0.752679287	0.828770069	0.855875586	0.774965388
921	1.63290981	0.75415829	0.828944854	0.856724402	0.775974639
922	1.61760147	0.757809164	0.829073909	0.85870315	0.776971623
923	1.60123082	0.762279347	0.829154206	0.860858996	0.777925975
924	1.59142043	0.766217164	0.829182324	0.862239424	0.7788073
925	1.58790095	0.769879393	0.828611742	0.862744366	0.779559811
926	1.58505843	0.773819666	0.827325175	0.863067984	0.780222835
927	1.58315214	0.776979184	0.826027336	0.863383765	0.780913463
928	1.58244314	0.778298735	0.825423112	0.863865014	0.781748798
929	1.59141763	0.77104352	0.828723599	0.865060636	0.78290733
930	1.61165382	0.754683575	0.836165965	0.866908103	0.784343006
931	1.63206729	0.738180296	0.843673536	0.8686115	0.785824587
932	1.64157102	0.730497004	0.847168771	0.869374777	0.7871208
933	1.63633779	0.736227047	0.843657969	0.86882481	0.788216478
934	1.62360122	0.749312386	0.835718776	0.867584238	0.789242602
935	1.60841305	0.762914962	0.827658034	0.866332796	0.790169228
936	1.59582378	0.770197192	0.823782657	0.865750173	0.790966364
937	1.58546025	0.771677304	0.82359519	0.866736548	0.79161008
938	1.57492473	0.772803492	0.823460012	0.868961022	0.79215218
939	1.56672001	0.773522661	0.823377487	0.871204986	0.792677497
940	1.56335018	0.773780062	0.823349064	0.872249689	0.793270872
941	1.57631231	0.770398485	0.823448901	0.871619034	0.793969956
942	1.60554154	0.762773533	0.823732039	0.870096992	0.794734239
943	1.63502684	0.755081777	0.824163579	0.868311735	0.795534097
944	1.64875407	0.751500791	0.824708598	0.866891322	0.796339912
945	1.63880301	0.753009354	0.826368357	0.865936544	0.797144301
946	1.6163561	0.756413274	0.829310748	0.86508884	0.797963737
947	1.59371253	0.759847016	0.832127817	0.864328428	0.798802761
948	1.58317055	0.761445635	0.833411276	0.863635637	0.799665911
949	1.58759303	0.759071665	0.833333869	0.862911615	0.800595682
950	1.59757193	0.753717749	0.833110527	0.86217847	0.801579695
951	1.60763825	0.748316926	0.832764612	0.861608758	0.802535082
952	1.61232474	0.745802511	0.832319128	0.861375065	0.803378963
953	1.60246101	0.750418372	0.830707072	0.861783898	0.804067004
954	1.58021706	0.760827935	0.827733506	0.862822607	0.804666915
955	1.55777822	0.771328698	0.824858786	0.864164024	0.805262762
956	1.54733156	0.776217449	0.823543621	0.865480927	0.805938606
957	1.55871368	0.771671745	0.824089117	0.867019401	0.806768094
958	1.58438516	0.76141878	0.825333258	0.86887844	0.807705867
959	1.61028155	0.751075987	0.826621698	0.870449733	0.80865563
960	1.62233791	0.74626078	0.827300305	0.871124807	0.809521086
961	1.61700474	0.748660698	0.827400725	0.870498922	0.810260442
962	1.60478129	0.754133211	0.82745544	0.869087236	0.810937087
963	1.59197258	0.759799398	0.827505656	0.867663182	0.811609635
964	1.58488173	0.76278101	0.827592431	0.867000197	0.812336692
965	1.58310905	0.763314623	0.82786682	0.86705212	0.813190096
966	1.58173722	0.763717204	0.828323209	0.867202808	0.814128054
967	1.58084851	0.76397241	0.828752939	0.867438245	0.815034658
968	1.58052672	0.764063202	0.828947311	0.8677446	0.815793989
969	1.58832978	0.764059505	0.828706214	0.868982613	0.816350114
970	1.60592438	0.764048147	0.828162457	0.871316672	0.816801253
971	1.62367313	0.764029219	0.827613937	0.873584788	0.817260504
972	1.63193626	0.764002789	0.827358567	0.874624693	0.817840957
973	1.63023021	0.762881385	0.82870516	0.873638452	0.81869891
974	1.62637785	0.760169401	0.831741641	0.871413978	0.819794115
975	1.62249174	0.756876944	0.834804725	0.869170014	0.820935804
976	1.62068252	0.75401445	0.836230779	0.868125311	0.821933183
977	1.62308261	0.751420634	0.836060074	0.868238832	0.82273275
978	1.62849558	0.748667309	0.835632019	0.868495503	0.823452296
979	1.63395598	0.746474352	0.835094085	0.868754421	0.8241485
980	1.63649813	0.745561937	0.834593368	0.868874964	0.82487801
981	1.63533301	0.746187017	0.834210934	0.868447068	0.825667961
982	1.63205459	0.747899565	0.83385597	0.867416457	0.826485631
983	1.62711344	0.750388131	0.833420147	0.866211535	0.827299376
984	1.62095965	0.753341343	0.832795142	0.865260799	0.828077553
985	1.6040489	0.75952962	0.830883886	0.86461481	0.828785439
986	1.57487734	0.769310476	0.827603135	0.864031298	0.829449326
987	1.54714225	0.77838899	0.82448795	0.863529929	0.830130874
988	1.53454407	0.782469257	0.823073724	0.863130453	0.830891753
989	1.54168386	0.779960373	0.824143162	0.86281812	0.831817342
990	1.55779107	0.774300631	0.826555475	0.862555027	0.832871248
991	1.5740394	0.768591303	0.828988924	0.862329051	0.833927174
992	1.58160399	0.765933259	0.830121843	0.862128077	0.834858809
993	1.57521827	0.768514464	0.829058383	0.861922559	0.83560366
994	1.56081461	0.774336365	0.826659724	0.861719331	0.836253137
995	1.54628476	0.780209274	0.82424005	0.86156346	0.836909177
996	1.53952022	0.782943474	0.823113543	0.861500018	0.83767371
997	1.53983114	0.782638889	0.823745812	0.861502965	0.8385949
998	1.54161965	0.781433983	0.825607545	0.861524303	0.839640059
999	1.54614779	0.778919812	0.828580642	0.861582687	0.840793212
1000	1.5546796	0.774686683	0.83254717	0.861696787	0.842038393
