kimg	g_loss	d_loss	real_sign_proxy	fake_sign_proxy	ada_p
0	0.752113029	1.89363798	0.5	0.28125	0
1	4.48403116	1.33117097	0.659682689	0.532749927	0.00138984622
2	7.65057138	0.837539586	0.801591181	0.7555873	0.00284249927
3	9.82651673	0.489887382	0.903689359	0.913581164	0.00433414613
4	10.6504532	0.355944426	0.946598503	0.974733465	0.00586324041
5	10.4158125	0.36999625	0.951032803	0.973099456	0.00744393845
6	9.83395705	0.401762254	0.953727352	0.969377748	0.00907563809
7	9.11548402	0.43380672	0.955742717	0.965623415	0.0107327388
8	8.47084201	0.448725577	0.958129739	0.963875521	0.0123896348
9	7.88666259	0.429584942	0.961662184	0.96537377	0.0140443389
10	7.27020022	0.386011505	0.965641921	0.968753252	0.0157092301
11	6.73313403	0.341038827	0.968903794	0.972162359	0.0173782555
12	6.3871981	0.31770207	0.970282627	0.973749527	0.0190453568
13	6.20806179	0.314627687	0.96780369	0.973541311	0.0206927814
14	6.07535071	0.312942699	0.962213207	0.97307075	0.0223283185
15	5.96791426	0.311432332	0.956573717	0.972596064	0.0239860016
16	5.86463214	0.308887227	0.953948151	0.972375066	0.0256998694
17	5.77343879	0.301663918	0.955266832	0.973228728	0.0275517941
18	5.69973093	0.29011336	0.95824201	0.975153749	0.0295064809
19	5.6156356	0.279356266	0.96124327	0.977095646	0.0314146296
20	5.49327191	0.274514261	0.962640561	0.977999731	0.0331269194
21	5.1986794	0.294242851	0.95868367	0.976095534	0.0346664133
22	4.71635125	0.343435161	0.948605409	0.970969093	0.0361216437
23	4.20948832	0.404892176	0.935533021	0.963704405	0.0374259664
24	3.84132768	0.461410353	0.922594512	0.955385749	0.0385126951
25	3.60107096	0.510911433	0.909358605	0.942834269	0.0394199448
26	3.38350634	0.561869791	0.894285169	0.924687736	0.0402254448
27	3.22524157	0.611664853	0.879165435	0.905222628	0.040912486
28	3.16292501	0.657672668	0.865791517	0.888716688	0.0414643334
29	3.17206803	0.701954682	0.852804787	0.874088957	0.0419178253
30	3.19272245	0.745543567	0.839550737	0.859350943	0.0423144292
31	3.21355794	0.783782113	0.829207524	0.847929112	0.0426391471
32	3.22325825	0.812011789	0.824954198	0.843251306	0.0428769672
33	3.18524507	0.829379166	0.826105607	0.843515605	0.0430293408
34	3.08353679	0.841675831	0.828704528	0.844114501	0.0431368341
35	2.94071883	0.853994016	0.831326229	0.844718646	0.043242421
36	2.77938475	0.871425365	0.832546806	0.844999916	0.043389073
37	2.50227066	0.909066235	0.830645242	0.840153585	0.0436885552
38	2.09794302	0.964382923	0.825609476	0.829016228	0.044116468
39	1.73171812	1.01460176	0.818649926	0.817254263	0.0445014088
40	1.56895001	1.03694524	0.810977202	0.810535548	0.0446719478
41	1.59649831	1.03646552	0.800503373	0.808922149	0.0444713831
42	1.66730862	1.03508077	0.786290958	0.80798501	0.043959793
43	1.76033871	1.03295852	0.771631552	0.807102981	0.0432947069
44	1.85458557	1.03025992	0.759817709	0.805656124	0.0426336645
45	1.97305667	1.02157173	0.750169796	0.801533817	0.0419495417
46	2.12175511	1.00595838	0.740857183	0.794883258	0.0411648025
47	2.2493906	0.990959288	0.733812367	0.78867392	0.0403784782
48	2.3046599	0.984115701	0.730968833	0.785875821	0.0396896464
49	2.28534146	0.991618884	0.735461368	0.790948652	0.0391373656
50	2.23712292	1.00854187	0.745593062	0.802853526	0.0386521453
51	2.17685316	1.02561319	0.755813565	0.81603152	0.0381735686
52	2.12137097	1.03356102	0.760571891	0.824922951	0.0376412276
53	2.07558106	1.02847217	0.760103074	0.82907334	0.0370411161
54	2.03037461	1.0169923	0.758817797	0.832275088	0.0363977778
55	1.98241537	1.00541181	0.75695533	0.834934933	0.0357049567
56	1.92836939	1.00002032	0.754753662	0.837458518	0.0349563869
57	1.85938404	1.00698436	0.751344254	0.840298709	0.0341387341
58	1.77776031	1.02406155	0.746156257	0.843192065	0.0332452691
59	1.69771271	1.04473663	0.739991245	0.845447718	0.0322804956
60	1.63345794	1.06249385	0.73365111	0.846374741	0.0312489193
61	1.58025976	1.0757124	0.726552281	0.845399332	0.0300909352
62	1.52950071	1.08794025	0.718384078	0.842714297	0.0288059737
63	1.49136306	1.10005415	0.710501872	0.838785563	0.0274948882
64	1.47603391	1.11292984	0.704261423	0.834079075	0.026258553
65	1.47634428	1.1296673	0.699184669	0.823758788	0.0250893359
66	1.47729684	1.14904225	0.694394049	0.807178363	0.0239396624
67	1.47886948	1.16511848	0.69081844	0.791716112	0.022860297
68	1.48104422	1.17195892	0.689387187	0.784752042	0.0219020313
69	1.52215284	1.15938112	0.696704981	0.788496989	0.021046971
70	1.61149199	1.13098299	0.713623253	0.797532081	0.0202547692
71	1.70098079	1.10225318	0.731738707	0.808121075	0.0195488122
72	1.74252616	1.08868239	0.742646147	0.81652862	0.0189525035
73	1.72463455	1.08844412	0.745900034	0.821915819	0.0184049172
74	1.6842641	1.08833655	0.747873308	0.826488898	0.0178835606
75	1.64353979	1.08823088	0.749763531	0.830866427	0.017478789
76	1.6245799	1.08800223	0.752766568	0.835666397	0.0172809827
77	1.63082228	1.07308087	0.760840673	0.842187739	0.0172273214
78	1.64491054	1.03988989	0.773641954	0.849811485	0.0171868123
79	1.65912229	1.00649375	0.785534629	0.856164721	0.0171611327
80	1.66573881	0.990961556	0.790881892	0.858874227	0.017151997
81	1.65767342	0.99107823	0.790023434	0.858473762	0.0171714216
82	1.63948287	0.991436019	0.787779797	0.857376827	0.0172152263
83	1.62113287	0.992008956	0.784750731	0.855786785	0.0172594149
84	1.61258973	0.992775664	0.781534667	0.853906338	0.0172799876
85	1.61602849	0.997462122	0.7769748	0.850027927	0.0171634318
86	1.62406566	1.00686689	0.770891884	0.843933736	0.0169006039
87	1.63287158	1.01613455	0.765548615	0.838286794	0.0166354723
88	1.63861807	1.02040849	0.763208224	0.835750743	0.0165120358
89	1.64134459	1.01864085	0.766445189	0.836584759	0.0165119991
90	1.64366165	1.01463054	0.773745531	0.838467003	0.0165119991
91	1.64527592	1.01053045	0.781109864	0.840365746	0.0165119991
92	1.64589318	1.00849276	0.784538453	0.841249737	0.0165119991
93	1.64307664	1.00833682	0.782649425	0.839694312	0.0164537181
94	1.63672544	1.00826349	0.778387681	0.836186494	0.0163223042
95	1.63031857	1.00818959	0.77408858	0.832647929	0.0161897383
96	1.62733574	1.00803245	0.772087062	0.831000491	0.0161280201
97	1.67455829	0.991274051	0.77768327	0.835231826	0.0162212017
98	1.78103927	0.953796383	0.790303131	0.84480388	0.016443908
99	1.88845361	0.91604871	0.803033611	0.854535278	0.0167001499
100	1.93846215	0.898485516	0.808960499	0.859243795	0.0168939282
101	1.92289022	0.903743309	0.808506781	0.859464677	0.0170025207
102	1.88584089	0.91618212	0.807284808	0.859573656	0.0170867152
103	1.84367832	0.930167726	0.80556177	0.859674712	0.0171705257
104	1.81275659	0.940069504	0.803603227	0.859870536	0.017277952
105	1.79307414	0.945878758	0.800163666	0.860704581	0.0174243573
106	1.77495687	0.951091539	0.795096657	0.862292774	0.0176048593
107	1.76163938	0.954861175	0.790493005	0.864042414	0.0178134571
108	1.75636003	0.956339708	0.788443994	0.865360654	0.0180441508
109	1.77260938	0.947759442	0.791590516	0.866133544	0.0183128038
110	1.80925223	0.92836049	0.798861822	0.866747531	0.0186281192
111	1.84621627	0.908663275	0.806637254	0.867324947	0.0189710126
112	1.86342549	0.899190534	0.811295766	0.867988028	0.0193223931
113	1.85992422	0.898728191	0.81296553	0.868777983	0.0197213476
114	1.85133902	0.898394747	0.814313945	0.869637434	0.0201674631
115	1.84097091	0.898191157	0.815218145	0.870546384	0.0205756674
116	1.83211687	0.898121029	0.815554423	0.871484855	0.0208608704
117	1.82437963	0.900020289	0.814732956	0.872482892	0.0210179355
118	1.81629791	0.904302844	0.812880485	0.873545325	0.0211290118
119	1.80991368	0.908622937	0.811011777	0.874608772	0.0212341149
120	1.80726977	0.910634228	0.810141769	0.875609837	0.0213732444
121	1.84103148	0.899177264	0.811747613	0.876654915	0.0215909135
122	1.91716018	0.873342367	0.81536911	0.877747124	0.0218701614
123	1.99395619	0.847281014	0.81902235	0.878648795	0.0221568396
124	2.02970986	0.835147716	0.820723178	0.879122205	0.0223967947
125	2.00750727	0.838896585	0.818690998	0.879243922	0.0225610177
126	1.95742008	0.847357813	0.814107624	0.879306648	0.0226897136
127	1.90689374	0.855893226	0.809484066	0.879370906	0.0228317301
128	1.88337012	0.859867071	0.807331469	0.879497145	0.0230359131
129	1.90583501	0.850711212	0.810549449	0.880852452	0.0234342634
130	1.95650601	0.83006336	0.817806991	0.883665867	0.0240523961
131	2.00762137	0.809234432	0.82512818	0.886458128	0.0247687413
132	2.03141925	0.799537069	0.82853672	0.887749616	0.0254616997
133	2.02467056	0.802927909	0.827922352	0.887237768	0.0261348211
134	2.00943721	0.810580297	0.826534747	0.886082758	0.0268437859
135	1.99407027	0.818299794	0.825134972	0.884917618	0.0275340249
136	1.98691586	0.821893775	0.824483277	0.884375162	0.0281509382
137	1.99805509	0.81967776	0.824500595	0.885646093	0.0286585413
138	2.0231773	0.814248764	0.824553596	0.888512231	0.0291024265
139	2.04851982	0.807691067	0.824641059	0.891403503	0.0295504885
140	2.06031859	0.802088555	0.82476195	0.892749599	0.0300706224
141	2.05530871	0.798114788	0.826973877	0.892598228	0.0307457227
142	2.04400421	0.794585338	0.831775064	0.892256002	0.0315388835
143	2.03260058	0.790892151	0.836583152	0.891910776	0.0323339057
144	2.02729137	0.78642743	0.838815125	0.891750048	0.0330145784
145	2.04860682	0.779134353	0.837675233	0.892926236	0.0335343159
146	2.09667375	0.769555644	0.835064791	0.895578482	0.0339770409
147	2.14516221	0.761189739	0.832334237	0.898253988	0.0344185531
148	2.16773707	0.757535634	0.830833707	0.899499629	0.034934642
149	2.15757721	0.759133689	0.830473971	0.898646281	0.0355682973
150	2.13465295	0.762739464	0.830196632	0.896721263	0.0362902767
151	2.11152766	0.766376859	0.830017534	0.894779363	0.0370695296
152	2.10076117	0.768070328	0.829952847	0.893875269	0.0378750093
153	2.11938498	0.763463587	0.830373791	0.895392723	0.0387265261
154	2.16138629	0.753074892	0.831417221	0.898814977	0.0396378058
155	2.20375593	0.74259509	0.832706815	0.902267243	0.0405634766
156	2.22348205	0.737715989	0.833866138	0.903874521	0.0414581525
157	2.2100246	0.73785659	0.834989502	0.90314958	0.0423079004
158	2.17795823	0.738271786	0.836222802	0.90127157	0.0431381981
159	2.14131308	0.738929294	0.837221481	0.898767619	0.043960607
160	2.11411758	0.739798249	0.837640859	0.896164592	0.0447866829
161	2.09634417	0.744098744	0.836259357	0.892675322	0.0456247614
162	2.07983871	0.752487137	0.833143997	0.888149462	0.0464671995
163	2.0676388	0.76070194	0.830001316	0.884215045	0.0473015173
164	2.06278531	0.764480623	0.828538172	0.882500495	0.0481152347
165	2.07543974	0.76252589	0.828992175	0.883465871	0.0489378094
166	2.10427694	0.757684179	0.830016873	0.885889387	0.0497674627
167	2.13412222	0.751714491	0.831050557	0.888951979	0.0505399379
168	2.14979822	0.746375302	0.831531811	0.891834793	0.0511909652
169	2.15256239	0.74125531	0.831062057	0.89490727	0.051704013
170	2.1546459	0.735663202	0.829933859	0.898447355	0.0521406369
171	2.15596566	0.73114615	0.828623093	0.901378703	0.0525508486
172	2.15643487	0.729251889	0.82760564	0.902624645	0.052984652
173	2.14033787	0.732173692	0.8268733	0.901581565	0.0534349047
174	2.10404112	0.738763159	0.826168993	0.899228766	0.053881105
175	2.06742606	0.745410413	0.825637318	0.896855333	0.0543585703
176	2.05037912	0.748505188	0.825422992	0.895750329	0.0549026323
177	2.06242873	0.747561766	0.826064827	0.896024554	0.0555849403
178	2.08961037	0.745209838	0.827512208	0.89673059	0.0563907658
179	2.11703039	0.74227743	0.828972283	0.897661547	0.0572201734
180	2.12979638	0.739591936	0.829652053	0.898610787	0.0579732124
181	2.12026423	0.737382535	0.828767195	0.899532014	0.0585988027
182	2.09876198	0.73520559	0.826771508	0.900566171	0.0591631829
183	2.07707117	0.732922369	0.824758318	0.901776079	0.0597403707
184	2.06697254	0.73039426	0.823821034	0.903224533	0.0604043785
185	2.0782854	0.727470661	0.824429541	0.905697093	0.0612101878
186	2.10411869	0.724202086	0.826008249	0.909116545	0.0621301483
187	2.13097743	0.720757651	0.828118938	0.912158824	0.0631142114
188	2.14536606	0.717306491	0.830323487	0.913499611	0.0641123284
189	2.14830366	0.713212267	0.83331489	0.911270089	0.0651321029
190	2.15053955	0.708574392	0.837218959	0.906104709	0.0661969811
191	2.15196776	0.704763455	0.840620714	0.9005488	0.0672753366
192	2.15247906	0.70315031	0.842104834	0.897148001	0.0683355284
193	2.14325611	0.705737809	0.842097086	0.895830069	0.0693746367
194	2.12179597	0.711573291	0.842072918	0.894752639	0.0704081251
195	2.09847898	0.71745995	0.842034123	0.894023261	0.0714295206
196	2.08368822	0.720200612	0.841982066	0.893750072	0.0724323437
197	2.07724027	0.719629038	0.841646342	0.895040065	0.0734226893
198	2.07185604	0.718098661	0.840968372	0.89794898	0.0744024735
199	2.06815256	0.715951872	0.840299383	0.900883406	0.0753575985
200	2.06674921	0.713530409	0.839990693	0.902249593	0.0762739626
201	2.08094795	0.710050074	0.840169085	0.902233298	0.0771117003
202	2.11340507	0.70515569	0.84065722	0.902184221	0.0778915124
203	2.14725391	0.69995474	0.841365159	0.902105997	0.0786941744
204	2.16562368	0.69555504	0.842203005	0.90200186	0.0796004727
205	2.16970733	0.69166287	0.843936784	0.901422664	0.0807150731
206	2.17283572	0.68775654	0.846664472	0.900274106	0.0819949256
207	2.17484513	0.684735582	0.849192897	0.899145213	0.0832932914
208	2.17556776	0.683499889	0.850328614	0.898625154	0.0844634157
209	2.16491027	0.684957704	0.848117978	0.899326909	0.0854661608
210	2.1408787	0.688245651	0.843132552	0.900970812	0.0863923589
211	2.11663638	0.691562432	0.838103406	0.902783073	0.087282672
212	2.10534984	0.693106633	0.835761976	0.903989836	0.0881777412
213	2.10894484	0.692220318	0.836469398	0.904595642	0.0890519767
214	2.11769771	0.689911352	0.838308312	0.905117165	0.0898941971
215	2.12813483	0.686803816	0.840772605	0.905483848	0.0907735832
216	2.13678488	0.683521595	0.843356654	0.905624962	0.0917593347
217	2.14265403	0.678933606	0.846899531	0.905617079	0.0929549703
218	2.14774399	0.672856122	0.851547475	0.90559328	0.0943251465
219	2.15290328	0.667531323	0.855605273	0.905554331	0.0957239957
220	2.15897996	0.665201922	0.857377307	0.905500967	0.0970056319
221	2.16790096	0.665809492	0.856165353	0.904988027	0.0981113047
222	2.17899162	0.667180997	0.853431409	0.903854203	0.0991333985
223	2.1890274	0.66856453	0.85067349	0.902577173	0.100147738
224	2.19478326	0.669208664	0.84938948	0.901634753	0.101230135
225	2.19702677	0.666396405	0.851092607	0.901022193	0.102444313
226	2.19880876	0.660034802	0.854933782	0.900456723	0.103742797
227	2.19998793	0.653567302	0.858808643	0.900040312	0.105033104
228	2.20042208	0.650438051	0.86061267	0.899875045	0.106222748
229	2.19623564	0.650257318	0.859307616	0.900896175	0.107252735
230	2.18589153	0.65012651	0.856130663	0.903302511	0.108191602
231	2.17318267	0.650046444	0.852339683	0.905990877	0.109137917
232	2.16190315	0.650018804	0.849192405	0.907857826	0.110190252
233	2.15125361	0.651582722	0.846593344	0.908902914	0.111409241
234	2.13971081	0.655109153	0.84394743	0.909828176	0.112749953
235	2.13042162	0.658666511	0.841885313	0.910491352	0.114153821
236	2.12653415	0.660322716	0.841037973	0.91074993	0.115562276
237	2.14122338	0.656703235	0.844016959	0.910089553	0.117002923
238	2.17434803	0.648540699	0.850734692	0.908547444	0.11849584
239	2.20776316	0.64030658	0.857511337	0.906858763	0.119962429
240	2.22332031	0.636473005	0.860666353	0.905758802	0.121324069
241	2.2094684	0.639826067	0.857493483	0.905239666	0.122549757
242	2.17822383	0.647389329	0.850336984	0.904799005	0.123694668
243	2.14670524	0.655018918	0.843117725	0.904492258	0.12480681
244	2.13203108	0.658571041	0.839756641	0.904375031	0.125934185
245	2.14857969	0.654892515	0.8409692	0.904799109	0.127080503
246	2.18590436	0.646345855	0.843869775	0.905874151	0.128222752
247	2.22355635	0.637096105	0.84720874	0.907257293	0.129372598
248	2.24108606	0.631308401	0.849737097	0.908605576	0.130541717
249	2.23997664	0.628892731	0.851159654	0.910155864	0.131717674
250	2.23686655	0.626892141	0.85226582	0.912013763	0.132899204
251	2.23222811	0.625524469	0.85336506	0.913578668	0.134117405
252	2.22652875	0.625008515	0.85476665	0.914249808	0.135403383
253	2.21216929	0.627791931	0.857222811	0.911233504	0.136838927
254	2.18802117	0.634068444	0.860507688	0.904431739	0.138394647
255	2.1652158	0.640399974	0.863395751	0.897570353	0.139927151
256	2.15488713	0.643347696	0.864661288	0.89437595	0.141293028
257	2.16643672	0.640728528	0.863326939	0.896071204	0.142438054
258	2.19248566	0.634820834	0.860242786	0.899901881	0.143465511
259	2.21876283	0.628861382	0.85694389	0.903781372	0.144463205
260	2.23099646	0.62608689	0.854965363	0.905623481	0.145518932
261	2.22660893	0.627416683	0.854398357	0.905667207	0.146663992
262	2.21536401	0.63041697	0.854072038	0.905687074	0.147851753
263	2.20064062	0.633443544	0.853741247	0.905706659	0.149056834
264	2.18581534	0.6348526	0.853161135	0.905749012	0.150253863
265	2.16744941	0.634662732	0.850687023	0.909218717	0.151421669
266	2.14457063	0.634135323	0.846182876	0.916958152	0.152577843
267	2.12499136	0.633355902	0.841842225	0.924749514	0.153755685
268	2.11652596	0.632409635	0.839859076	0.928373922	0.154988495
269	2.12421145	0.630205078	0.841768617	0.925927603	0.156338157
270	2.14154625	0.626579736	0.846075582	0.920409195	0.157776642
271	2.15903292	0.623151423	0.850420282	0.914842438	0.159197369
272	2.16717403	0.621538333	0.852443007	0.912250771	0.160493741
273	2.15842321	0.621439651	0.851552064	0.912970939	0.16161367
274	2.13868634	0.621368266	0.849541803	0.914596516	0.162634388
275	2.11877655	0.62132461	0.84751393	0.916236336	0.163641009
276	2.10950731	0.621309551	0.84656983	0.916999773	0.164718638
277	2.11061748	0.622449353	0.847115839	0.916638849	0.165874243
278	2.113608	0.625019396	0.848468514	0.915743318	0.167072136
279	2.11783484	0.627611956	0.850137148	0.914635674	0.168340155
280	2.12265644	0.628818951	0.851631149	0.913638294	0.169706158
281	2.12898635	0.627534311	0.852830682	0.912816917	0.171236318
282	2.13783237	0.624636886	0.853994802	0.912005267	0.172918577
283	2.14854219	0.621714075	0.855173648	0.911197542	0.174657749
284	2.1604631	0.620353327	0.856417283	0.910387992	0.176358632
285	2.17822116	0.620732347	0.858018058	0.909427196	0.178039495
286	2.20159764	0.621587875	0.859876118	0.908360017	0.179738837
287	2.22203162	0.622450899	0.861419682	0.90749109	0.181381026
288	2.23096043	0.62285269	0.86207688	0.907125104	0.182890405
289	2.22395945	0.621977977	0.860136663	0.909382677	0.184223079
290	2.20696436	0.6200054	0.855761424	0.914473301	0.185442778
291	2.18679318	0.61801554	0.851347853	0.919608526	0.186634734
292	2.17026348	0.617089138	0.849293064	0.921999289	0.187884176
293	2.15720422	0.617194398	0.850519622	0.921004672	0.1892509
294	2.14423071	0.617493227	0.853286652	0.918581583	0.190681046
295	2.1339557	0.617947775	0.856077924	0.915687461	0.192089131
296	2.1289936	0.618520442	0.857377433	0.913279336	0.193389673
297	2.12781675	0.620231299	0.856437021	0.91159273	0.194511165
298	2.12693382	0.623249533	0.854315703	0.910089196	0.195523913
299	2.12637712	0.626135672	0.852175799	0.908617668	0.196557202
300	2.12617997	0.627449906	0.851179542	0.907027223	0.197740321
301	2.12722221	0.627140402	0.852761956	0.904908116	0.199199835
302	2.12998745	0.626272842	0.856330662	0.902435942	0.200876318
303	2.13382106	0.624973038	0.859930635	0.900377638	0.202615831
304	2.13806813	0.623366503	0.861606644	0.89950025	0.204264429
305	2.14489992	0.619167802	0.860786922	0.901852537	0.205792344
306	2.15457935	0.612028761	0.858937481	0.907157053	0.207281121
307	2.16326237	0.605266892	0.857071838	0.912508044	0.208734146
308	2.16710407	0.602200484	0.856203266	0.914999259	0.210154785
309	2.16635197	0.603268497	0.856514409	0.914734037	0.211536907
310	2.16465361	0.60567869	0.857216559	0.914103942	0.212882605
311	2.16294037	0.60811	0.857924861	0.91339186	0.214208713
312	2.16214275	0.609241925	0.858254619	0.912880018	0.215532067
313	2.16890539	0.607131057	0.857729345	0.912592789	0.216822601
314	2.18415438	0.602370699	0.856544732	0.912351666	0.218081234
315	2.19953697	0.597568634	0.855349741	0.912155227	0.219376689
316	2.20669851	0.595332978	0.854793399	0.912002104	0.220777702
317	2.20155904	0.595333941	0.857396544	0.91190266	0.222364433
318	2.18858402	0.595338927	0.863266506	0.911838276	0.224098771
319	2.17201969	0.595347262	0.869187897	0.911762252	0.225868048
320	2.15611173	0.595358938	0.871944669	0.911627878	0.227559587
321	2.13841078	0.597813746	0.871335201	0.909987117	0.229133656
322	2.11755645	0.603330739	0.869959121	0.906532097	0.230655625
323	2.10011843	0.608892645	0.868570984	0.903093003	0.232165777
324	2.09266831	0.611481419	0.867924721	0.901500473	0.233704382
325	2.09761364	0.610594376	0.868427831	0.902037333	0.235304236
326	2.10893062	0.60851056	0.86956268	0.903408771	0.236938072
327	2.12075278	0.606202297	0.870707472	0.905194334	0.238555347
328	2.12721423	0.60464142	0.871240443	0.906973885	0.240105518
329	2.12849108	0.603986605	0.870200354	0.909125862	0.241568212
330	2.12926076	0.603554245	0.867854796	0.911773305	0.242976312
331	2.12991889	0.603113031	0.865488689	0.914027554	0.244357456
332	2.13085974	0.602431816	0.86438712	0.914999721	0.245739275
333	2.13241581	0.600566791	0.864925272	0.913842704	0.247133458
334	2.13442184	0.597559818	0.866159951	0.911233224	0.248524176
335	2.13651965	0.594752837	0.867457043	0.908600882	0.24989871
336	2.13835102	0.593488047	0.868182591	0.907375365	0.251244342
337	2.14007264	0.593696531	0.868374389	0.907742304	0.25253218
338	2.14183207	0.594241996	0.868523614	0.908648403	0.253777342
339	2.14320609	0.594979734	0.868620719	0.909758388	0.25503579
340	2.14377135	0.595765348	0.868656006	0.910737241	0.256363495
341	2.14256376	0.596808566	0.867829065	0.911649576	0.257781388
342	2.1393696	0.598175695	0.865964453	0.912632218	0.259263824
343	2.13496282	0.599468599	0.864083505	0.913420564	0.260799258
344	2.13011757	0.600289037	0.863207808	0.913749907	0.26237615
345	2.12313974	0.60063154	0.864854718	0.910714469	0.264049448
346	2.11356212	0.600851483	0.86856877	0.903869932	0.26581266
347	2.1042739	0.601061654	0.872315362	0.896965427	0.267554005
348	2.098165	0.60137476	0.874059631	0.893750956	0.26916168
349	2.09483401	0.602095948	0.872419708	0.894592022	0.270584118
350	2.09200405	0.603173407	0.868720828	0.896731437	0.271900349
351	2.09003298	0.604156669	0.86498954	0.899495358	0.273191648
352	2.08927943	0.604595193	0.863252397	0.902210649	0.274539281
353	2.10808913	0.599901361	0.865142358	0.905387765	0.275958925
354	2.15050185	0.589317389	0.869405022	0.90923001	0.277410863
355	2.19328615	0.578640687	0.873705032	0.912478646	0.278898444
356	2.21320487	0.573670027	0.875706952	0.9138746	0.280425031
357	2.20629816	0.574305812	0.874748723	0.91341967	0.282011581
358	2.19071152	0.575742719	0.872450207	0.91239299	0.283653323
359	2.17498831	0.577192216	0.869788058	0.911357314	0.285312659
360	2.16766819	0.577867046	0.867738631	0.910875143	0.286951981
361	2.17158841	0.577746538	0.8662889	0.91188052	0.288564066
362	2.18043265	0.577474363	0.864903843	0.914147773	0.290168265
363	2.18935439	0.577199803	0.863862342	0.91643489	0.291764466
364	2.193508	0.577071978	0.863443512	0.917499683	0.293352548
365	2.18821777	0.579563007	0.863804463	0.917035608	0.294921173
366	2.17564026	0.585179882	0.864773081	0.915881203	0.296473708
367	2.16132687	0.590845969	0.866138779	0.914446801	0.298033553
368	2.15082937	0.59348388	0.867690978	0.91314256	0.299624112
369	2.14491132	0.592442441	0.87041592	0.912083969	0.301268698
370	2.14007277	0.590092428	0.874429518	0.91105072	0.302950945
371	2.13584214	0.587721825	0.87807589	0.909970375	0.304633784
372	2.13174888	0.586618164	0.879698775	0.908770552	0.306280146
373	2.12707118	0.58797419	0.877697343	0.907081553	0.307872076
374	2.12218813	0.591032505	0.873183435	0.905013993	0.309432541
375	2.11833209	0.594117616	0.868629979	0.903257102	0.310984947
376	2.11673552	0.595553924	0.866510065	0.902500217	0.3125527
377	2.11868469	0.594851686	0.866559552	0.902751352	0.314134902
378	2.12400523	0.59303467	0.866705726	0.903417533	0.315721202
379	2.13169798	0.590616534	0.866936609	0.904339662	0.317323012
380	2.14076368	0.588110718	0.867240842	0.905358783	0.318951745
381	2.15760411	0.584779059	0.86840139	0.906985506	0.320631468
382	2.18366506	0.580475522	0.870712435	0.909282104	0.322351068
383	2.20965894	0.576740259	0.873338792	0.911339832	0.324067085
384	2.22629587	0.575113796	0.875445029	0.912249736	0.325736054
385	2.23447514	0.575795282	0.877086737	0.910827095	0.327328236
386	2.24132826	0.57733296	0.878696605	0.907618718	0.328873564
387	2.24605363	0.57888411	0.879925579	0.904382232	0.330418154
388	2.24784731	0.579606265	0.88042439	0.902875448	0.332008125
389	2.23260505	0.579038531	0.879137609	0.903431635	0.333662962
390	2.19823562	0.577757915	0.876235854	0.904754651	0.335357695
391	2.16356507	0.57646608	0.873308676	0.906260085	0.337073322
392	2.14742379	0.575864651	0.871945894	0.907363802	0.338790845
393	2.14913765	0.575887045	0.872051128	0.908065845	0.340531427
394	2.15301289	0.575955314	0.872289325	0.908711906	0.342297876
395	2.15692209	0.57606788	0.872529609	0.909186735	0.344039236
396	2.15874206	0.576223337	0.872641476	0.909374948	0.345704541
397	2.15463513	0.57891881	0.871430354	0.908388452	0.347254684
398	2.14537357	0.584756998	0.868699434	0.906163978	0.348729105
399	2.13603086	0.590601086	0.865944586	0.903920014	0.350195376
400	2.13168126	0.593313465	0.864662036	0.902875311	0.351721071
401	2.13694281	0.591134963	0.866480405	0.902931916	0.353328194
402	2.1488095	0.586221045	0.870581338	0.903060251	0.354982243
403	2.16078017	0.581264074	0.8747182	0.903189711	0.356669191
404	2.16635325	0.5789563	0.876644164	0.903249982	0.358375016
405	2.1633422	0.581207355	0.875579918	0.902567005	0.360112584
406	2.15639923	0.586284596	0.873097635	0.901026985	0.36188555
407	2.14901838	0.591406322	0.870389038	0.899473471	0.363663196
408	2.14469297	0.593790799	0.86864561	0.898750215	0.365414794
409	2.14357473	0.593786475	0.867850969	0.900533375	0.367157608
410	2.14296035	0.593771235	0.867181443	0.90455454	0.368901205
411	2.14232299	0.593746073	0.86671788	0.908610936	0.370598364
412	2.1411365	0.593711278	0.866541401	0.910499438	0.372201854
413	2.13304496	0.593053026	0.866746998	0.910450663	0.373679344
414	2.11703709	0.591622455	0.867234327	0.910304756	0.375070302
415	2.10131151	0.590189485	0.867785394	0.910070378	0.376435452
416	2.09406874	0.589524232	0.868182188	0.909755642	0.377835516
417	2.1006479	0.589861001	0.868377224	0.907693057	0.379269695
418	2.11614475	0.590620796	0.868516182	0.903520374	0.380710896
419	2.13343077	0.591387247	0.868658555	0.899401422	0.382185867
420	2.14537753	0.591744077	0.868863807	0.897500563	0.383721372
421	2.1519858	0.589133401	0.869336976	0.900516559	0.385370258
422	2.15781719	0.583246591	0.870054225	0.907318318	0.38711051
423	2.16198758	0.577308205	0.870711716	0.914179669	0.388852201
424	2.16361121	0.574543521	0.871005553	0.91737405	0.390505389
425	2.14768661	0.578140814	0.870791751	0.915326016	0.392026119
426	2.11177872	0.586253869	0.870250051	0.910705954	0.393473133
427	2.07555623	0.594438006	0.869554128	0.906045414	0.394908468
428	2.05869243	0.598248225	0.868877637	0.903875646	0.396394155
429	2.06952622	0.59531048	0.868155972	0.904994352	0.397974432
430	2.09396563	0.588683878	0.867320764	0.907518275	0.399610154
431	2.11861916	0.581999218	0.866563564	0.910064311	0.401238022
432	2.1300969	0.578887098	0.866075989	0.911249647	0.402794739
433	2.12448131	0.582626161	0.865806971	0.910187564	0.404251594
434	2.11181153	0.591059113	0.86558135	0.907791976	0.405649662
435	2.09903075	0.599565949	0.865425676	0.9053754	0.407028583
436	2.09308052	0.603526404	0.865366557	0.904250335	0.408427991
437	2.1009647	0.601719968	0.866470711	0.904667386	0.409861638
438	2.118746	0.59750347	0.8689604	0.905608509	0.411307618
439	2.13668309	0.592896166	0.871471903	0.906557879	0.412753791
440	2.14503391	0.589916696	0.872641162	0.906999868	0.414188024
441	2.13990302	0.588771207	0.871216384	0.906943084	0.415583726
442	2.12832825	0.588005197	0.868003	0.906814749	0.416954081
443	2.11665206	0.58728596	0.864761463	0.906685289	0.418349015
444	2.11121608	0.586281166	0.863252329	0.906625018	0.419818463
445	2.11610328	0.584275301	0.86411728	0.907459771	0.421396938
446	2.12747727	0.581468129	0.866178473	0.909342019	0.4230588
447	2.13983299	0.57896042	0.868534128	0.911240757	0.42476382
448	2.14766545	0.577853105	0.870282645	0.912124737	0.426471773
449	2.15107309	0.578306342	0.871425859	0.911688917	0.42820289
450	2.15391743	0.579522913	0.872487664	0.910542343	0.429970251
451	2.1558733	0.581237855	0.873272556	0.908974976	0.431716736
452	2.15661426	0.583186395	0.87358482	0.90727664	0.433385207
453	2.14504532	0.586174719	0.873399867	0.904725114	0.434958266
454	2.11810429	0.590469077	0.872910027	0.901224046	0.436472039
455	2.08877691	0.59487546	0.872233238	0.898117636	0.437947028
456	2.0700523	0.598199536	0.871487408	0.896750396	0.439403731
457	2.06236827	0.600588168	0.870307709	0.897194379	0.440814606
458	2.05649274	0.602796459	0.868649217	0.898202252	0.442179093
459	2.05192129	0.604424094	0.867165337	0.899233761	0.443563574
460	2.0481522	0.605070436	0.866509624	0.899748905	0.445034446
461	2.04453617	0.604377348	0.867655456	0.899802537	0.446628635
462	2.04115911	0.602605351	0.870239514	0.899841988	0.448314043
463	2.03865451	0.600292554	0.872846211	0.899866454	0.450054783
464	2.03765598	0.597977095	0.874059789	0.899874998	0.451814973
465	2.04622573	0.595147315	0.873132944	0.899400698	0.453616095
466	2.0655495	0.591646887	0.871042272	0.898331239	0.455470014
467	2.08504258	0.588659716	0.868933284	0.897252411	0.457320496
468	2.0941178	0.587370012	0.86795142	0.896750149	0.459111293
469	2.08921588	0.587430261	0.868877796	0.898571319	0.460819243
470	2.0781569	0.587603517	0.870967254	0.902678041	0.462479022
471	2.06700104	0.58787029	0.873075018	0.906820744	0.464119262
472	2.0618073	0.588211443	0.874056312	0.908749426	0.465768584
473	2.06246049	0.588980463	0.873729158	0.907232234	0.46745451
474	2.0639368	0.590417266	0.872841279	0.903809966	0.469156163
475	2.06542605	0.592292633	0.871569429	0.900357714	0.470828515
476	2.06611938	0.594377241	0.870090166	0.898750478	0.472426535
477	2.06583766	0.597610069	0.867251503	0.900552347	0.473904902
478	2.06500693	0.602041551	0.862913476	0.904616291	0.475302303
479	2.06367831	0.605972109	0.858926992	0.90871584	0.476701785
480	2.0619028	0.607701793	0.857143378	0.910624432	0.478186398
481	2.05133079	0.607211512	0.85913016	0.910383967	0.479796991
482	2.03018277	0.606053007	0.863634179	0.909745705	0.481490837
483	2.00935749	0.604753837	0.868235606	0.908863438	0.483227789
484	1.99975638	0.603841208	0.870514503	0.907890459	0.484967707
485	2.0072343	0.603410839	0.870698037	0.90634793	0.486737596
486	2.0252523	0.603105212	0.870806801	0.904177038	0.488548576
487	2.04632174	0.602803518	0.87089178	0.902234005	0.490329632
488	2.06295455	0.602385036	0.871003364	0.901375249	0.49200973
489	2.07535408	0.601529275	0.871190693	0.902313896	0.493546066
490	2.08744395	0.600304398	0.871419751	0.904487124	0.494991615
491	2.09664342	0.599201892	0.871614297	0.906820759	0.496418522
492	2.10036991	0.598713325	0.871698089	0.908240583	0.497898932
493	2.08796204	0.600633049	0.870416173	0.908779195	0.499449173
494	2.05998236	0.604961976	0.867525645	0.909217985	0.501033353
495	2.03175754	0.60932883	0.864609792	0.909514233	0.502649564
496	2.01861715	0.611361868	0.863252284	0.909624971	0.504295908
497	2.0265545	0.604421524	0.86585519	0.908885089	0.506003866
498	2.04536045	0.588771023	0.871725153	0.907216733	0.507767012
499	2.06659489	0.572983404	0.877646544	0.90553376	0.509522356
500	2.08181918	0.565633297	0.880403315	0.904750233	0.511206894
501	2.0910202	0.569903215	0.878295245	0.904910298	0.512778056
502	2.09935076	0.579535986	0.873540105	0.905358928	0.514280386
503	2.10541019	0.589253152	0.868743304	0.906030804	0.515781632
504	2.10779592	0.593777091	0.866510098	0.906860798	0.517349545
505	2.10601747	0.590759312	0.868040271	0.909022796	0.519021609
506	2.10200593	0.583951768	0.871534357	0.912695223	0.520759917
507	2.09795924	0.577084582	0.875165571	0.916172721	0.5225203
508	2.09607526	0.573887484	0.877107307	0.917749537	0.524258595
509	2.09868993	0.575357287	0.877498794	0.915985597	0.525978661
510	2.10458676	0.579188605	0.877796497	0.91200721	0.527699712
511	2.11053527	0.584349076	0.877986512	0.907993967	0.529396224
512	2.11330466	0.589806858	0.878054494	0.906125556	0.531042662
513	2.09971943	0.597463453	0.87580109	0.906360241	0.532603021
514	2.06908551	0.607623828	0.87072006	0.906957967	0.534101746
515	2.0381832	0.616531633	0.865594514	0.907730228	0.535606475
516	2.02379628	0.620429627	0.863208257	0.908489002	0.537184853
517	2.0315382	0.613024485	0.864854718	0.909377099	0.538897454
518	2.04900441	0.596324782	0.86856877	0.910451288	0.540701173
519	2.06662364	0.579478767	0.872315362	0.911359578	0.542506327
520	2.07482648	0.571635912	0.874059631	0.911749888	0.544223226
521	2.07414521	0.573089464	0.873701648	0.911029061	0.545807745
522	2.07260356	0.576412909	0.872893296	0.909403484	0.547318357
523	2.07104841	0.579867866	0.872077861	0.907763664	0.54881724
524	2.0703244	0.581717824	0.871698226	0.907000227	0.550366567
525	2.07702271	0.582017246	0.871771321	0.907354496	0.551988995
526	2.09212661	0.58217141	0.87193639	0.908258991	0.553651344
527	2.10736284	0.582325044	0.872102905	0.909435971	0.555334594
528	2.11445624	0.582622482	0.872180428	0.910607818	0.557019733
529	2.10930582	0.584791502	0.872002142	0.912021629	0.558706061
530	2.09768786	0.589111278	0.87160009	0.913758861	0.560402575
531	2.08596812	0.593361057	0.871194515	0.915237359	0.562103223
532	2.08051186	0.595319562	0.871005695	0.915874817	0.563801948
533	2.09196948	0.590924743	0.872327817	0.91581064	0.56548905
534	2.11780786	0.581013966	0.875309072	0.915628736	0.567170039
535	2.14387262	0.571016358	0.878316447	0.915352707	0.568862416
536	2.15600737	0.566361857	0.879716565	0.915005991	0.570583681
537	2.13783696	0.571566858	0.879143701	0.91399339	0.572344004
538	2.09685805	0.583306251	0.877851065	0.912217495	0.574133365
539	2.05552012	0.595148496	0.876547104	0.910521857	0.575939219
540	2.03627477	0.600661789	0.87594003	0.909750227	0.577749018
541	2.04625915	0.595031309	0.876974042	0.910812436	0.579598868
542	2.0687849	0.582331965	0.879305944	0.913208024	0.581484398
543	2.09150801	0.569521359	0.881658278	0.9156246	0.583326538
544	2.10208701	0.563557234	0.882753434	0.916749665	0.585046206
545	2.09403995	0.567751284	0.880753604	0.916689284	0.586605449
546	2.07535049	0.57743246	0.87624364	0.916513638	0.588063441
547	2.05514446	0.587752866	0.871694163	0.916238996	0.58948506
548	2.04254704	0.593865067	0.869576102	0.915881307	0.590935178
549	2.03821326	0.595959692	0.870256141	0.914453576	0.592415663
550	2.03540023	0.597640268	0.871790918	0.911751065	0.593896417
551	2.03279756	0.598761472	0.873339142	0.90908157	0.595399839
552	2.02909669	0.599176851	0.874059936	0.907753207	0.596948347
553	2.02154396	0.599122397	0.873988019	0.90759282	0.598563616
554	2.01090554	0.598958489	0.873825378	0.907474424	0.600231901
555	2.00138116	0.598690315	0.873661311	0.907400786	0.601921695
556	1.99717116	0.598322971	0.873584928	0.907375007	0.60360149
557	2.01237868	0.594076186	0.874976523	0.908065409	0.605251192
558	2.04667146	0.585064282	0.878114351	0.909709932	0.606890897
559	2.08126468	0.576079902	0.88127967	0.911589676	0.608549222
560	2.09736995	0.571916895	0.882753321	0.912985535	0.610254786
561	2.08795908	0.575601508	0.882093133	0.913899032	0.612058761
562	2.06672856	0.583912387	0.880517775	0.914747751	0.613935984
563	2.04531204	0.59229608	0.878712857	0.915375252	0.615796482
564	2.03534133	0.596199205	0.877363754	0.915624931	0.61755027
565	2.03556489	0.595639188	0.876468051	0.91406929	0.619155969
566	2.03617576	0.594266518	0.875631723	0.910561465	0.6206745
567	2.03704375	0.592611853	0.875011487	0.907022907	0.622166982
568	2.03804159	0.591204864	0.874764219	0.90537549	0.623694527
569	2.0392795	0.590256298	0.874871271	0.907613704	0.62526414
570	2.04100744	0.589452531	0.875112806	0.91266155	0.626846305
571	2.04328749	0.588555631	0.875356457	0.917753622	0.62845184
572	2.04618167	0.587327713	0.875469891	0.920124295	0.630091573
573	2.05140141	0.585057191	0.875362939	0.920000002	0.631786894
574	2.05951353	0.581683309	0.875121708	0.919662978	0.633528407
575	2.06867191	0.578007189	0.874878363	0.919184205	0.635278976
576	2.07702987	0.574830122	0.874765071	0.918633995	0.637001461
577	2.08542922	0.571925431	0.875087047	0.917627331	0.638674643
578	2.09449167	0.568947334	0.875928559	0.916118504	0.640321907
579	2.1017684	0.566617577	0.877067836	0.914740183	0.641972517
580	2.1048098	0.565658176	0.878283048	0.914125179	0.643655735
581	2.09537092	0.567412698	0.880028225	0.914313714	0.645395947
582	2.07408612	0.57136941	0.882371025	0.914780555	0.647173751
583	2.05261485	0.575360788	0.884433648	0.915355441	0.648952146
584	2.04261865	0.577219019	0.885338084	0.915868233	0.650694132
585	2.04354459	0.576855755	0.884222695	0.916357319	0.652376092
586	2.04563912	0.576035417	0.881675028	0.916890074	0.65402251
587	2.04775199	0.575207892	0.87902432	0.917319852	0.655668369
588	2.04873566	0.574822628	0.877599899	0.917499949	0.657348651
589	2.0423036	0.577332012	0.87730287	0.917310279	0.659076965
590	2.02779989	0.582990445	0.877076442	0.916882496	0.660834335
591	2.01316911	0.588698453	0.876931616	0.916450964	0.662608203
592	2.00635758	0.591355882	0.876879713	0.91625006	0.664386013
593	2.00787927	0.58777963	0.877878229	0.917065799	0.666165429
594	2.01179356	0.57971409	0.880129722	0.918905268	0.667952951
595	2.01694605	0.571577885	0.88240094	0.920760854	0.669748473
596	2.0221839	0.567789982	0.883458332	0.921624743	0.671551889
597	2.02882308	0.567987891	0.883429756	0.920240039	0.673401737
598	2.037192	0.568551348	0.883344267	0.917117219	0.675287267
599	2.0443876	0.569408186	0.88320685	0.913967039	0.677129407
600	2.04750609	0.570487307	0.883022179	0.912500436	0.678849075
601	2.04386501	0.573702679	0.881792743	0.913399485	0.680373551
602	2.03488018	0.579371259	0.879301205	0.915433655	0.681771836
603	2.0238725	0.584790818	0.876840835	0.917500754	0.683180226
604	2.01416307	0.58725849	0.875705224	0.918498742	0.684735026
605	2.00510937	0.586070311	0.876489447	0.918547519	0.686557496
606	1.99535583	0.583389558	0.878258476	0.918577106	0.688572949
607	1.98753	0.580685318	0.880043005	0.918599021	0.690620513
608	1.98426044	0.579426328	0.880873813	0.918624502	0.692539304
609	1.99350689	0.579972413	0.880477122	0.918651084	0.694294545
610	2.01435793	0.581449596	0.87945095	0.918674319	0.695977159
611	2.03539165	0.583556059	0.878085877	0.918703794	0.697605352
612	2.04518414	0.585990205	0.876672355	0.918749095	0.699197303
613	2.03843167	0.590540558	0.874796527	0.918879369	0.700718275
614	2.02311035	0.597421415	0.872375825	0.919145769	0.702172405
615	2.00743035	0.603724335	0.870275538	0.919524546	0.703642373
616	1.99960109	0.606540212	0.869361166	0.919991936	0.705210876
617	1.99878807	0.601373011	0.872078196	0.921079227	0.706969092
618	1.99819009	0.589720119	0.878205168	0.922847924	0.70886345
619	1.99781927	0.577965132	0.884385821	0.924503132	0.710755176
620	1.99768979	0.572492463	0.887263295	0.925249781	0.712505484
621	1.99816019	0.574250583	0.884725166	0.924806254	0.714046136
622	1.99922093	0.578218476	0.879000246	0.92378927	0.715472185
623	2.00029096	0.582221132	0.873225168	0.922722068	0.716886727
624	2.00078912	0.584084615	0.870536514	0.922127805	0.718392849
625	1.99818365	0.583509261	0.872341272	0.922000755	0.720043855
626	1.99230849	0.582051196	0.876572876	0.921926914	0.721784191
627	1.98638185	0.580179136	0.881245084	0.921859611	0.723555969
628	1.98362263	0.578361412	0.88437189	0.921752295	0.725301305
629	1.98804756	0.576289482	0.88596308	0.921479593	0.72700316
630	1.99802675	0.573817686	0.887337376	0.921059808	0.728692932
631	2.00809337	0.571739702	0.888305855	0.920673198	0.730382514
632	2.01278001	0.570849426	0.888679145	0.920500051	0.732083791
633	2.01099454	0.571829181	0.887890703	0.921581408	0.733805055
634	2.00696551	0.574038915	0.886091472	0.924019774	0.735538622
635	2.00290117	0.576268008	0.884223098	0.926479504	0.737272383
636	2.00100898	0.577305789	0.883227377	0.927624659	0.738994228
637	2.007201	0.576738575	0.883031342	0.927272655	0.740701915
638	2.02180071	0.575337389	0.882882518	0.926453426	0.742401716
639	2.03812973	0.573618214	0.882787664	0.925564739	0.74409352
640	2.04950831	0.572096898	0.882753768	0.92500413	0.745777214
641	2.05593204	0.570669072	0.883167295	0.924810008	0.747441443
642	2.06163266	0.569125993	0.884168451	0.92468923	0.749089569
643	2.06572497	0.567885962	0.885351221	0.924569605	0.750745021
644	2.06732225	0.567367438	0.886309472	0.924379018	0.75243123
645	2.0640554	0.568540316	0.886905041	0.923835386	0.754153913
646	2.05668831	0.571185258	0.887384849	0.922951038	0.755901609
647	2.04925668	0.573853374	0.887903123	0.922123434	0.757673334
648	2.0457968	0.575095546	0.888614044	0.921750109	0.759468104
649	2.04641265	0.572267364	0.890157174	0.921765686	0.761317087
650	2.0479549	0.565841568	0.89246755	0.921813017	0.763212754
651	2.04989121	0.559238839	0.894577355	0.921890854	0.765091955
652	2.05169012	0.555880378	0.895518593	0.921998053	0.766891529
653	2.0535553	0.555441843	0.895079219	0.923503025	0.768569558
654	2.05567415	0.555116394	0.894087894	0.926776052	0.77017148
655	2.0574175	0.554913013	0.893087885	0.930158755	0.771765183
656	2.05815595	0.554841525	0.892622319	0.931992319	0.77341855
657	2.05444403	0.555506382	0.893050122	0.932406059	0.775177237
658	2.04607389	0.557005546	0.894015047	0.932723079	0.776999718
659	2.03763042	0.558517845	0.894988427	0.932926735	0.778823204
660	2.03369946	0.559221914	0.895441594	0.932999981	0.780584903
661	2.04520012	0.559015719	0.89434375	0.932721958	0.782246508
662	2.07113453	0.55845185	0.891868019	0.932040531	0.783850013
663	2.09729615	0.557635352	0.889370597	0.93121605	0.785452604
664	2.109476	0.556671119	0.888207893	0.930508933	0.787111464
665	2.10507472	0.554695317	0.889269865	0.929998645	0.788863872
666	2.09406074	0.551598306	0.891665186	0.929539042	0.790675568
667	2.08022909	0.548730645	0.894081493	0.929064612	0.792496663
668	2.06737252	0.547443202	0.895206432	0.928509881	0.794277273
669	2.05402845	0.54910174	0.894208237	0.927660418	0.795999756
670	2.03886142	0.552842272	0.891956744	0.92658251	0.797692786
671	2.0263793	0.556615576	0.889685526	0.925653332	0.799373869
672	2.02109137	0.558372282	0.888628134	0.925250116	0.801060506
673	2.02123841	0.556942818	0.889139343	0.926843654	0.802744867
674	2.02168416	0.553665598	0.890310588	0.930437036	0.804421158
675	2.02241253	0.55022665	0.891537014	0.934061901	0.806112494
676	2.02340893	0.548311933	0.892213922	0.935749498	0.807841997
677	2.03434503	0.54781808	0.892380322	0.934915229	0.809639525
678	2.05747568	0.547434769	0.892508897	0.933032981	0.811487577
679	2.08052036	0.547185837	0.892592082	0.931134243	0.813336424
680	2.09119547	0.547095522	0.892622173	0.930250263	0.815136333
681	2.08045987	0.550504363	0.891164623	0.930309549	0.816840764
682	2.05624601	0.558190694	0.887878111	0.930472994	0.818487144
683	2.03182001	0.565944367	0.884562806	0.930711258	0.820153407
684	2.0204482	0.569554178	0.883019327	0.930995246	0.821917489
685	2.02419759	0.565021196	0.885581941	0.931535029	0.82386822
686	2.03265936	0.554797777	0.891361176	0.932386157	0.825953833
687	2.04119526	0.544484787	0.897191045	0.933260286	0.828036884
688	2.04516925	0.539683456	0.899905208	0.933868997	0.829979919
689	2.04126247	0.542329056	0.898158587	0.934234304	0.831726632
690	2.03245075	0.548297594	0.894218476	0.934555958	0.833366812
691	2.02356183	0.554318425	0.890243843	0.934785645	0.834977636
692	2.01942349	0.557121492	0.888393408	0.934874976	0.836636271
693	2.02830898	0.55533912	0.888911077	0.934571447	0.838356202
694	2.04883522	0.550938463	0.890228419	0.933886993	0.840099188
695	2.07076987	0.545543696	0.891931742	0.933196543	0.84186987
696	2.08387903	0.540778703	0.893607752	0.932875096	0.843672898
697	2.08853363	0.536323302	0.895575876	0.933869324	0.845516616
698	2.09228719	0.531517085	0.897960475	0.936117349	0.847398002
699	2.09480144	0.527658242	0.89997823	0.938400205	0.84930402
700	2.09573573	0.526045463	0.900845616	0.93949871	0.85122163
701	2.086819	0.526246212	0.900592363	0.939553288	0.853182844
702	2.0666399	0.526814805	0.899907847	0.939592665	0.855184929
703	2.04610026	0.527677444	0.898933296	0.939616713	0.857157414
704	2.03610449	0.52876073	0.89780976	0.939624998	0.859029815
705	2.03544142	0.531918813	0.895728592	0.938960977	0.860755776
706	2.03495998	0.537454814	0.892593306	0.937463735	0.862388133
707	2.03466459	0.542739989	0.889724675	0.935953375	0.864005191
708	2.0345624	0.545144977	0.88844377	0.935250209	0.865685254
709	2.03635433	0.544029987	0.890147491	0.935489497	0.867457797
710	2.04116166	0.541285687	0.893989897	0.936094534	0.869281055
711	2.04793998	0.537942278	0.897865967	0.936868414	0.871129596
712	2.05564441	0.535029587	0.899670516	0.937614372	0.872977998
713	2.06917263	0.532380532	0.899398812	0.938451109	0.874833291
714	2.08910029	0.529560874	0.898784962	0.939441034	0.876705209
715	2.10720517	0.527311998	0.898165733	0.940270282	0.878569238
716	2.11526319	0.526375591	0.897877444	0.940624899	0.880400852
717	2.10564152	0.526519005	0.898220923	0.940400525	0.882187344
718	2.0839412	0.526934923	0.898995594	0.939821289	0.883944357
719	2.06205076	0.527585782	0.899777052	0.939053124	0.885689411
720	2.05185941	0.528434247	0.900140869	0.938261934	0.887440024
721	2.05326118	0.531937045	0.89978436	0.93722607	0.889177851
722	2.05642873	0.538567043	0.898980255	0.935898483	0.890900061
723	2.05962403	0.545015619	0.898169106	0.934749644	0.89265138
724	2.06111164	0.54797335	0.897791466	0.934250144	0.894476543
725	2.05966335	0.546364163	0.898024733	0.934696819	0.896435085
726	2.05639671	0.542588924	0.898605694	0.93580065	0.898495372
727	2.05310146	0.538416213	0.899329424	0.937156496	0.900561711
728	2.05156731	0.53561424	0.899991043	0.938359222	0.902538399
729	2.05766686	0.534417037	0.900511184	0.939493594	0.904387767
730	2.07197273	0.533586558	0.901006062	0.940722479	0.906168549
731	2.08779134	0.532799458	0.901556453	0.941711183	0.907926221
732	2.09842768	0.531732712	0.902243111	0.942124883	0.909706249
733	2.10320495	0.530151833	0.903479451	0.941726586	0.911517649
734	2.1067447	0.5281378	0.905204937	0.940828241	0.913337162
735	2.1098305	0.525839645	0.906744916	0.939922025	0.915164677
736	2.11324467	0.523406394	0.907424615	0.939500126	0.917000086
737	2.11791157	0.520192859	0.907362657	0.939675455	0.918835093
738	2.12321673	0.516262763	0.907188942	0.940109327	0.920672182
739	2.12758286	0.51292446	0.906929265	0.940643233	0.922528494
740	2.12943256	0.511486567	0.906609242	0.941118735	0.924421173
741	2.12152403	0.513265725	0.905788051	0.941570839	0.926366674
742	2.10300788	0.517278312	0.90439939	0.942062552	0.928353894
743	2.08261206	0.521326055	0.903086002	0.942458923	0.930358039
744	2.06906645	0.523210529	0.902490776	0.942624953	0.932354317
745	2.0623149	0.52285261	0.90286431	0.94216967	0.934346851
746	2.05651253	0.522044309	0.903706951	0.94114299	0.936345819
747	2.05243776	0.521228927	0.904556974	0.940107314	0.938332788
748	2.05087096	0.520849316	0.904952712	0.939625143	0.940289314
749	2.05089774	0.52109813	0.904329489	0.940251078	0.942215912
750	2.05098069	0.521721494	0.902923975	0.941662764	0.944121652
751	2.05111873	0.522506484	0.901506147	0.943086818	0.945999251
752	2.05131121	0.523240212	0.900846061	0.943749803	0.947841422
753	2.05869895	0.524010703	0.901044713	0.942839341	0.949619945
754	2.07571028	0.524891706	0.901558704	0.940785979	0.951347596
755	2.09445311	0.52561872	0.902242277	0.938714628	0.95308165
756	2.10703313	0.525927159	0.902949812	0.937750287	0.954879389
757	2.11350192	0.523651253	0.903887746	0.938636433	0.95678183
758	2.11909859	0.518519326	0.905097463	0.940699171	0.95875441
759	2.12304734	0.513342436	0.906146837	0.942940975	0.960740826
760	2.1245706	0.510932276	0.906603642	0.944364333	0.962684775
761	2.11347851	0.512043536	0.906193461	0.944986638	0.964553292
762	2.08846709	0.514550829	0.905268286	0.945506574	0.966382245
763	2.06323653	0.51708009	0.904335005	0.945864354	0.968217933
764	2.05149015	0.518257617	0.903900505	0.945999964	0.97010665
765	2.05356826	0.518060508	0.904720597	0.945127285	0.97208946
766	2.05872131	0.517615277	0.906570037	0.94315948	0.974135732
767	2.06507521	0.517166145	0.908435681	0.941174435	0.976183002
768	2.07075873	0.516957047	0.909304253	0.940250275	0.978168805
769	2.07543592	0.517008262	0.908572435	0.940324557	0.980059986
770	2.08006096	0.517123881	0.906921745	0.94053417	0.981896653
771	2.08457679	0.517240513	0.905256593	0.940850013	0.983725105
772	2.08892602	0.517294812	0.904481363	0.941243241	0.985591638
773	2.09378566	0.51614483	0.905427179	0.94215414	0.987517809
774	2.09900249	0.513551806	0.907560331	0.943725595	0.989477132
775	2.10318085	0.510936064	0.909712173	0.945428905	0.991445131
776	2.1049248	0.509718275	0.910713988	0.946735222	0.993397334
777	2.1030808	0.509732523	0.910018814	0.947680189	0.995329006
778	2.0986149	0.509776344	0.908450658	0.948570478	0.997252769
779	2.09333777	0.509847908	0.906868764	0.949234349	0.999168645
780	2.08906018	0.509945742	0.906132295	0.949499927	1.00107665
781	2.08569397	0.51099435	0.906526686	0.948722145	1.00297697
782	2.08233796	0.513208759	0.907520654	0.946968232	1.00486962
783	2.07975204	0.515414239	0.908785434	0.945198953	1.00675437
784	2.07869661	0.516435765	0.909992362	0.944375245	1.00863097
785	2.08538115	0.513748738	0.911198056	0.945190799	1.01048525
786	2.10045416	0.507689329	0.912543318	0.947030268	1.01232142
787	2.11565922	0.501576831	0.913789577	0.948885854	1.01416863
788	2.12273812	0.498731087	0.914698163	0.949749743	1.01605603
789	2.11063475	0.500867334	0.915346117	0.948782424	1.01801451
790	2.08333926	0.505686067	0.915926296	0.946600728	1.02002339
791	2.05580462	0.510547019	0.916345234	0.944399918	1.02203306
792	2.04298556	0.512810091	0.916509389	0.943375305	1.02399392
793	2.04595168	0.511917307	0.915415895	0.943944162	1.02587198
794	2.05347843	0.509583473	0.912950177	0.945227513	1.02770095
795	2.06315928	0.506426109	0.910462857	0.946522107	1.0295328
796	2.07259059	0.503062323	0.909304856	0.947124821	1.03141949
797	2.08342091	0.498247598	0.910695321	0.947044751	1.03340967
798	2.09639134	0.491794658	0.913831328	0.946825363	1.03546795
799	2.10731313	0.486116779	0.916994811	0.946507354	1.03751863
800	2.11199635	0.483627808	0.918467607	0.946131265	1.03948596
801	2.10793771	0.489855903	0.916345159	0.945355577	1.0413251
802	2.09878323	0.503900676	0.911558462	0.944136738	1.04308767
803	2.08954855	0.518068501	0.906729827	0.943007352	1.04484195
804	2.08524924	0.524664494	0.904481801	0.942500148	1.04665618
805	2.08555769	0.521312054	0.906069091	0.943941877	1.04856961
806	2.0864315	0.513644457	0.909649632	0.947193033	1.05054213
807	2.08775427	0.505647905	0.913261542	0.950472672	1.05252401
808	2.08941079	0.501307693	0.914943109	0.951999546	1.05446548
809	2.0935027	0.500342066	0.914629963	0.951834558	1.05635182
810	2.10065381	0.499602273	0.913815036	0.951428076	1.05821073
811	2.10827644	0.499127071	0.912722017	0.950933913	1.06005372
812	2.11378222	0.498956174	0.911574185	0.95050548	1.06189229
813	2.11667014	0.49926857	0.909994244	0.95015216	1.06371186
814	2.11877016	0.499973061	0.907917436	0.949799255	1.06551139
815	2.1208397	0.500683725	0.906103005	0.949486302	1.06732557
816	2.12363577	0.501014583	0.905310379	0.949252871	1.06918908
817	2.12814772	0.498035008	0.906558313	0.949113761	1.07113764
818	2.13416375	0.491316419	0.909372679	0.949020465	1.07314748
819	2.14058701	0.484538967	0.912211702	0.948918516	1.07516252
820	2.1463205	0.481383646	0.913533441	0.94875345	1.07712669
821	2.15097813	0.485267025	0.913018959	0.948135518	1.07901301
822	2.15521885	0.494025411	0.911858014	0.947035296	1.08085616
823	2.15946799	0.502860533	0.910686898	0.945980796	1.08269115
824	2.16415075	0.506973825	0.910141672	0.945500142	1.08455298
825	2.16968793	0.502744288	0.910586402	0.946847017	1.08646065
826	2.17582637	0.493119503	0.911665492	0.94988428	1.08839312
827	2.18196442	0.483195986	0.912945071	0.952948154	1.09032598
828	2.18750039	0.478070361	0.913991293	0.954374576	1.09223481
829	2.19305501	0.477288469	0.914770026	0.954229048	1.09410937
830	2.19879438	0.476703893	0.915510079	0.953866235	1.09596407
831	2.20330265	0.476336214	0.916138721	0.953415423	1.09781072
832	2.20516356	0.476206267	0.916583133	0.953005519	1.09966111
833	2.19929452	0.476477122	0.916900753	0.952655473	1.10150901
834	2.18487628	0.47718343	0.91717864	0.952300948	1.10335079
835	2.16735458	0.47813617	0.917376202	0.951954811	1.10520398
836	2.15217645	0.479146277	0.917452809	0.951629952	1.10708615
837	2.13852818	0.480572839	0.917181775	0.951353047	1.10900739
838	2.12407948	0.482472188	0.916530761	0.95110862	1.11095762
839	2.11258704	0.484139402	0.915773834	0.950843943	1.11292431
840	2.10780909	0.484869395	0.915185123	0.95050628	1.11489498
841	2.12739696	0.482145429	0.914859796	0.950055537	1.11689184
842	2.17156685	0.476002937	0.91462197	0.949478231	1.11891443
843	2.21612372	0.469806629	0.914350391	0.948760941	1.12091218
844	2.23686768	0.466921867	0.913923836	0.947890243	1.12283451
845	2.21584207	0.473285122	0.91233767	0.946278571	1.12464703
846	2.16841946	0.487634967	0.909503677	0.943935918	1.12638696
847	2.12058136	0.502110536	0.906785099	0.941816637	1.12811133
848	2.09830979	0.508849803	0.905545478	0.940875274	1.12987717
849	2.10833475	0.502931382	0.907749799	0.941512492	1.13170235
850	2.13095403	0.489581963	0.912801014	0.943117117	1.13355656
851	2.15377148	0.476115586	0.918097909	0.945156397	1.13542725
852	2.16439441	0.469846159	0.92103894	0.947097661	1.1373019
853	2.16368498	0.469856782	0.921786244	0.949216884	1.13917817
854	2.16207822	0.469894238	0.922365445	0.951689058	1.14106255
855	2.16045738	0.469955409	0.922741145	0.953747362	1.14295493
856	2.15970278	0.470039039	0.922877323	0.95462475	1.14485521
857	2.16477175	0.470643041	0.921882293	0.954588657	1.14676933
858	2.17620182	0.472034494	0.919449572	0.954485459	1.14869574
859	2.18773204	0.473810775	0.916520018	0.954327893	1.15062235
860	2.19310006	0.475569112	0.914034755	0.954128461	1.15253705
861	2.18694353	0.477654618	0.911891487	0.953510518	1.15443174
862	2.17305816	0.480181	0.909666455	0.952410296	1.15631434
863	2.15905112	0.48231857	0.907914333	0.951355796	1.15819675
864	2.15252999	0.483237427	0.907190053	0.950875142	1.16009087
865	2.15326313	0.4813348	0.909284475	0.951368274	1.1619935
866	2.15492058	0.477044151	0.914007451	0.952480511	1.16390017
867	2.15659255	0.47271591	0.918771806	0.953602493	1.1658224
868	2.15737096	0.470700847	0.920989906	0.954124845	1.16777171
869	2.15603297	0.471366569	0.919751824	0.952796955	1.1697751
870	2.15290071	0.473011547	0.916958698	0.94980247	1.17182043
871	2.14945214	0.475029522	0.914141102	0.94678175	1.17385802
872	2.14716543	0.476814632	0.912829338	0.945375418	1.17583818
873	2.14603058	0.478488876	0.913343972	0.945687965	1.17773589
874	2.14505626	0.480297649	0.914528679	0.946470153	1.1795831
875	2.14437253	0.481750951	0.915782691	0.947451659	1.18141456
876	2.14410976	0.482358598	0.91650547	0.948362483	1.18326496
877	2.14884246	0.480673881	0.916686563	0.949304623	1.18514706
878	2.15951396	0.476560362	0.916792854	0.950373604	1.18704147
879	2.17027895	0.471619891	0.916892818	0.951252653	1.18893607
880	2.17529071	0.467454662	0.917054803	0.951624894	1.19081876
881	2.17362444	0.463907038	0.917501109	0.951416307	1.19268729
882	2.16986396	0.460245	0.918212721	0.950945745	1.19454792
883	2.16607053	0.457369871	0.918874898	0.950471061	1.19640054
884	2.16430446	0.456183411	0.919172845	0.950250066	1.19824506
885	2.17491188	0.456712307	0.919095727	0.950534581	1.20007574
886	2.19883076	0.458013788	0.918880542	0.951176256	1.20189432
887	2.22295919	0.459598774	0.918560081	0.951823554	1.20371272
888	2.23419246	0.460978358	0.918167073	0.95212491	1.20554282
889	2.22962224	0.462038886	0.917188113	0.951423033	1.20737597
890	2.21930975	0.463041237	0.915547612	0.949840234	1.20920927
891	2.20890691	0.464030136	0.913999799	0.948243568	1.21106542
892	2.20406374	0.465050231	0.913299078	0.947500221	1.21296713
893	2.2066434	0.466020583	0.914190417	0.948486548	1.21495731
894	2.21246329	0.46694441	0.916200678	0.950711022	1.21701559
895	2.21833417	0.468007089	0.918228552	0.952954986	1.21906627
896	2.22106743	0.46939404	0.919172651	0.953999689	1.2210336
897	2.21439965	0.472244788	0.918735546	0.953089341	1.22288967
898	2.19936327	0.476482385	0.917670936	0.951035979	1.22468132
899	2.18419514	0.48034342	0.91639982	0.948964628	1.22644203
900	2.17713345	0.482064147	0.915343049	0.948000287	1.22820529
901	2.17959588	0.481581409	0.914467861	0.948480706	1.22996087
902	2.18586754	0.480257624	0.913575774	0.949652931	1.23169642
903	2.19399171	0.47833319	0.91288005	0.951057605	1.23344659
904	2.20201301	0.476048138	0.912594065	0.952235513	1.23524602
905	2.211506	0.471591742	0.9135399	0.953228018	1.23710988
906	2.22305448	0.464587929	0.915676154	0.954247543	1.23902029
907	2.23284275	0.457666933	0.917839671	0.955045933	1.2409635
908	2.23705413	0.453459629	0.918867075	0.955374908	1.24292578
909	2.23021553	0.451684683	0.918891673	0.954938642	1.2449169
910	2.21479309	0.450237939	0.918902974	0.95395474	1.24694117
911	2.19923553	0.449260846	0.918913987	0.952962218	1.2489741
912	2.19199252	0.448895519	0.918937425	0.952500137	1.25099118
913	2.2024664	0.449164046	0.919456419	0.953164023	1.25302006
914	2.22608784	0.449966226	0.920580263	0.954661265	1.25506421
915	2.24991623	0.451269685	0.921705192	0.956171625	1.25705715
916	2.26100982	0.453042071	0.922227288	0.956874791	1.25893241
917	2.24124322	0.468920541	0.919390784	0.953384139	1.26063211
918	2.19666594	0.502013628	0.912994664	0.945512921	1.2622142
919	2.1516981	0.534884854	0.906542506	0.937572742	1.26378791
920	2.1307628	0.550093388	0.90353863	0.9338761	1.26546246
921	2.14293142	0.534970644	0.906695352	0.93717614	1.26728474
922	2.17144528	0.500635596	0.913815166	0.944619574	1.26919916
923	2.20288016	0.46543122	0.920997358	0.952128223	1.27116486
924	2.22381432	0.447700754	0.92434111	0.95562396	1.27314103
925	2.23291501	0.445638078	0.924168911	0.955590061	1.2751382
926	2.2395411	0.444114595	0.923737311	0.955489274	1.27717283
927	2.24536762	0.443166458	0.923198592	0.955332242	1.27920805
928	2.25206709	0.442834364	0.922704091	0.955128583	1.28120697
929	2.26171759	0.44368754	0.922256931	0.954335466	1.28315439
930	2.27301455	0.445786806	0.921786891	0.952850666	1.28507226
931	2.28243428	0.448345499	0.921348225	0.951410183	1.28697813
932	2.28645276	0.450576782	0.920995219	0.950750195	1.28888958
933	2.27880168	0.452610154	0.920695199	0.951546827	1.29081003
934	2.26110294	0.454776547	0.920410871	0.953343518	1.2927305
935	2.24213114	0.456505225	0.920198108	0.95515595	1.29465096
936	2.23066215	0.457225221	0.920112805	0.955999749	1.29657142
937	2.2264113	0.454690147	0.920854547	0.955889786	1.29848333
938	2.22296099	0.448973588	0.922527084	0.955598543	1.30038911
939	2.22063813	0.443206944	0.924214275	0.955197264	1.30230632
940	2.21977168	0.440522217	0.924999766	0.95475697	1.30425252
941	2.23429675	0.441237791	0.924953913	0.954069955	1.30624968
942	2.26713162	0.443018763	0.924821101	0.95311021	1.30828431
943	2.30046326	0.445232126	0.924614437	0.952253358	1.31031953
944	2.31647428	0.447245456	0.92434681	0.95187511	1.31231845
945	2.31722823	0.449243772	0.923321428	0.951984755	1.31425732
946	2.31777159	0.451464149	0.921407914	0.952285405	1.3161605
947	2.31810319	0.453272394	0.919552903	0.952722444	1.31806312
948	2.31821736	0.454034096	0.918703258	0.953241335	1.32000031
949	2.31626659	0.448751742	0.920303078	0.954331099	1.3220037
950	2.3110679	0.436840568	0.923910928	0.956054951	1.32404903
951	2.30381123	0.424825037	0.927550387	0.957655402	1.32608662
952	2.29568706	0.419231068	0.929244779	0.958374789	1.32806677
953	2.28215817	0.424446239	0.927145948	0.957502285	1.32995337
954	2.26268718	0.436209194	0.922412352	0.95553448	1.33178152
955	2.24512949	0.448075208	0.917637283	0.953549435	1.33360875
956	2.23734229	0.453599567	0.915414195	0.952625275	1.33549259
957	2.24576257	0.450317908	0.91634076	0.953421827	1.33747009
958	2.26475379	0.44291366	0.918584794	0.955218518	1.33950661
959	2.28391141	0.435441939	0.921234156	0.95703095	1.34155246
960	2.29283045	0.43195726	0.923377079	0.957874749	1.34355795
961	2.29183893	0.431946957	0.92505607	0.957842594	1.34550833
962	2.28919399	0.431940319	0.926726892	0.957746156	1.34743125
963	2.28551151	0.431936317	0.928012993	0.957590088	1.34933824
964	2.281405	0.431934953	0.92853759	0.957378803	1.35124082
965	2.27465597	0.43430668	0.926652775	0.955704988	1.35312986
966	2.26499994	0.439654467	0.922402552	0.952253153	1.35500276
967	2.25630969	0.445049107	0.918115091	0.948831947	1.35688302
968	2.25245891	0.447560644	0.916119015	0.947250469	1.35879415
969	2.25577465	0.446031281	0.918253957	0.94795469	1.36075929
970	2.26394322	0.442555508	0.923069177	0.949593148	1.36276191
971	2.27391824	0.438984711	0.927926585	0.951370523	1.36476513
972	2.28265343	0.437170015	0.930188006	0.952491741	1.36673204
973	2.29068115	0.436935328	0.92956871	0.952972121	1.36865039
974	2.29926873	0.436761233	0.928027084	0.95337191	1.37054131
975	2.30613508	0.436652477	0.926110446	0.953646218	1.3724163
976	2.30899817	0.436614261	0.924365626	0.953749972	1.37428687
977	2.30032767	0.440661874	0.922630968	0.953010089	1.37614391
978	2.28077555	0.449788483	0.920701954	0.951341733	1.3779848
979	2.26105213	0.458995053	0.919130381	0.94965876	1.37983306
980	2.25186966	0.463281277	0.918468233	0.948875233	1.38171217
981	2.25779604	0.460331513	0.919459443	0.949463134	1.38363925
982	2.27116505	0.453677491	0.921694853	0.950789263	1.38559951
983	2.28465118	0.446965172	0.923949849	0.952127011	1.38756843
984	2.29092981	0.443840174	0.924999688	0.952749815	1.3895215
985	2.28582161	0.444480455	0.924008602	0.952636168	1.39144255
986	2.27429939	0.44592626	0.921773192	0.952379497	1.39334745
987	2.26267622	0.447384733	0.919518196	0.952120579	1.39525972
988	2.25726493	0.448063741	0.918468357	0.952000036	1.39720287
989	2.25792169	0.447203926	0.919282354	0.952948604	1.39919399
990	2.25966938	0.445147515	0.921236638	0.955087521	1.40121826
991	2.26209438	0.442778178	0.923505306	0.957245179	1.40325118
992	2.26478453	0.440979652	0.925262518	0.958249701	1.40526827
993	2.26913063	0.439744956	0.926521641	0.957841994	1.40727014
994	2.27530049	0.438578324	0.927730476	0.956855799	1.40926793
995	2.2808389	0.437706851	0.928642085	0.955694392	1.4112506
996	2.28329006	0.437357836	0.929009332	0.954760876	1.41320715
997	2.28324409	0.437851362	0.928480251	0.954109458	1.41513605
998	2.28290815	0.439262149	0.926970858	0.953516276	1.4170434
999	2.28198898	0.441434302	0.924652886	0.952995217	1.41892883
1000	2.28019262	0.444211887	0.921698113	0.952560241	1.42079198
