kimg	g_loss	d_loss	real_sign_proxy	fake_sign_proxy	ada_p
0	0.66190061	2.2035504	0.5	0.21875	0
1	4.25506148	1.5282894	0.660072116	0.493914598	0.00137829535
2	7.31067866	0.928152222	0.802318844	0.738075401	0.00282737014
3	9.41391412	0.497678839	0.90503126	0.911363443	0.00432301081
4	10.2112762	0.320179317	0.949166421	0.978481845	0.00586301328
5	10.0051367	0.304340634	0.95540262	0.977475524	0.00745713818
6	9.48692039	0.292876026	0.959747148	0.975165499	0.00910747105
7	8.83102954	0.285872208	0.962578625	0.972835223	0.0107989214
8	8.21171554	0.28345851	0.964266001	0.971750323	0.012516395
9	7.55105235	0.285501584	0.965217032	0.972553397	0.0142731455
10	6.789364	0.290824959	0.965809765	0.974402174	0.0160738805
11	6.15375385	0.297994088	0.966364015	0.976360851	0.0178876653
12	5.87139416	0.305574428	0.967199579	0.977493698	0.0196835574
13	5.85673291	0.31620167	0.969130646	0.977771583	0.0214586244
14	5.84984322	0.330299575	0.972007011	0.977923506	0.0232279471
15	5.84315611	0.342658062	0.974629447	0.978079293	0.0249852586
16	5.82917524	0.348065809	0.975798531	0.978368578	0.0267242852
17	5.63257891	0.333035862	0.975752806	0.980175365	0.0284413011
18	5.21683265	0.298723482	0.975616194	0.983703585	0.0301406162
19	4.80264506	0.263057008	0.975396029	0.987159644	0.031827953
20	4.61077885	0.243967956	0.975099317	0.988749529	0.0335090337
21	4.64267332	0.240095785	0.974003194	0.988113201	0.0352940536
22	4.71471882	0.237149944	0.971441749	0.986305826	0.037149352
23	4.78739591	0.235268992	0.967581256	0.983548127	0.0388510097
24	4.82123204	0.234595832	0.962588189	0.980060533	0.0401750699
25	4.61288078	0.276320598	0.948765866	0.97214722	0.0411580324
26	4.12071367	0.377436254	0.923496908	0.957910902	0.0419997633
27	3.56802242	0.49712855	0.895470453	0.940702197	0.0426994558
28	3.17815333	0.594570632	0.873378085	0.923872889	0.043256244
29	2.97818583	0.663093629	0.858905544	0.906520803	0.0437477441
30	2.82122113	0.725334095	0.846682033	0.887271227	0.0442028329
31	2.68490852	0.781742092	0.835338911	0.869178026	0.0445385626
32	2.5469387	0.832760415	0.82350896	0.855296181	0.0446719608
33	2.39932639	0.882663803	0.810359491	0.844486066	0.0444331494
34	2.25408013	0.931173688	0.796750819	0.834509916	0.0438245738
35	2.11794376	0.971412216	0.78384318	0.827165289	0.0430345486
36	1.99765858	0.996500205	0.772796776	0.8242508	0.0422514232
37	1.88274837	1.00868143	0.763578909	0.824800182	0.0414821548
38	1.77010766	1.0170465	0.755296215	0.826040752	0.0406240697
39	1.67942153	1.02424671	0.747915464	0.827292196	0.039716422
40	1.63038017	1.03293136	0.741403689	0.827874826	0.038798507
41	1.61469316	1.0442485	0.734896137	0.823207521	0.0377924768
42	1.60553844	1.05680013	0.728441827	0.812601784	0.0367007036
43	1.59713742	1.06950375	0.723483162	0.801698458	0.0356963851
44	1.58371786	1.08127712	0.721462827	0.796139681	0.0349527557
45	1.54918996	1.09359833	0.723045819	0.795395473	0.0344599814
46	1.49572046	1.10661263	0.727154099	0.794842563	0.0340610312
47	1.44638824	1.11695202	0.732650773	0.794496702	0.0337229508
48	1.42427615	1.12124778	0.73839904	0.794375031	0.0334128259
49	1.48590306	1.11139787	0.746224554	0.79710694	0.0331604948
50	1.62487606	1.08918523	0.756454374	0.80326701	0.0329642323
51	1.76506723	1.06677789	0.765373438	0.809481076	0.0327367842
52	1.83033557	1.05634577	0.769265793	0.812374138	0.0323908774
53	1.74562754	1.07344682	0.757107359	0.807005979	0.0314116496
54	1.55458121	1.11201384	0.729689581	0.79489973	0.0296958011
55	1.36186026	1.15091891	0.702031472	0.782687364	0.027825818
56	1.2721358	1.16903182	0.689154778	0.777001693	0.0263843282
57	1.30341681	1.16195402	0.694478642	0.781829954	0.0254263222
58	1.3789413	1.14402043	0.707346063	0.793591605	0.0245918803
59	1.467531	1.12099393	0.722475356	0.807647085	0.0238835917
60	1.53802472	1.09863411	0.734587031	0.819357055	0.0233041602
61	1.58547996	1.07705677	0.742508802	0.82782172	0.022776407
62	1.62766756	1.05336475	0.749321673	0.835579043	0.0222791429
63	1.66544392	1.02928546	0.755821417	0.84285838	0.0219083419
64	1.69965986	1.00654761	0.762802978	0.849888308	0.0217600036
65	1.73205393	0.982030873	0.771998685	0.857813565	0.0219542326
66	1.76254342	0.955759441	0.782576101	0.866238767	0.022392279
67	1.78911496	0.93473633	0.791327844	0.872954053	0.0228341651
68	1.80975485	0.92596607	0.795046111	0.875749212	0.0230398925
69	1.82284501	0.931163868	0.791277031	0.871803864	0.0227485489
70	1.83168594	0.942889616	0.782775997	0.862905985	0.0220914793
71	1.84172173	0.954718146	0.774200446	0.853930112	0.0214286502
72	1.85839669	0.960225115	0.770207956	0.849751244	0.021120059
73	1.94007809	0.933650465	0.778809347	0.85625733	0.021430799
74	2.09449069	0.873725355	0.798206731	0.870930274	0.0221316732
75	2.24463465	0.813274972	0.817774144	0.885731834	0.022838691
76	2.31349262	0.785131287	0.826884079	0.892622948	0.0231678549
77	2.27895813	0.806098346	0.817606648	0.89146772	0.0230513909
78	2.20104268	0.853394472	0.796681468	0.888858246	0.0227885631
79	2.12244427	0.901105171	0.775572869	0.886225898	0.0225234314
80	2.08585146	0.923317683	0.765745408	0.885000365	0.022399995
81	2.12870215	0.893812822	0.774797367	0.888604643	0.0227674327
82	2.22618189	0.827269356	0.795273781	0.896732513	0.0236595526
83	2.32661398	0.760142604	0.816078481	0.904931628	0.02471929
84	2.37831908	0.728890624	0.826115358	0.908748863	0.0255895045
85	2.38596433	0.730339492	0.82665196	0.908503323	0.0261962038
86	2.3916712	0.733931199	0.827039687	0.907885954	0.0267396213
87	2.39525568	0.738318494	0.827276727	0.907109341	0.0272524903
88	2.39652106	0.742162991	0.82735847	0.906385008	0.0277674859
89	2.38333768	0.74483519	0.826032158	0.905810216	0.0282946352
90	2.34984528	0.747135581	0.822887303	0.905259673	0.0288164702
91	2.30658772	0.749835035	0.819327012	0.904617028	0.029326005
92	2.26411248	0.753704322	0.81675478	0.903765946	0.0298162581
93	2.21446941	0.764428132	0.815172391	0.901919866	0.0302759931
94	2.15446877	0.782193151	0.813731763	0.899109136	0.0307129722
95	2.10375024	0.798902175	0.812680156	0.8965291	0.0311495937
96	2.08195877	0.806456319	0.812265151	0.895375337	0.0316082584
97	2.0826153	0.802604047	0.812730249	0.895830323	0.0321645526
98	2.08410975	0.793890731	0.813779224	0.896857002	0.0327882575
99	2.0856173	0.785045498	0.814837393	0.897892679	0.0333352235
100	2.08631916	0.780796478	0.815330042	0.898374856	0.0336612799
101	2.08322871	0.780636695	0.814044767	0.898261169	0.0337812272
102	2.07625978	0.780561888	0.811146356	0.8980045	0.0338497198
103	2.06922977	0.78048921	0.808222539	0.89774558	0.033919975
104	2.06595683	0.780336992	0.806861308	0.897625036	0.0340451764
105	2.07144829	0.779066607	0.808616033	0.898516675	0.0345067661
106	2.0855791	0.775981669	0.812763598	0.900527253	0.0353913307
107	2.10422653	0.771617157	0.817425552	0.902555455	0.0364323919
108	2.12326718	0.76650833	0.820723304	0.903499719	0.0373633971
109	2.14766481	0.75666296	0.822452151	0.903467018	0.0381225224
110	2.17859074	0.741641641	0.823836884	0.903369589	0.0388511207
111	2.20523895	0.727844367	0.825011624	0.903213303	0.0395720042
112	2.21680074	0.721672578	0.826110134	0.903003755	0.0403079434
113	2.20557101	0.724891601	0.827149172	0.901673271	0.0410404076
114	2.18024235	0.73215403	0.828086056	0.898991276	0.0417644372
115	2.15469167	0.739480118	0.828975566	0.896345836	0.0425275877
116	2.14279613	0.742890901	0.829872508	0.895125362	0.0433774269
117	2.14377808	0.74189962	0.830948741	0.895898513	0.0444153742
118	2.14655824	0.73923532	0.832130889	0.89776734	0.0456124156
119	2.15076643	0.735473977	0.833088344	0.899966184	0.0468119626
120	2.15603578	0.731190839	0.833490452	0.90172951	0.0478574038
121	2.1676527	0.724556142	0.833157638	0.902911058	0.0486798078
122	2.1879907	0.714979628	0.832406939	0.903949864	0.0493917272
123	2.21168178	0.705164573	0.831649661	0.904911041	0.0501044692
124	2.23335623	0.697814978	0.831297097	0.905859572	0.0509293293
125	2.25236694	0.693637809	0.832585015	0.906694012	0.0519458498
126	2.27136649	0.690612739	0.835678683	0.907415926	0.0531056855
127	2.28954584	0.687485	0.839275879	0.908263838	0.0543283545
128	2.30609488	0.683000188	0.842074088	0.909476324	0.0555333754
129	2.32310559	0.672687245	0.844097194	0.912815439	0.0567140662
130	2.34059281	0.657040496	0.846046207	0.918337094	0.0579092838
131	2.35429213	0.642693411	0.847518978	0.923527991	0.059100629
132	2.35993823	0.636280649	0.848113043	0.92587431	0.0602696857
133	2.35820354	0.638246842	0.847209997	0.924304807	0.0614377617
134	2.3534489	0.643050459	0.844977087	0.920486555	0.0626078422
135	2.34654058	0.648816606	0.842230821	0.915936308	0.0637296383
136	2.3383438	0.653671665	0.839787815	0.912170609	0.0647528489
137	2.32118198	0.657796057	0.837470527	0.909080543	0.0656180977
138	2.29406465	0.662048444	0.834953141	0.905943594	0.0663790437
139	2.26889654	0.665385006	0.832925001	0.903502471	0.0671585804
140	2.25758512	0.666761416	0.832075712	0.902500281	0.0680796112
141	2.26287446	0.662470641	0.834952827	0.903486127	0.0692827618
142	2.27480865	0.65279467	0.841440859	0.905883251	0.0707157882
143	2.28684749	0.643033844	0.84798579	0.908737949	0.0722058543
144	2.29245244	0.638489478	0.851032926	0.911096494	0.073580107
145	2.29235544	0.640574812	0.850340848	0.91284286	0.0748100048
146	2.29213296	0.645280002	0.848633229	0.914484658	0.0759891808
147	2.29190853	0.650026455	0.846545808	0.915935533	0.0771166715
148	2.29180404	0.652236271	0.844713631	0.917108947	0.0781914826
149	2.29725	0.649510715	0.843022073	0.918139735	0.0791705134
150	2.30952993	0.642992303	0.841208502	0.919110962	0.0800720936
151	2.32191756	0.635483034	0.839756819	0.919835191	0.0809930455
152	2.32768489	0.629785092	0.839151114	0.92012492	0.0820302067
153	2.32638783	0.625876813	0.840309441	0.920075811	0.0832774367
154	2.32293156	0.622185121	0.842980856	0.919930157	0.0846880743
155	2.31811753	0.61942793	0.845824525	0.919695835	0.0861450657
156	2.31274586	0.618323814	0.847499421	0.91938066	0.087531349
157	2.3038997	0.620998019	0.84806078	0.917241775	0.0888267262
158	2.29123151	0.627028666	0.848509796	0.91289804	0.0900925055
159	2.27982684	0.633112199	0.848808634	0.908606707	0.0913262397
160	2.27477243	0.635944521	0.848919144	0.906625588	0.0925254608
161	2.28402239	0.634450166	0.84786617	0.906751276	0.0936774317
162	2.30488309	0.631078699	0.845491797	0.907100696	0.0947891387
163	2.32592673	0.627677666	0.843096601	0.907615889	0.095889196
164	2.33572406	0.626094241	0.841981464	0.908239451	0.0970062221
165	2.32675185	0.62681063	0.842678981	0.909576421	0.0981255264
166	2.30651419	0.628427051	0.844443408	0.911755316	0.0992383127
167	2.28609905	0.630057648	0.846703452	0.913926614	0.100386485
168	2.27659434	0.630816808	0.848887942	0.915240582	0.101611958
169	2.29490659	0.627387382	0.851353031	0.915780144	0.102965858
170	2.33620457	0.619653996	0.854278565	0.916218841	0.104425
171	2.37786471	0.61185279	0.856732548	0.916514559	0.105917116
172	2.3972605	0.608220768	0.857782718	0.916624971	0.107369935
173	2.38242795	0.612264993	0.854904318	0.916397342	0.108776206
174	2.34853712	0.621386595	0.848413251	0.915884003	0.110171522
175	2.31326117	0.630588192	0.841865259	0.915366164	0.111542454
176	2.29427218	0.634872197	0.838816698	0.915125072	0.11287556
177	2.29103051	0.632331685	0.840028256	0.915403443	0.114139848
178	2.2892858	0.626600307	0.8427622	0.91605498	0.115352267
179	2.28762044	0.620818667	0.845520119	0.916771815	0.116574177
180	2.28462083	0.618126898	0.846804129	0.917246064	0.117866951
181	2.2757237	0.618250328	0.846679127	0.917454595	0.119358744
182	2.25966305	0.618616133	0.846320444	0.917611561	0.120991278
183	2.24036386	0.619200663	0.845767545	0.917742473	0.122535125
184	2.22175218	0.619981041	0.84505955	0.91787278	0.123760821
185	2.2010037	0.624544312	0.842634066	0.918028583	0.124603403
186	2.17706458	0.633652176	0.838212575	0.918191995	0.125266269
187	2.15722988	0.642616734	0.833950168	0.918321351	0.125912673
188	2.14879661	0.646748936	0.832002455	0.918374985	0.126705841
189	2.16524286	0.641310388	0.83382058	0.918350406	0.127780798
190	2.20233228	0.629044459	0.837921495	0.918277578	0.129067811
191	2.23974696	0.616670961	0.842058374	0.918160418	0.130420814
192	2.25716618	0.610910208	0.843984388	0.91800283	0.131693735
193	2.24424161	0.613575487	0.843287087	0.916933388	0.132840208
194	2.21420726	0.619850382	0.841713477	0.91476152	0.133942432
195	2.18169709	0.626837319	0.840126066	0.912615853	0.135040389
196	2.16134389	0.631639615	0.839387013	0.911625294	0.13617404
197	2.15427067	0.633833685	0.839799381	0.912535634	0.137411399
198	2.14968823	0.635405769	0.840729711	0.914588986	0.138716248
199	2.14541414	0.636886706	0.841668199	0.916660346	0.139966892
200	2.13926885	0.638806827	0.842105133	0.917624713	0.141041624
201	2.12638539	0.6421788	0.840654609	0.917294125	0.141893884
202	2.10798498	0.646627221	0.837383587	0.916481166	0.142625526
203	2.09143476	0.650518771	0.834083879	0.915492842	0.143333593
204	2.084103	0.652219908	0.832547628	0.91463597	0.144115118
205	2.09290718	0.651595174	0.832732169	0.913864147	0.145013724
206	2.11276419	0.650185376	0.833197069	0.91304639	0.145979646
207	2.13279534	0.648763215	0.833786162	0.912395677	0.146972875
208	2.14212129	0.648101097	0.834343688	0.912125076	0.147953411
209	2.1321737	0.648896822	0.834790814	0.912333687	0.148890571
210	2.10973703	0.650691518	0.835223093	0.912804247	0.149811328
211	2.0871036	0.652501952	0.835742925	0.913278933	0.150762638
212	2.0765661	0.653344839	0.8364527	0.913499934	0.151791459
213	2.07765353	0.65118327	0.838204638	0.912665252	0.152983179
214	2.0805866	0.646308667	0.841013786	0.910783013	0.15430444
215	2.08473765	0.641391315	0.843632025	0.908884266	0.15561738
216	2.08948189	0.639101934	0.844810975	0.908000264	0.156784118
217	2.09798261	0.64061098	0.842938524	0.909100349	0.157737961
218	2.11061311	0.644015206	0.838715628	0.911581483	0.1585797
219	2.12211973	0.647449286	0.834455699	0.914084376	0.159419674
220	2.1272476	0.649048097	0.832472396	0.915249653	0.16036821
221	2.12015618	0.648983237	0.833505967	0.914073764	0.161520746
222	2.10339892	0.648801662	0.83583786	0.911421518	0.162818685
223	2.0845736	0.648532342	0.838190203	0.908746012	0.164139056
224	2.07127871	0.648203788	0.839285388	0.907500371	0.165358881
225	2.06352552	0.647410173	0.83902284	0.908066109	0.166438136
226	2.0565807	0.646093065	0.838425717	0.909436005	0.167451608
227	2.05156434	0.644853621	0.837812342	0.911052853	0.168443078
228	2.04959831	0.644293139	0.837500794	0.912359648	0.169456313
229	2.0502198	0.645696924	0.837468911	0.913381938	0.17050593
230	2.05172876	0.648862634	0.837453219	0.914398596	0.171567931
231	2.05351852	0.652056107	0.837437778	0.915180881	0.172630127
232	2.05498276	0.653542899	0.837406726	0.915499911	0.173680334
233	2.05615677	0.651929673	0.837159058	0.914532451	0.174685999
234	2.05733663	0.648291076	0.836634067	0.912350765	0.175662056
235	2.05824975	0.644620569	0.836048122	0.910149945	0.176670726
236	2.05862342	0.642911684	0.835617651	0.909125305	0.177774237
237	2.05706205	0.643541691	0.835339415	0.909352658	0.179043175
238	2.05312374	0.644963418	0.835083675	0.909865997	0.180445966
239	2.04810095	0.646397612	0.83489586	0.910383836	0.181888286
240	2.04328649	0.647065333	0.834821449	0.910624928	0.183275805
241	2.03863053	0.646509024	0.835567993	0.910473228	0.184582456
242	2.03352473	0.645254178	0.837310132	0.910131002	0.1858599
243	2.02854399	0.643988326	0.839215307	0.909785776	0.187125501
244	2.02426352	0.643398981	0.840450748	0.909625048	0.188396606
245	2.02103916	0.643655588	0.841026307	0.910687406	0.189702571
246	2.01838629	0.644365435	0.841513492	0.913082984	0.191027161
247	2.01562087	0.645410631	0.84185194	0.91549957	0.192317049
248	2.01205889	0.646673387	0.841981097	0.916624665	0.193518901
249	2.0055135	0.649565139	0.84100147	0.916334206	0.194589971
250	1.99645284	0.654281025	0.838792468	0.915641065	0.195576024
251	1.98838897	0.658697446	0.836564093	0.914847662	0.196557583
252	1.98483453	0.660690315	0.835526625	0.914256175	0.197615176
253	1.99011997	0.658691916	0.836270693	0.913935392	0.198789483
254	2.00302104	0.653964306	0.83808574	0.913691196	0.20003937
255	2.01850244	0.648641381	0.840260268	0.913448205	0.20132461
256	2.03152831	0.644857073	0.84208286	0.913131085	0.202604984
257	2.04257809	0.642614812	0.843570158	0.912685381	0.203898081
258	2.05396335	0.640596855	0.845064869	0.912124538	0.205217462
259	2.0628935	0.639134761	0.84628034	0.91147464	0.206511042
260	2.06657658	0.638560574	0.846929742	0.910761769	0.207726716
261	2.06245925	0.63870818	0.847165117	0.909749992	0.208835339
262	2.0520586	0.639134459	0.84734779	0.908464692	0.209875996
263	2.03876324	0.639798675	0.847466376	0.907356251	0.210898309
264	2.025962	0.640660205	0.847509387	0.906875138	0.211951898
265	2.01163821	0.644018905	0.846276577	0.907633883	0.213052941
266	1.99471369	0.650308069	0.843496803	0.909345017	0.214174777
267	1.98054403	0.656409818	0.840692675	0.911071143	0.215305045
268	1.97448629	0.659205521	0.839387181	0.911874761	0.216431393
269	1.98110533	0.658166242	0.840013363	0.91085319	0.217560557
270	1.99603388	0.655667602	0.84142616	0.908496781	0.218696285
271	2.01109322	0.652761188	0.842851334	0.90598786	0.219819776
272	2.01810427	0.650498077	0.84351484	0.904508831	0.220912225
273	2.00752711	0.64909438	0.842516508	0.904011313	0.221962622
274	1.98367295	0.647918741	0.840265015	0.903613166	0.222984087
275	1.9596098	0.646813366	0.837993797	0.903348081	0.223993815
276	1.94840692	0.645620635	0.836936405	0.903250026	0.225008999
277	1.95372801	0.644040544	0.837487031	0.904388324	0.226033003
278	1.96573354	0.642226824	0.838729297	0.906955026	0.227057011
279	1.97784426	0.640727561	0.839982446	0.909544215	0.228081019
280	1.98348254	0.640090908	0.840565864	0.910749641	0.229105027
281	1.9822657	0.641197085	0.840304443	0.910742028	0.230108268
282	1.97901027	0.644091128	0.839635755	0.910718141	0.231096612
283	1.97444869	0.648015243	0.838762884	0.910679173	0.232112718
284	1.96931207	0.652211496	0.837888819	0.910625962	0.233199253
285	1.96058668	0.658280595	0.836820056	0.91024609	0.234419814
286	1.94791775	0.666456346	0.835497651	0.909381305	0.235746184
287	1.93646083	0.673663335	0.834369026	0.908298503	0.237079013
288	1.93137261	0.676825428	0.833881719	0.907264677	0.238318941
289	1.9321074	0.675092381	0.833921592	0.906130881	0.239424861
290	1.93415015	0.670815454	0.834035366	0.90481273	0.240460862
291	1.93717315	0.665577433	0.834209387	0.903716887	0.241482143
292	1.94085	0.660960718	0.834430127	0.903250133	0.242543895
293	1.94958272	0.656662408	0.835126363	0.904976459	0.243658661
294	1.96399688	0.652035308	0.836371395	0.908869289	0.244799004
295	1.97754081	0.648324084	0.837565982	0.912796226	0.245963412
296	1.98366128	0.64677389	0.838110742	0.914624456	0.247150383
297	1.9746684	0.650148673	0.837517033	0.912822653	0.248381975
298	1.95438714	0.657759141	0.836177971	0.908758709	0.249653894
299	1.9339282	0.665436287	0.834827178	0.90465916	0.250922132
300	1.9244033	0.669010471	0.8341983	0.902750568	0.252142672
301	1.93326416	0.667068443	0.834749395	0.903812436	0.253274239
302	1.95325006	0.662171797	0.836187814	0.906208024	0.254350895
303	1.97341108	0.655935907	0.838130314	0.9086246	0.255443187
304	1.98279727	0.649975664	0.840193678	0.909749665	0.256621666
305	1.97944062	0.64341203	0.843122916	0.909123922	0.257956161
306	1.97186573	0.635720561	0.847032981	0.907712236	0.25940536
307	1.96422448	0.629304078	0.850468373	0.906288182	0.260870485
308	1.96066701	0.626566092	0.851973249	0.905625197	0.262252748
309	1.96260038	0.629450895	0.851274094	0.906266579	0.263535608
310	1.96740001	0.635957331	0.849526877	0.907888419	0.264773526
311	1.97334311	0.64252077	0.847337289	0.909965189	0.26596777
312	1.97870738	0.645576455	0.845310795	0.911971361	0.267119595
313	1.98394804	0.643803453	0.843226237	0.914232367	0.2682184
314	1.98972505	0.639803627	0.840867726	0.91691391	0.269270284
315	1.99441215	0.635768756	0.83893078	0.91916258	0.27030313
316	1.99638248	0.633890276	0.838111135	0.920124725	0.271344827
317	1.99620981	0.635023322	0.838216775	0.917753491	0.272384768
318	1.99569426	0.637696567	0.838513593	0.912406197	0.273413192
319	1.99485986	0.640688006	0.838959151	0.907012053	0.274463089
320	1.99373015	0.642775843	0.839511214	0.904500747	0.275567458
321	1.9875766	0.643717568	0.840977162	0.905012246	0.276767926
322	1.9739101	0.644353966	0.843481343	0.906167262	0.278042848
323	1.95663892	0.645017251	0.845856136	0.907332397	0.279327934
324	1.93967276	0.646039442	0.846933645	0.907874839	0.280558885
325	1.91991159	0.648921796	0.845238211	0.907622308	0.281700117
326	1.89624737	0.653630706	0.841414618	0.906984415	0.282793363
327	1.87632155	0.658042726	0.837557526	0.90616958	0.283889331
328	1.86777759	0.660033998	0.835761812	0.905386136	0.285038722
329	1.87904717	0.658944587	0.837385437	0.904512211	0.286285191
330	1.9044634	0.656486859	0.841047602	0.903481263	0.287596681
331	1.93010231	0.654007597	0.844741852	0.902618721	0.288909195
332	1.9420388	0.652853349	0.846461752	0.902250105	0.290158731
333	1.93186867	0.654786436	0.846014944	0.902401777	0.291303137
334	1.90892899	0.659145948	0.845006324	0.902744003	0.292387089
335	1.88578832	0.663543656	0.843988867	0.903089229	0.293476771
336	1.87501492	0.665591059	0.843515179	0.903249952	0.294638365
337	1.87626571	0.663831155	0.843586361	0.902642894	0.295941489
338	1.87970303	0.659694787	0.843747182	0.901273986	0.297342829
339	1.88470442	0.655102726	0.843909412	0.899893085	0.298736094
340	1.89065027	0.651975682	0.84398494	0.899250191	0.300014985
341	1.90163836	0.650585423	0.843790938	0.900615989	0.301130365
342	1.918851	0.649603332	0.843332748	0.903696031	0.302156035
343	1.93675666	0.648674392	0.842818473	0.906803058	0.303167411
344	1.94982237	0.647443927	0.842456251	0.90824957	0.304239901
345	1.95849265	0.64519897	0.842293387	0.908233181	0.305422247
346	1.96635741	0.642179707	0.842186492	0.908183903	0.306669848
347	1.97208478	0.63951981	0.842069006	0.908105635	0.307918475
348	1.97434151	0.638353112	0.841874402	0.908001848	0.309103904
349	1.95939566	0.642602368	0.841048594	0.90746095	0.310197051
350	1.92569426	0.652184381	0.839535084	0.90639791	0.311239199
351	1.89169759	0.661850345	0.838074144	0.905355129	0.312269889
352	1.87587005	0.666350445	0.837406212	0.904875142	0.313328654
353	1.88403389	0.662232442	0.837572064	0.905475694	0.314432661
354	1.90245237	0.65294412	0.838018805	0.906925357	0.315559584
355	1.92103223	0.643574421	0.83865141	0.908627226	0.31669098
356	1.92968229	0.63921225	0.839375	0.909984357	0.317808408
357	1.92119653	0.640977988	0.840675504	0.911017301	0.318894461
358	1.90205696	0.645285803	0.842610281	0.912032932	0.319962648
359	1.88274971	0.650445082	0.8443736	0.912809451	0.321041548
360	1.873761	0.654765972	0.845159545	0.913124912	0.322159739
361	1.87380411	0.658397503	0.844748924	0.911531346	0.323349197
362	1.87394125	0.662123623	0.843822535	0.907937964	0.324590129
363	1.87416491	0.665039774	0.842888029	0.904313099	0.32583187
364	1.87447021	0.666240946	0.84245296	0.902625502	0.327023755
365	1.87642417	0.6647294	0.842756696	0.902836018	0.32814952
366	1.88097921	0.661051791	0.843441853	0.90337175	0.329239267
367	1.88703778	0.656666298	0.844133014	0.904062925	0.330309577
368	1.89350184	0.653031222	0.844454791	0.904740207	0.331377029
369	1.90269822	0.650038815	0.844062608	0.905528129	0.332436435
370	1.9149249	0.646996751	0.843178093	0.906478151	0.333481834
371	1.92565164	0.644627688	0.842285828	0.907280396	0.334530776
372	1.93034717	0.643654672	0.841870424	0.907624901	0.335600819
373	1.92081248	0.644230453	0.842066104	0.90753528	0.336717593
374	1.89931054	0.645696959	0.842507603	0.907299627	0.337866433
375	1.87762021	0.647597946	0.84295297	0.906978014	0.339002685
376	1.86752203	0.649477272	0.843160316	0.906630441	0.340081686
377	1.87397554	0.651707919	0.842465309	0.906225789	0.341052996
378	1.8891744	0.654425691	0.840898064	0.905712364	0.34195532
379	1.90611797	0.656730671	0.839317088	0.905127848	0.342880455
380	1.91780665	0.657722703	0.838581046	0.904509946	0.343920202
381	1.92424258	0.654498196	0.840007299	0.903696737	0.34519202
382	1.92991482	0.647226914	0.843223716	0.902704548	0.346644879
383	1.93396797	0.639891927	0.846468314	0.90186258	0.348111225
384	1.93554506	0.636477039	0.847978874	0.901500104	0.349423485
385	1.92673814	0.640170608	0.846710975	0.902828045	0.350510912
386	1.90657151	0.648501182	0.843851094	0.90582253	0.351487018
387	1.88545404	0.656904743	0.840966157	0.90884325	0.352455482
388	1.87379696	0.660817117	0.839623041	0.910249582	0.353519966
389	1.87092914	0.659503888	0.841033637	0.909491117	0.354747968
390	1.86871307	0.656540184	0.84421516	0.907779983	0.356084566
391	1.86727923	0.653550515	0.847424557	0.906053857	0.357450415
392	1.86676055	0.65215864	0.848918728	0.905250239	0.358766174
393	1.87128391	0.652585592	0.847692419	0.905275027	0.360005888
394	1.88148354	0.653657408	0.844846545	0.905348597	0.361214387
395	1.89177252	0.655010758	0.841775053	0.905465923	0.362414917
396	1.89656268	0.656282597	0.839871826	0.90562221	0.363630718
397	1.88780998	0.657633484	0.8391026	0.906500595	0.36486096
398	1.86807112	0.659187212	0.838469221	0.908244818	0.36609538
399	1.84815932	0.660472747	0.838038103	0.909959682	0.367345227
400	1.83888915	0.66101891	0.837875983	0.910749766	0.368621758
401	1.83955408	0.660931068	0.838446528	0.910278888	0.369962942
402	1.84138897	0.660679026	0.839733096	0.909143533	0.371354058
403	1.84406846	0.660289892	0.841030935	0.907814378	0.372723397
404	1.84726977	0.659790639	0.841635159	0.906762011	0.373999239
405	1.85419713	0.658049147	0.841258265	0.906095855	0.375142137
406	1.86527434	0.654861953	0.840408039	0.905535877	0.376204847
407	1.87559066	0.651786509	0.839550363	0.904994888	0.377252988
408	1.88023421	0.650380639	0.839151062	0.90438577	0.378352173
409	1.87500743	0.651482251	0.840149109	0.903523248	0.379520867
410	1.86256291	0.65396711	0.8424493	0.902491206	0.380726148
411	1.8483591	0.656473739	0.844894214	0.901622519	0.381959991
412	1.83785468	0.657640729	0.846326234	0.901250106	0.383214378
413	1.83104221	0.657001977	0.846795316	0.901366877	0.384506811
414	1.82473227	0.655560932	0.847169372	0.901679757	0.385837202
415	1.82007591	0.654107262	0.847417711	0.902119506	0.387168189
416	1.81822542	0.653430489	0.847509374	0.902616954	0.388462407
417	1.81934567	0.654762456	0.846959783	0.903475578	0.389704997
418	1.82187277	0.658084553	0.845641899	0.904731032	0.390918445
419	1.82442201	0.66223646	0.844114739	0.905868951	0.392120073
420	1.82560883	0.666057659	0.84293746	0.906374853	0.393327195
421	1.82530638	0.669942976	0.842159323	0.904079379	0.394562225
422	1.82441363	0.674313004	0.84145851	0.898903198	0.395810905
423	1.82298484	0.677892184	0.840879166	0.893681667	0.397034153
424	1.82107401	0.679404539	0.840465553	0.891250723	0.398192883
425	1.80953178	0.678734899	0.840166758	0.893735341	0.399248982
426	1.7864023	0.67722402	0.839911595	0.899339306	0.400236477
427	1.76361713	0.675699904	0.839722863	0.904992369	0.401226136
428	1.75311081	0.674990335	0.839623383	0.907624217	0.402288735
429	1.75557271	0.677550389	0.839590616	0.906202095	0.40352016
430	1.7621662	0.683323293	0.839573487	0.902993718	0.404868133
431	1.77142187	0.689146776	0.83955582	0.899757232	0.406175101
432	1.78187273	0.691857965	0.83952145	0.898250448	0.407283493
433	1.79979477	0.690362619	0.839172512	0.898747115	0.408112708
434	1.82592567	0.686648134	0.838451515	0.899906735	0.408794914
435	1.84958861	0.682043458	0.837736629	0.901173916	0.409489206
436	1.86010434	0.677877186	0.837406113	0.901993559	0.410354668
437	1.85550641	0.673910589	0.837993022	0.902314527	0.411621331
438	1.84513208	0.669603035	0.839316608	0.902535128	0.413223583
439	1.83466685	0.665978457	0.84065179	0.902735315	0.414862854
440	1.82979464	0.664061194	0.8412734	0.90299493	0.416240536
441	1.8309954	0.663502691	0.84111452	0.903313322	0.41725303
442	1.83370615	0.663129337	0.840755859	0.903670827	0.418106478
443	1.83644066	0.662844117	0.840394056	0.904126299	0.418955037
444	1.83771374	0.662550335	0.840225614	0.904738613	0.419952831
445	1.82836922	0.662178973	0.841117109	0.906325592	0.421205167
446	1.80729828	0.661790743	0.84312737	0.908938265	0.422647884
447	1.78604274	0.661483938	0.845155243	0.911391441	0.424181641
448	1.77614697	0.661356855	0.846099343	0.912499675	0.4257071
449	1.77865832	0.66168069	0.845223959	0.910697417	0.427240101
450	1.78432755	0.662568216	0.843249503	0.906500514	0.42882263
451	1.79004646	0.663859098	0.841257749	0.901933729	0.430383771
452	1.79270896	0.665392944	0.840330465	0.899022061	0.43185258
453	1.79143625	0.668626118	0.841205854	0.897732535	0.433221971
454	1.78856474	0.673747404	0.84318031	0.896652385	0.434534001
455	1.78566808	0.678503933	0.845172064	0.895907711	0.435786293
456	1.7843195	0.680642321	0.846099348	0.895625075	0.436976455
457	1.78764093	0.679626929	0.845223959	0.897389403	0.438059022
458	1.79561788	0.677083991	0.843249503	0.90136779	0.439054945
459	1.80488941	0.673884851	0.841257749	0.905381033	0.440067346
460	1.81209396	0.67090053	0.840330465	0.907249444	0.441199365
461	1.81674732	0.667779666	0.841598133	0.905732234	0.442557553
462	1.82081575	0.664218767	0.844457104	0.902309966	0.444086941
463	1.82438722	0.661283101	0.847341123	0.898857714	0.445644131
464	1.8275491	0.660038269	0.848683811	0.897250478	0.447085716
465	1.83073968	0.661639207	0.848309492	0.898559073	0.4483573
466	1.83390063	0.66536434	0.847340139	0.90151078	0.449547829
467	1.83632759	0.669410205	0.846049283	0.904488347	0.450723546
468	1.83731603	0.671973191	0.844710164	0.905874588	0.451950681
469	1.83147447	0.672857706	0.843122569	0.904819849	0.453271534
470	1.81706796	0.673394211	0.841152801	0.902283826	0.454645934
471	1.79943039	0.673945582	0.839222464	0.899331006	0.456016782
472	1.78389715	0.674874361	0.837753294	0.897025792	0.457326978
473	1.76945816	0.678336267	0.836651526	0.895346547	0.458569781
474	1.75392668	0.684451002	0.835633827	0.893724092	0.459776528
475	1.7414742	0.690299868	0.834884144	0.89249601	0.460943156
476	1.73627386	0.692963554	0.834586548	0.892000137	0.462065593
477	1.74030603	0.689975354	0.835549334	0.892305951	0.463107048
478	1.74984705	0.683235774	0.837720416	0.89311688	0.464083565
479	1.7605934	0.676437145	0.83991052	0.894239454	0.465074852
480	1.76824178	0.673271966	0.840930148	0.895480254	0.466160626
481	1.77278524	0.674004072	0.840596844	0.897461573	0.467425928
482	1.77687735	0.675656954	0.83978257	0.900259278	0.468824356
483	1.77984375	0.677324317	0.838805067	0.902766141	0.470234758
484	1.78100909	0.678100578	0.837981875	0.903874678	0.471535973
485	1.77929044	0.677920334	0.837282315	0.903839938	0.472684238
486	1.77501214	0.677513399	0.836560932	0.903738939	0.473756151
487	1.76968427	0.677102899	0.835994866	0.903581861	0.474806331
488	1.76481706	0.676911785	0.835761344	0.903378572	0.475889382
489	1.75994343	0.678968658	0.836340443	0.902712094	0.47702244
490	1.75450413	0.683606636	0.837746247	0.901454271	0.478176274
491	1.75006523	0.688285248	0.839415665	0.90009755	0.479338534
492	1.74819327	0.69046343	0.84078549	0.899134513	0.480496877
493	1.75222868	0.6882702	0.841771171	0.898549554	0.481623246
494	1.76132896	0.683133474	0.842679689	0.898026031	0.482731218
495	1.77050897	0.677473919	0.843497127	0.897648101	0.48387347
496	1.77478283	0.67371224	0.844209464	0.89750004	0.485102686
497	1.77237858	0.671833253	0.84486368	0.897841497	0.486477355
498	1.7669546	0.670217606	0.845477958	0.898611508	0.487969575
499	1.7614831	0.669082595	0.845988333	0.899388264	0.489499768
500	1.75893578	0.668646061	0.846330823	0.899749892	0.490988349
501	1.76633583	0.669536723	0.846556185	0.899237754	0.492423461
502	1.78302324	0.671649912	0.846748358	0.898082738	0.493845332
503	1.79985684	0.674044863	0.846882552	0.896917603	0.495247053
504	1.80769392	0.675780654	0.846933948	0.896375161	0.4966217
505	1.79828528	0.676856293	0.846308064	0.897152855	0.497986181
506	1.77706534	0.677837831	0.844896785	0.898906768	0.499339994
507	1.7556595	0.678555373	0.843473141	0.900676047	0.50064731
508	1.74569376	0.678838811	0.842810348	0.901499755	0.501872292
509	1.75053832	0.678471875	0.843059783	0.901339502	0.502970666
510	1.76146857	0.677644331	0.843622656	0.900900727	0.503980383
511	1.77249458	0.676809536	0.844190461	0.900264709	0.504991774
512	1.77762786	0.676420887	0.844454809	0.899512529	0.50609518
513	1.76793338	0.678264588	0.84437631	0.897961154	0.507364938
514	1.74607074	0.682422039	0.844155008	0.895523475	0.508749976
515	1.72401656	0.686615914	0.843820772	0.893264704	0.510151071
516	1.71374898	0.688568421	0.843403413	0.892250297	0.511468997
517	1.73414128	0.684928485	0.842235408	0.893653933	0.51267174
518	1.78012885	0.676719822	0.840210342	0.896819532	0.513818567
519	1.82651934	0.668439241	0.838282471	0.900012865	0.514942715
520	1.84811696	0.664584122	0.837406273	0.901499558	0.516077405
521	1.84014635	0.66786034	0.837957225	0.900722145	0.517255417
522	1.82076907	0.675250165	0.839200098	0.898968232	0.518452284
523	1.79772403	0.682704735	0.840453859	0.897198953	0.519614023
524	1.77874618	0.686175296	0.841037562	0.896375245	0.520686645
525	1.76332668	0.685766331	0.840129908	0.896697525	0.521641256
526	1.74774116	0.684841867	0.838082931	0.897424757	0.522521162
527	1.73564127	0.683909304	0.83601802	0.898158361	0.52337994
528	1.73068067	0.683475138	0.835056677	0.898499898	0.524271164
529	1.73076294	0.685101783	0.835245677	0.897190927	0.525189044
530	1.73101303	0.688769843	0.835762411	0.89423922	0.526111422
531	1.73141987	0.69247004	0.836509891	0.891261653	0.52707282
532	1.73197379	0.694192709	0.837391359	0.889875412	0.528107771
533	1.73713616	0.691549175	0.839186026	0.889957297	0.529270939
534	1.74792885	0.685587363	0.841992335	0.890190399	0.530543328
535	1.75865604	0.679573317	0.844588979	0.890545122	0.5318452
536	1.76362049	0.676773409	0.845754376	0.890992258	0.533096812
537	1.75903863	0.677976972	0.84509383	0.89233354	0.534254057
538	1.74870411	0.680692651	0.843603658	0.894702253	0.535367141
539	1.73827904	0.683432123	0.842100429	0.896967895	0.536496534
540	1.73342553	0.684707516	0.841400584	0.897999696	0.537702703
541	1.74974347	0.683030307	0.842184935	0.897165229	0.539090887
542	1.78654052	0.67924767	0.843953965	0.895282981	0.540612025
543	1.82365996	0.675431892	0.845738494	0.893384243	0.542086958
544	1.84094134	0.673655413	0.846569302	0.892500263	0.543336504
545	1.82110682	0.675610259	0.845371986	0.893790101	0.544303606
546	1.7763722	0.680019251	0.842671712	0.896699029	0.545128866
547	1.73124565	0.684466872	0.83994778	0.899633443	0.545922255
548	1.71023647	0.686537513	0.838679623	0.900999594	0.546793728
549	1.71513203	0.686482513	0.839173748	0.900835182	0.547775146
550	1.72784097	0.686315925	0.840321621	0.900419576	0.548813458
551	1.74482758	0.686044272	0.841562217	0.899889717	0.549896939
552	1.76256094	0.685673481	0.842334736	0.899382189	0.551013878
553	1.78659368	0.681917306	0.842587728	0.898820672	0.552183296
554	1.81793859	0.674015878	0.842739235	0.898161078	0.553408851
555	1.84524387	0.666152506	0.842893526	0.897610244	0.554652368
556	1.85715499	0.662511546	0.843154762	0.897375067	0.555875662
557	1.84065374	0.663156092	0.844124817	0.89847538	0.557102244
558	1.80341296	0.664856014	0.845834835	0.900956525	0.558343077
559	1.76578073	0.667185001	0.847469684	0.903459408	0.55953474
560	1.74810694	0.669717632	0.848214067	0.904624653	0.560613791
561	1.74786924	0.67356318	0.846680829	0.903638452	0.561521008
562	1.74770224	0.67886665	0.84322318	0.901413978	0.562318467
563	1.74760126	0.683580606	0.839735237	0.899170014	0.563127195
564	1.74756678	0.685657141	0.838111385	0.898125311	0.564068223
565	1.75712551	0.68469953	0.838650495	0.898257805	0.565292855
566	1.77867863	0.682348793	0.839950587	0.898557253	0.566736988
567	1.80042058	0.679499143	0.841471896	0.898859325	0.568190327
568	1.8105428	0.677044482	0.842674971	0.898999958	0.569442553
569	1.80327086	0.674861947	0.843575104	0.898373922	0.570406953
570	1.78617051	0.67256369	0.844454032	0.896962236	0.571233494
571	1.76716776	0.670740598	0.845123385	0.895538182	0.572060349
572	1.75418784	0.669983816	0.845394662	0.894875197	0.573025673
573	1.74758274	0.670042595	0.845313265	0.896772207	0.574282913
574	1.74210701	0.670218891	0.845077519	0.901050043	0.575758568
575	1.73790557	0.670505605	0.84470879	0.905365358	0.577243355
576	1.73512503	0.670895832	0.844228398	0.907374402	0.578527975
577	1.73320889	0.674493655	0.842258856	0.906236676	0.5795487
578	1.73158938	0.682009145	0.83853569	0.903669974	0.580447724
579	1.73046571	0.689477743	0.834915469	0.901080785	0.581315171
580	1.73003729	0.692933898	0.833255208	0.899875359	0.582241139
581	1.73147288	0.692696949	0.83420322	0.900121637	0.583244118
582	1.7347101	0.692056882	0.836439097	0.900677756	0.584280353
583	1.73797568	0.691150904	0.838939032	0.901238747	0.585352165
584	1.73949601	0.690115268	0.840679416	0.901499922	0.586461895
585	1.73938989	0.688258274	0.841485822	0.900341996	0.58763435
586	1.73914957	0.68549832	0.842056619	0.897578355	0.588865123
587	1.73890716	0.682983731	0.842614266	0.894406729	0.590109796
588	1.7387943	0.68186309	0.843381052	0.892025127	0.591323941
589	1.74153883	0.682542068	0.844909909	0.89042796	0.592512713
590	1.74814967	0.684073768	0.847068836	0.888931412	0.593695547
591	1.7558809	0.685618888	0.849003335	0.88781915	0.594844864
592	1.76198575	0.686338236	0.849858774	0.887375122	0.595933074
593	1.76653932	0.685270852	0.848361227	0.889993146	0.596915935
594	1.77098014	0.682863627	0.844983989	0.895896559	0.59782427
595	1.77435969	0.68043531	0.841577161	0.901851694	0.598746552
596	1.77572877	0.67930478	0.839991073	0.904624175	0.599771262
597	1.76574199	0.68051621	0.840253683	0.903904085	0.600968962
598	1.74322287	0.683279025	0.840887098	0.90207462	0.602297012
599	1.72050646	0.686142807	0.841627227	0.899716123	0.603673135
600	1.70993057	0.687657091	0.842210371	0.897408328	0.60501505
601	1.72487961	0.687938482	0.842643353	0.894732116	0.606306824
602	1.7585939	0.688151281	0.843064846	0.8915107	0.607590737
603	1.79260357	0.688286458	0.843385276	0.888792278	0.608866654
604	1.80843716	0.688334631	0.843515002	0.887625334	0.610134423
605	1.79939723	0.687596404	0.843392215	0.888201445	0.611441047
606	1.77812354	0.685931819	0.843066288	0.889578873	0.612773443
607	1.75445044	0.684252651	0.84261428	0.891163713	0.614035198
608	1.73821038	0.683470894	0.842113253	0.892362214	0.615129883
609	1.72997709	0.684331998	0.841305903	0.893178345	0.616010275
610	1.72323786	0.686594897	0.840161122	0.893947231	0.616765813
611	1.71794255	0.689684462	0.839133911	0.894520574	0.617503479
612	1.71404302	0.693025543	0.838679377	0.894749937	0.618330255
613	1.7108828	0.698015843	0.839293043	0.894617195	0.619279075
614	1.70808155	0.704844098	0.840856617	0.894317747	0.620303201
615	1.7060724	0.71089669	0.842885607	0.894015675	0.621395519
616	1.70528867	0.713559391	0.844895472	0.893875042	0.62254893
617	1.71477135	0.709104657	0.847291966	0.894501078	0.623832981
618	1.73615346	0.699058355	0.850218732	0.895912764	0.625242537
619	1.7577229	0.688924033	0.852703384	0.897336818	0.626649065
620	1.7677648	0.684205883	0.853773278	0.897999803	0.627924005
621	1.75883688	0.687793615	0.851325033	0.89764369	0.629011398
622	1.73869941	0.695886421	0.845804022	0.896715688	0.629999989
623	1.71838552	0.704050131	0.840234639	0.895466149	0.630974576
624	1.70892815	0.70785084	0.837641749	0.894145334	0.632019945
625	1.70930425	0.706498571	0.837891711	0.892295105	0.633178648
626	1.71036613	0.70315808	0.838552306	0.889841618	0.634405234
627	1.71195926	0.699061766	0.839458257	0.887691171	0.635654541
628	1.71393181	0.695441308	0.840444989	0.886750272	0.636881413
629	1.71914587	0.692146743	0.841950389	0.888988704	0.638063158
630	1.72804087	0.688651159	0.844031217	0.89403655	0.639226988
631	1.73647333	0.685748773	0.845882199	0.899128622	0.64040159
632	1.74029879	0.684234145	0.846697877	0.901499295	0.641615646
633	1.73975623	0.683759749	0.845608746	0.899925318	0.642894621
634	1.73833428	0.683395429	0.843152435	0.896374714	0.644220334
635	1.73640667	0.683161011	0.840674603	0.892793003	0.645555267
636	1.73434619	0.683076591	0.83952102	0.891125496	0.646861895
637	1.73222817	0.684159093	0.839562399	0.892244352	0.648130529
638	1.72969508	0.686935993	0.839672384	0.894768275	0.649381597
639	1.72648951	0.690582459	0.839823351	0.897314311	0.650620727
640	1.72235406	0.694273361	0.839988006	0.898499647	0.651853537
641	1.71309792	0.698903127	0.840158007	0.897608313	0.653062113
642	1.69859243	0.704707785	0.840366113	0.89559773	0.65424908
643	1.68516208	0.709688051	0.840645802	0.893569532	0.655453711
644	1.67913268	0.711844136	0.841030547	0.892625281	0.656715284
645	1.68436239	0.709597693	0.84187912	0.89322781	0.658057977
646	1.69713693	0.703888511	0.843394039	0.8947015	0.659461567
647	1.71248499	0.696513158	0.84533834	0.896476044	0.660899157
648	1.72543541	0.689268249	0.847474963	0.897981231	0.662343854
649	1.73648391	0.680792895	0.850666898	0.89927889	0.663812144
650	1.74789738	0.670544355	0.854951262	0.900625862	0.665312137
651	1.75686184	0.661879562	0.858723043	0.901686469	0.666799865
652	1.76056199	0.658156348	0.86037688	0.902124877	0.668231347
653	1.75035924	0.663660088	0.857865707	0.9014479	0.669601988
654	1.72726157	0.676576182	0.852138476	0.89969368	0.67093621
655	1.70373485	0.690872776	0.846200219	0.897351855	0.672230351
656	1.69224716	0.700517371	0.843056283	0.894912136	0.673480739
657	1.69142883	0.705531013	0.842466474	0.891623523	0.674669839
658	1.69083361	0.709884035	0.842020162	0.88734596	0.675807675
659	1.69046791	0.712962858	0.841736497	0.883623475	0.67693396
660	1.69034125	0.714152535	0.841635364	0.882000468	0.678088414
661	1.69619411	0.713347575	0.842654323	0.882420298	0.679288184
662	1.70939125	0.711462446	0.844951938	0.883529565	0.680510813
663	1.72270401	0.709386297	0.847269683	0.885054991	0.681737899
664	1.72890192	0.7080082	0.848348736	0.886723643	0.68295104
665	1.72269061	0.707322339	0.847545019	0.889303065	0.684152988
666	1.70850911	0.706733109	0.845635713	0.892890658	0.685351524
667	1.69377062	0.706319419	0.843467301	0.896088811	0.686533815
668	1.68588846	0.706160377	0.841886193	0.897499591	0.687687024
669	1.68429791	0.706535571	0.840892848	0.895413072	0.688801231
670	1.68308832	0.707381656	0.839982396	0.890707453	0.689886438
671	1.68231623	0.708235154	0.839314952	0.885960606	0.690959878
672	1.68203999	0.70863251	0.839050824	0.883750658	0.692038787
673	1.68418307	0.706151221	0.839889275	0.884148414	0.693126539
674	1.68924552	0.700556129	0.841779982	0.885046759	0.694214294
675	1.69493105	0.694912016	0.843687255	0.885952975	0.695302049
676	1.69894275	0.692284334	0.844575208	0.886374874	0.696389804
677	1.70127739	0.692716322	0.843808272	0.886090419	0.697507844
678	1.70336732	0.69383964	0.842078386	0.885448744	0.69864761
679	1.7048763	0.695343843	0.840333343	0.884801446	0.699746888
680	1.70546753	0.696919141	0.839520918	0.88450009	0.700743456
681	1.70421271	0.699071766	0.839645701	0.884702558	0.701574859
682	1.70138297	0.701891061	0.8400034	0.885244155	0.70230155
683	1.69852843	0.704350839	0.840554888	0.88600398	0.703048667
684	1.69719947	0.705424667	0.841261244	0.886861162	0.703941357
685	1.7046676	0.702217531	0.843686473	0.888326575	0.705129723
686	1.72150768	0.694985362	0.84810959	0.890460292	0.706563816
687	1.73849531	0.687689829	0.852374034	0.892391641	0.708061388
688	1.74640409	0.684293309	0.854322733	0.89324975	0.70944017
689	1.73468358	0.687824249	0.852825513	0.892862829	0.710627315
690	1.70825079	0.695788113	0.849448274	0.891912416	0.711733283
691	1.68158641	0.703821751	0.846041447	0.890758937	0.712844352
692	1.66917251	0.707561903	0.844455359	0.889762687	0.714046779
693	1.67786638	0.706384685	0.845368098	0.888933358	0.71543875
694	1.69747772	0.703600562	0.847427212	0.888098359	0.716963485
695	1.71726088	0.700472047	0.849504367	0.887374934	0.718469862
696	1.72647116	0.698260905	0.85047141	0.886880408	0.719806747
697	1.7223242	0.696968998	0.849491402	0.886554556	0.72092714
698	1.71183553	0.695811153	0.847240413	0.886273709	0.721936387
699	1.6984077	0.694974526	0.844867549	0.886076103	0.72290523
700	1.68544179	0.694646559	0.843521938	0.88600002	0.723904391
701	1.67084239	0.698574176	0.843140793	0.886274574	0.724929962
702	1.65353587	0.707430395	0.84284211	0.887011223	0.725950848
703	1.63902608	0.716364207	0.84264659	0.88804999	0.727003743
704	1.6328184	0.720523445	0.842575207	0.889230836	0.728125355
705	1.64208383	0.716489016	0.843129359	0.891305278	0.729432679
706	1.66297958	0.707389366	0.844378907	0.894361649	0.730884878
707	1.6840584	0.698209992	0.845639402	0.897138636	0.732270134
708	1.69387189	0.693936429	0.84622624	0.89837464	0.733376595
709	1.68353565	0.70014834	0.843960478	0.895737882	0.734123127
710	1.66022282	0.714157866	0.838851229	0.889791691	0.734696941
711	1.63670575	0.728290134	0.833697216	0.883793403	0.735282232
712	1.6257571	0.734869574	0.831297706	0.881000831	0.736063179
713	1.64633296	0.727307703	0.835281154	0.883352537	0.73734661
714	1.69273488	0.710252733	0.84426467	0.888657053	0.739085182
715	1.73954335	0.693048338	0.853326893	0.894008044	0.74091107
716	1.76133557	0.685038635	0.857545915	0.896499259	0.742456397
717	1.75415397	0.688686487	0.855845362	0.896134267	0.743613546
718	1.73711714	0.696997144	0.852008115	0.895169689	0.744617605
719	1.71784552	0.705582053	0.848137249	0.893844696	0.74559722
720	1.70395525	0.710053896	0.846335123	0.892397825	0.746680991
721	1.69545682	0.71078985	0.846575946	0.890173107	0.747920729
722	1.68773304	0.71134234	0.84718211	0.887086611	0.749254223
723	1.68210117	0.711691077	0.847949404	0.884337534	0.750643899
724	1.67988023	0.7118147	0.848674081	0.883125352	0.752052192
725	1.68094804	0.710402668	0.849451962	0.884737626	0.753514498
726	1.68335712	0.707218738	0.850351524	0.888373786	0.755039896
727	1.68578731	0.704006912	0.851097616	0.892041804	0.756543481
728	1.68691871	0.70251161	0.851415004	0.893749492	0.757940326
729	1.68560299	0.704489784	0.850216051	0.892251206	0.759200902
730	1.68226599	0.709182196	0.847512439	0.888871716	0.7603826
731	1.67797018	0.714496807	0.844785141	0.885462617	0.761527482
732	1.67377812	0.718341412	0.843515415	0.883875472	0.762677602
733	1.66958305	0.720713549	0.844299597	0.883918296	0.763832734
734	1.66487878	0.722875185	0.846068627	0.884033436	0.764973842
735	1.66023499	0.724454039	0.847853155	0.884193647	0.766118507
736	1.65622165	0.725077352	0.848683963	0.884372143	0.767284318
737	1.65312288	0.723323057	0.847791368	0.884617646	0.768475443
738	1.65049779	0.719367078	0.845653537	0.884954859	0.76968322
739	1.64783969	0.71537644	0.843183446	0.885312901	0.770907015
740	1.64464189	0.713518552	0.841294096	0.885620869	0.772146195
741	1.63953562	0.71551443	0.839975754	0.885845211	0.773416124
742	1.63296426	0.720015993	0.838722632	0.886033251	0.774713284
743	1.62726879	0.724556997	0.837783194	0.886233648	0.776006678
744	1.62479055	0.726671113	0.837406119	0.886495058	0.777265305
745	1.63462678	0.726271636	0.838494171	0.886896154	0.778475584
746	1.656984	0.725181764	0.840947751	0.887434922	0.77965676
747	1.67998183	0.723610164	0.843422828	0.888034059	0.780826129
748	1.69173749	0.721764992	0.844575129	0.88861625	0.782000987
749	1.69311321	0.718699946	0.844521508	0.889272181	0.78316129
750	1.69390046	0.714044815	0.84439983	0.890011889	0.784304789
751	1.69456203	0.709000377	0.844277087	0.890618459	0.785479609
752	1.69555785	0.704767755	0.844219942	0.890874927	0.786733881
753	1.69765702	0.701100889	0.845610735	0.890601205	0.788142836
754	1.70059243	0.697425134	0.848746742	0.889865893	0.789673374
755	1.70321398	0.694584378	0.851910225	0.888827423	0.791205826
756	1.70437141	0.693422873	0.85338302	0.887644231	0.792620508
757	1.69376397	0.697611023	0.852362291	0.885548362	0.793893786
758	1.66984346	0.707055225	0.849947812	0.88244945	0.795097288
759	1.64570831	0.716582169	0.84723059	0.879630638	0.796247002
760	1.63445998	0.721017548	0.84530151	0.878375366	0.797358893
761	1.6344386	0.720913484	0.844162302	0.879797905	0.798406931
762	1.63442569	0.72061227	0.843138074	0.883006282	0.799394948
763	1.6344179	0.720148447	0.842396461	0.886242768	0.800388602
764	1.63441525	0.719555266	0.842105342	0.887749552	0.801453564
765	1.64167949	0.717740269	0.842301572	0.887579251	0.802616762
766	1.65855094	0.714420753	0.842830369	0.887194246	0.803847743
767	1.67680777	0.710975899	0.843580521	0.886805868	0.805128555
768	1.68822591	0.708785244	0.844440842	0.886625054	0.806441254
769	1.69298448	0.70777292	0.84600263	0.886625	0.807815618
770	1.69692431	0.706927084	0.848335892	0.886625	0.809254584
771	1.69961714	0.706345041	0.850465179	0.886625	0.810694568
772	1.70063283	0.706124427	0.851414817	0.886625	0.812071968
773	1.68712076	0.707443467	0.851081587	0.885353871	0.813400342
774	1.65665305	0.710708133	0.850171076	0.882487721	0.814708103
775	1.62591839	0.714731771	0.848853844	0.87959646	0.815946639
776	1.61160952	0.718327386	0.847300269	0.8782504	0.817067316
777	1.61746496	0.721769511	0.844135165	0.879429962	0.818016958
778	1.6309212	0.725525837	0.839184715	0.882129348	0.818851698
779	1.64510846	0.728558771	0.834603795	0.884949986	0.81968997
780	1.6531594	0.729830341	0.832547771	0.886493331	0.820650214
781	1.6554475	0.729113103	0.835923601	0.886854083	0.821856776
782	1.65724124	0.727495059	0.843536801	0.887131596	0.823245886
783	1.65841578	0.725862838	0.851216703	0.887310473	0.824648674
784	1.6588447	0.72510294	0.854792169	0.887374983	0.825896258
785	1.65291559	0.726799094	0.852403893	0.887299112	0.826944615
786	1.63954635	0.730624103	0.847016393	0.887127998	0.827901252
787	1.62605997	0.734482624	0.841581692	0.886955386	0.828815853
788	1.61978124	0.736279003	0.839051505	0.886875024	0.82973808
789	1.62959517	0.731303014	0.840640999	0.886912944	0.830684149
790	1.6517279	0.720081914	0.844226697	0.886998501	0.83162693
791	1.67405454	0.708762502	0.847843812	0.887084807	0.832553338
792	1.68444897	0.70349262	0.849527801	0.887124988	0.833450292
793	1.66835217	0.707466035	0.847510114	0.886840419	0.834277853
794	1.63205004	0.716428852	0.84295949	0.886198744	0.835055003
795	1.59542986	0.725470194	0.838368996	0.885551446	0.835861131
796	1.57838091	0.729679495	0.836231839	0.88525009	0.836775637
797	1.58624202	0.728006436	0.837586351	0.885401777	0.837905768
798	1.60397875	0.724231186	0.840641948	0.885744003	0.839212022
799	1.62187088	0.72042286	0.843724316	0.886089229	0.840547365
800	1.63020076	0.71864985	0.845159347	0.886249952	0.841764744
801	1.62304983	0.721741867	0.84487072	0.885650794	0.842808267
802	1.60692029	0.728714956	0.844172737	0.884183294	0.843770558
803	1.59064943	0.735749138	0.843352375	0.882410122	0.844721893
804	1.58307434	0.739023982	0.842696272	0.880894082	0.84573253
805	1.59156403	0.734125603	0.842193894	0.879566091	0.846840803
806	1.61156361	0.723024757	0.841698722	0.878177435	0.848007625
807	1.63388131	0.711691445	0.841319603	0.877079825	0.84918842
808	1.64932501	0.706096241	0.841165456	0.876625128	0.850338618
809	1.65789448	0.705607374	0.843066801	0.878541179	0.851412402
810	1.66546301	0.705249801	0.847379878	0.882861793	0.852443712
811	1.67087885	0.705029105	0.85179568	0.887220261	0.853509663
812	1.67298818	0.704952357	0.854004645	0.889249396	0.854687377
813	1.66550432	0.707858402	0.854239959	0.888851586	0.856096198
814	1.64862836	0.714411016	0.854413191	0.887953241	0.857688887
815	1.63160455	0.721021038	0.854520698	0.887047025	0.85928447
816	1.62367892	0.72409841	0.854558261	0.886625126	0.860701952
817	1.62405312	0.723926482	0.85295349	0.887042386	0.861871677
818	1.62498147	0.72345377	0.84933502	0.887983509	0.862917928
819	1.62611738	0.72276818	0.845684848	0.888932879	0.86394426
820	1.62711648	0.721956751	0.843985468	0.889374868	0.86505421
821	1.6277888	0.72027729	0.845005293	0.889308073	0.866295445
822	1.62834774	0.717634896	0.847305942	0.889121761	0.867613939
823	1.62904849	0.715185499	0.849626748	0.888844756	0.868963773
824	1.63014624	0.714085293	0.850707226	0.888505768	0.870299039
825	1.63597341	0.715603128	0.850350221	0.887772391	0.871629652
826	1.64722984	0.719173891	0.849437354	0.88655312	0.872973816
827	1.65822927	0.723147253	0.848246914	0.885279677	0.874292712
828	1.66328415	0.725872733	0.84705698	0.884383899	0.875547507
829	1.65106005	0.727351972	0.845741918	0.883839653	0.876733856
830	1.62349368	0.728650656	0.844182904	0.883356814	0.877875701
831	1.59568579	0.72957622	0.842708445	0.883010275	0.878973898
832	1.58273951	0.729935725	0.841647159	0.882875037	0.880029297
833	1.59551978	0.72880568	0.840919658	0.883582163	0.881013266
834	1.62434551	0.726089265	0.840271523	0.88524526	0.881937524
835	1.65342378	0.72292605	0.839805064	0.887095444	0.88286735
836	1.66696151	0.720455854	0.839622691	0.888363646	0.883868032
837	1.6642162	0.71865532	0.841661708	0.889007924	0.884977704
838	1.6572322	0.71691526	0.846266848	0.889537362	0.886163349
839	1.64821293	0.715597976	0.850931047	0.88995063	0.887384504
840	1.63935859	0.71506604	0.853146646	0.890246237	0.888600712
841	1.62901476	0.716309732	0.853214201	0.890431901	0.889798691
842	1.61651581	0.719114349	0.85326249	0.890557103	0.891000845
843	1.60595154	0.721943539	0.853291825	0.890683102	0.892218413
844	1.60141283	0.7232607	0.853301884	0.890871154	0.89346263
845	1.60888791	0.721000073	0.853182735	0.891332613	0.894808283
846	1.62574572	0.715901911	0.8528506	0.892046454	0.896230282
847	1.64275123	0.710759083	0.852355893	0.892704848	0.897581326
848	1.65066833	0.708364781	0.851749061	0.892999914	0.898714086
849	1.63902746	0.712257029	0.850235566	0.892516348	0.899564144
850	1.61277422	0.721034902	0.847698315	0.891369652	0.900263531
851	1.58629097	0.729889681	0.845304165	0.890071659	0.900956117
852	1.57396139	0.734012125	0.844220243	0.889134266	0.901785765
853	1.58660973	0.733830805	0.844439189	0.888558126	0.902854072
854	1.61562661	0.733303052	0.845037132	0.888033753	0.90410378
855	1.64612784	0.732478511	0.845900778	0.887651051	0.905440815
856	1.66322895	0.731405654	0.846917087	0.887500041	0.906771102
857	1.6678046	0.727389327	0.84888891	0.887748377	0.908077719
858	1.67136895	0.719764811	0.851948855	0.88837886	0.909409652
859	1.67369071	0.711947607	0.854871417	0.889192053	0.910765632
860	1.67453509	0.707354084	0.856430799	0.889988489	0.91214437
861	1.66947043	0.705738212	0.856819846	0.890913958	0.91355843
862	1.65805011	0.704445661	0.857117773	0.892029152	0.915005929
863	1.64652973	0.703585423	0.857309044	0.892970637	0.91646219
864	1.64116629	0.703267313	0.857377802	0.893374884	0.91790253
865	1.64142222	0.703371815	0.856466761	0.892635089	0.919356023
866	1.6420029	0.703663704	0.85422337	0.890966733	0.920825863
867	1.64258867	0.704099186	0.851484577	0.88928376	0.922242586
868	1.64286138	0.704634523	0.849087588	0.888500233	0.92353671
869	1.64057643	0.705504096	0.846887295	0.889467576	0.924656159
870	1.63463465	0.706951172	0.844534871	0.891649272	0.925663846
871	1.6266549	0.708917966	0.842654476	0.893850082	0.926663835
872	1.61825664	0.711346616	0.841870522	0.894874695	0.927760195
873	1.6066293	0.716602508	0.843068402	0.894135089	0.929005382
874	1.59130074	0.724872862	0.84576989	0.892466733	0.930348226
875	1.5778943	0.732539403	0.848495046	0.89078376	0.931739973
876	1.57203466	0.735983063	0.849763773	0.890000233	0.933131874
877	1.58537504	0.730771403	0.849623228	0.890132805	0.934577822
878	1.61545883	0.719017844	0.849235622	0.890432253	0.936085373
879	1.64580619	0.707161309	0.848668909	0.890734325	0.937524977
880	1.65993475	0.701641363	0.847990705	0.890874958	0.938767049
881	1.65191723	0.705465869	0.846511103	0.890832574	0.93974663
882	1.63300224	0.714093093	0.844138281	0.890718926	0.940578487
883	1.61183991	0.722795903	0.841926619	0.890559046	0.941400564
884	1.59707861	0.726847596	0.840930743	0.890377932	0.942350803
885	1.58872476	0.725163004	0.842485978	0.890168627	0.943532547
886	1.5813062	0.721361857	0.845993391	0.88988835	0.944879041
887	1.57597818	0.717527407	0.849531533	0.889510671	0.946272388
888	1.57389795	0.715742235	0.851178755	0.88900917	0.947594686
889	1.58125253	0.716787693	0.849802027	0.887616105	0.948810493
890	1.59875503	0.719146194	0.846696667	0.885252384	0.949985912
891	1.6187202	0.72152536	0.8435641	0.883014776	0.951149643
892	1.63346111	0.722633008	0.842105697	0.882000298	0.952330368
893	1.64194529	0.721106442	0.84245541	0.882153847	0.953525666
894	1.64896931	0.717502015	0.843401731	0.8825812	0.954723238
895	1.65507065	0.713459574	0.844750784	0.883214687	0.955939791
896	1.66078537	0.710619115	0.846309025	0.883986893	0.957192042
897	1.66704258	0.708982645	0.849217027	0.885843813	0.95849137
898	1.67343645	0.707521974	0.853611336	0.888921146	0.959828998
899	1.67842926	0.70646937	0.857635699	0.891815865	0.96119145
900	1.68048315	0.706057473	0.859433438	0.893124616	0.96256525
901	1.67433243	0.708021693	0.85776674	0.892163294	0.963963164
902	1.66046245	0.712450881	0.854007476	0.889879517	0.965388236
903	1.64647096	0.716918875	0.850215276	0.887285663	0.966809565
904	1.63995706	0.718999001	0.848449773	0.885394019	0.968196244
905	1.64388147	0.716664494	0.849185765	0.88420512	0.969567848
906	1.65273464	0.711399236	0.850846468	0.883115296	0.97093409
907	1.66166537	0.706087847	0.852521721	0.882316292	0.972244028
908	1.66582317	0.703615069	0.853301655	0.882000087	0.973446704
909	1.66089357	0.704398611	0.852937483	0.88365057	0.974497075
910	1.64963924	0.70638863	0.85208833	0.887372287	0.975445684
911	1.63794366	0.708953573	0.851162576	0.891126611	0.976386687
912	1.63169059	0.711462389	0.850568487	0.89287448	0.977414244
913	1.63043122	0.714369144	0.85032067	0.892267894	0.97855401
914	1.62947362	0.717866464	0.850130262	0.890898986	0.979765193
915	1.62886245	0.720817142	0.849982029	0.889518085	0.981047477
916	1.62864381	0.722083661	0.849860824	0.888875191	0.982400558
917	1.6356935	0.721613346	0.849768964	0.889785659	0.983881074
918	1.65158931	0.720348177	0.849701697	0.891839021	0.985485018
919	1.66762439	0.718559066	0.849631369	0.893910372	0.987114001
920	1.6750897	0.716516696	0.849530318	0.894874713	0.988669614
921	1.67090043	0.712873099	0.849353184	0.894865534	0.990136345
922	1.66144942	0.707469441	0.849093041	0.894839081	0.991566411
923	1.6519156	0.702549507	0.84878257	0.894799545	0.992956412
924	1.64747703	0.700357597	0.84845446	0.894750832	0.994302928
925	1.64779159	0.702195351	0.848017362	0.894665216	0.995580137
926	1.64851086	0.706340571	0.847472556	0.894521556	0.996800047
927	1.64925407	0.710522109	0.847006219	0.894336932	0.998019118
928	1.64964166	0.712468872	0.846804569	0.894128435	0.99929382
929	1.6497061	0.710628046	0.848005439	0.893844917	1.00067529
930	1.64975451	0.706476033	0.850713298	0.893470075	1.00212641
931	1.64978508	0.702287644	0.853444882	0.893080871	1.00356964
932	1.64979592	0.700337691	0.854716603	0.892754293	1.00492742
933	1.64959554	0.703791125	0.852909803	0.892467628	1.00617356
934	1.64899694	0.71157926	0.848834966	0.892183006	1.00735726
935	1.64802394	0.71943563	0.844724428	0.891964204	1.00851081
936	1.64670035	0.723093253	0.84281072	0.891875025	1.00966648
937	1.63469843	0.722653635	0.84380868	0.892311358	1.0107978
938	1.60966045	0.721464271	0.846129243	0.89329526	1.0118976
939	1.58478539	0.719772326	0.848643881	0.894287782	1.01303353
940	1.57327551	0.717824	0.850224324	0.894749863	1.01427323
941	1.58217239	0.714231425	0.850893517	0.894067005	1.01569233
942	1.60224084	0.708829328	0.851449203	0.892526985	1.01725641
943	1.62248511	0.703889539	0.851829844	0.890973471	1.01886458
944	1.63191006	0.701684404	0.851973646	0.890250215	1.02041595
945	1.62798809	0.705354458	0.851153463	0.890265944	1.02191226
946	1.61913847	0.713631172	0.849304023	0.890313719	1.02340019
947	1.61021132	0.721980402	0.847438379	0.890391654	1.02483718
948	1.60605518	0.725867481	0.846569807	0.890498076	1.02618064
949	1.60643253	0.724273943	0.847018618	0.891591922	1.02740092
950	1.60728618	0.720678214	0.848031183	0.893895269	1.02853633
951	1.6081473	0.717050982	0.849052619	0.896187998	1.02964657
952	1.60854821	0.715362283	0.84952816	0.897249685	1.03079132
953	1.60575644	0.716412394	0.848758276	0.896320368	1.03196518
954	1.59946128	0.718781324	0.847022018	0.894224229	1.03314293
955	1.59311096	0.72117101	0.845270547	0.892109725	1.03436052
956	1.5901545	0.722283556	0.84445513	0.891125293	1.03565391
957	1.59864647	0.715995413	0.846951212	0.891542386	1.03711067
958	1.61779623	0.701816119	0.852579944	0.892483509	1.03869955
959	1.63711375	0.687512596	0.85825799	0.893432879	1.04027029
960	1.64610725	0.680853427	0.860901469	0.893874868	1.04167262
961	1.63808194	0.686770383	0.857779898	0.893628363	1.04285575
962	1.61998039	0.700116445	0.850739584	0.893072244	1.04392457
963	1.60172024	0.713579436	0.843637588	0.892511253	1.04495628
964	1.59321901	0.719847286	0.840331172	0.892250078	1.04602801
965	1.5938933	0.719371421	0.84047347	0.892781218	1.04715292
966	1.59576378	0.71813578	0.840864331	0.893979012	1.04829258
967	1.59851692	0.716490735	0.841429138	0.8951873	1.04945191
968	1.60184154	0.714784936	0.842094215	0.895749833	1.05063585
969	1.60720144	0.713090326	0.84309914	0.895695062	1.05182952
970	1.61573826	0.711144571	0.844613045	0.895539534	1.05303613
971	1.62647369	0.708814259	0.846423809	0.895303025	1.05429013
972	1.63842888	0.705966033	0.848319218	0.895005155	1.05562599
973	1.65662248	0.700777341	0.850798353	0.894117522	1.05710719
974	1.68108268	0.693355618	0.853865228	0.892552617	1.05871188
975	1.70262909	0.686676815	0.856482463	0.891056449	1.06034162
976	1.71207937	0.683717458	0.857612458	0.890375201	1.06189796
977	1.70695214	0.685042475	0.857410477	0.891608185	1.06333607
978	1.69380202	0.688434455	0.856890549	0.894388778	1.06471648
979	1.67655456	0.692868325	0.856205661	0.897193733	1.06609597
980	1.65913414	0.697319481	0.855508534	0.898499611	1.06753135
981	1.63739404	0.702794567	0.854622136	0.896811486	1.06906024
982	1.6102089	0.709589904	0.853503007	0.893004212	1.07064881
983	1.58690909	0.715396666	0.852540174	0.889163582	1.07224689
984	1.57682734	0.717905433	0.852122762	0.887375532	1.07380428
985	1.58709372	0.716681868	0.853219294	0.88817289	1.07529491
986	1.61071093	0.713548423	0.855742144	0.890063174	1.07675011
987	1.63569718	0.709449466	0.85841315	0.89219942	1.07820476
988	1.65007034	0.705329009	0.859953927	0.893734947	1.07969371
989	1.65442366	0.700244601	0.860426497	0.894668501	1.08124262
990	1.65786121	0.693923785	0.86080022	0.895515289	1.08282927
991	1.6601255	0.688518958	0.861046688	0.896131952	1.08441651
992	1.66095619	0.686183064	0.861137194	0.896374934	1.0859672
993	1.6585312	0.688821897	0.860505167	0.89591967	1.08747176
994	1.65306282	0.694773469	0.859049907	0.89489299	1.08895087
995	1.64754653	0.700777185	0.857506163	0.893857314	1.09041081
996	1.64497836	0.703572284	0.856608859	0.893375143	1.09185785
997	1.64901584	0.702136085	0.856324354	0.893766119	1.09329357
998	1.66025415	0.697873957	0.85609867	0.894887217	1.09471502
999	1.67695596	0.691003944	0.855949878	0.896619828	1.09612199
1000	1.69738359	0.681743645	0.855896226	0.898845382	1.09751427
