kimg	g_loss	d_loss	real_sign_proxy	fake_sign_proxy	ada_p
0	0.752099663	1.89158764	0.5	0.28125	0
1	3.21230436	1.29621909	0.650409973	0.532187131	0.00124722587
2	5.39936123	0.780316224	0.784127228	0.754455067	0.00261291224
3	6.95357738	0.420270785	0.883388433	0.912010244	0.00406897686
4	7.55608804	0.282428634	0.932948985	0.972983515	0.00560677974
5	7.55614785	0.311808161	0.949824819	0.971197682	0.00726650112
6	7.55583146	0.378137685	0.962710531	0.967133748	0.00905577405
7	7.55530216	0.445048654	0.970959803	0.963034189	0.0109115027
8	7.55456017	0.476200217	0.973918411	0.961125568	0.0127705761
9	7.19338665	0.44180094	0.973830532	0.964141512	0.0146486986
10	6.38015149	0.364215263	0.973574081	0.970943254	0.016571126
11	5.56000511	0.285949469	0.973173058	0.97780462	0.0184814813
12	5.17821215	0.249511471	0.972650726	0.980999049	0.0203233672
13	5.19371619	0.258541625	0.97125634	0.980456181	0.0221038969
14	5.22893168	0.280687749	0.968494529	0.978992025	0.0238502216
15	5.26445588	0.307455536	0.964854633	0.97691652	0.0255301808
16	5.28099481	0.330358783	0.96082622	0.974538813	0.0271115982
17	5.26792489	0.346403732	0.955956265	0.971161526	0.028606918
18	5.23016298	0.360477701	0.949738599	0.966332912	0.0300382214
19	5.17124145	0.375561748	0.942675358	0.960836442	0.0313835918
20	5.09469137	0.394635967	0.93526893	0.95545587	0.0326211012
21	4.85045262	0.420670458	0.927595966	0.950758811	0.0338294425
22	4.38187061	0.453882523	0.919282766	0.946216044	0.0350132534
23	3.85009616	0.493057355	0.910187543	0.940960955	0.0360277398
24	3.41632745	0.536979972	0.900168593	0.934126918	0.0367280757
25	3.06592787	0.602582246	0.886098492	0.920122749	0.0371169234
26	2.71813446	0.68834151	0.868639181	0.899302894	0.0373801179
27	2.45081076	0.763112252	0.853721238	0.880332275	0.0376373871
28	2.3418632	0.795742881	0.847276288	0.871877467	0.0380084311
29	2.41260828	0.781067558	0.852195681	0.872747701	0.0387920695
30	2.57219553	0.747955807	0.8632923	0.874715501	0.0399381081
31	2.73318174	0.714553797	0.874486192	0.876700551	0.0410164882
32	2.80813157	0.69900293	0.879697696	0.877624725	0.0415970802
33	2.80148056	0.717467805	0.870251832	0.872787189	0.0417307404
34	2.78286456	0.759113466	0.848949483	0.861878732	0.0418104114
35	2.75510832	0.801124173	0.827460407	0.850874657	0.0418796326
36	2.72101614	0.820682958	0.81745581	0.845751526	0.0419818365
37	2.63531104	0.818652692	0.821693698	0.852845456	0.0421420053
38	2.49128078	0.813208271	0.831256148	0.868844526	0.0423499114
39	2.355284	0.805569496	0.840902418	0.884983837	0.0425971523
40	2.29369473	0.796950934	0.845393399	0.892497762	0.0428753278
41	2.3721197	0.782210893	0.845077406	0.892215423	0.0432954427
42	2.54899575	0.760744662	0.844157786	0.891573749	0.0438487634
43	2.72742222	0.741313157	0.842716717	0.89092645	0.0443325281
44	2.81049164	0.732679295	0.840835128	0.89062509	0.0445439354
45	2.70974758	0.746189088	0.833233706	0.891080323	0.0444728182
46	2.48253071	0.777523248	0.818738625	0.892107002	0.044298372
47	2.25332218	0.811310845	0.804220597	0.893142679	0.0440873033
48	2.14661032	0.832179233	0.796552041	0.893624856	0.0439062795
49	2.15625169	0.838762533	0.79530086	0.890786728	0.0437840996
50	2.17806301	0.842597606	0.794656734	0.883556968	0.0436809606
51	2.20006553	0.846588058	0.794019571	0.874176177	0.0435627231
52	2.21030916	0.853634573	0.792790891	0.864885663	0.0433952536
53	2.1425265	0.887854922	0.7845102	0.853813143	0.0430234633
54	1.98968101	0.951979537	0.768196485	0.840293817	0.0424316244
55	1.83549575	1.01420382	0.752185144	0.828817806	0.0418100271
56	1.76371223	1.0427161	0.744813505	0.823876417	0.0413490034
57	1.79477516	1.0317209	0.752731088	0.827688333	0.0411007271
58	1.86486512	1.00690954	0.770588843	0.836286764	0.0409265948
59	1.93556944	0.981880699	0.788603131	0.844960565	0.0407398654
60	1.96848702	0.970228104	0.796989984	0.848998797	0.0404538224
61	1.92908719	0.981637499	0.788469433	0.845376385	0.0397552206
62	1.83955981	1.00737161	0.769251378	0.837205737	0.0386049393
63	1.74757435	1.03333129	0.749864868	0.828963468	0.0373565764
64	1.70080293	1.04541726	0.740839154	0.825126143	0.0363638082
65	1.69472043	1.04352766	0.743435107	0.825172681	0.035688737
66	1.69020726	1.03850082	0.749588133	0.825315746	0.0351110555
67	1.68738729	1.03152318	0.75653344	0.825549495	0.0345829293
68	1.68639619	1.02377817	0.761508121	0.825869212	0.0340565839
69	1.7236691	1.01201295	0.764051195	0.828917393	0.0334961056
70	1.80771388	0.995524874	0.765981037	0.835538025	0.0329322752
71	1.89249535	0.979824761	0.767780481	0.842722282	0.0324177984
72	1.93196678	0.970424785	0.769931889	0.847460511	0.0320053818
73	1.92876613	0.967118222	0.772559315	0.849478189	0.0316535341
74	1.91984083	0.965030781	0.775467516	0.850921735	0.0313220217
75	1.90660663	0.963127921	0.778687749	0.85220005	0.031074819
76	1.89046847	0.960376333	0.782251346	0.853721454	0.030975926
77	1.85849164	0.954647677	0.787315898	0.85602221	0.0309758987
78	1.80587071	0.946533704	0.793659927	0.85878912	0.0309758987
79	1.74782494	0.939255842	0.79910095	0.861123034	0.0309758987
80	1.69957794	0.936035989	0.80145609	0.862124713	0.0309758987
81	1.66436135	0.951386876	0.794094033	0.858319601	0.030681151
82	1.63318057	0.987328683	0.777290342	0.849459494	0.029934813
83	1.6038141	1.02692104	0.759831351	0.839818493	0.0289763422
84	1.57404284	1.05321973	0.750505041	0.833671597	0.0280452839
85	1.53802409	1.06633297	0.748638335	0.83094926	0.0270414045
86	1.49841709	1.07760371	0.747219548	0.828668939	0.0258737724
87	1.46632139	1.08551925	0.746314376	0.827096843	0.0248298409
88	1.45283806	1.08856304	0.745990649	0.826500159	0.0241971552
89	1.48080135	1.07914582	0.748834617	0.829696636	0.0239364198
90	1.54745281	1.05679407	0.755636784	0.837225763	0.0237601164
91	1.62371976	1.03144002	0.763477862	0.845628963	0.0236098883
92	1.68052467	1.01301797	0.769437766	0.851446827	0.02342745
93	1.71344089	1.00353605	0.772793842	0.85426571	0.0231457833
94	1.74055031	0.996473726	0.775391848	0.856411504	0.022807514
95	1.76463642	0.989552562	0.778008399	0.858298123	0.0225223461
96	1.78847754	0.980495703	0.781419687	0.860338841	0.0223999933
97	1.81629451	0.965481244	0.787694237	0.863045807	0.0224950637
98	1.84573671	0.94564789	0.796305746	0.866085818	0.0227314835
99	1.86942296	0.926433237	0.803947018	0.868573826	0.0230252467
100	1.87997127	0.913275622	0.807310345	0.869624702	0.023292354
101	1.8808118	0.906476459	0.805780846	0.869131733	0.023498378
102	1.88120867	0.901538642	0.80232988	0.868019498	0.0236914829
103	1.88159881	0.897096406	0.798848664	0.866897514	0.0239086362
104	1.88241664	0.891785057	0.797227926	0.866375156	0.0241867978
105	1.89560701	0.885406645	0.799641569	0.868048826	0.0245998341
106	1.92467213	0.878531065	0.805379637	0.872218366	0.0251604925
107	1.95603528	0.870848169	0.811909105	0.877418918	0.0258089102
108	1.9761161	0.862047548	0.81669668	0.882185275	0.0264852102
109	1.9852157	0.849611979	0.819701852	0.886989926	0.0272229674
110	1.9928557	0.83389358	0.822435154	0.89237039	0.028051988
111	1.99813188	0.81917452	0.824479984	0.896768224	0.0288973746
112	2.00013688	0.809737749	0.825419171	0.898624473	0.0296842044
113	1.99848954	0.804758463	0.825618945	0.89807811	0.030481832
114	1.99392416	0.800588469	0.825767406	0.896649465	0.0313085699
115	1.98718134	0.797714271	0.825860216	0.894716527	0.0319973734
116	1.97900162	0.796623563	0.825892849	0.892656918	0.0323811554
117	1.95985376	0.802653769	0.823903196	0.890100498	0.032527408
118	1.92839785	0.816970498	0.818970471	0.88682158	0.0326344619
119	1.89887956	0.83322124	0.812871683	0.883492198	0.0327113717
120	1.88554786	0.845051909	0.807384432	0.880784594	0.0327671373
121	1.88560875	0.852457995	0.802058384	0.878521737	0.0328036734
122	1.88580575	0.8592382	0.796206216	0.876331036	0.032826762
123	1.88613248	0.86420507	0.791465464	0.874670958	0.032852001
124	1.88658643	0.8661697	0.789474248	0.874000186	0.0328949905
125	1.89930106	0.858457577	0.791439301	0.874645039	0.0330389833
126	1.9272687	0.841066797	0.796175812	0.876099496	0.0333201359
127	1.95534902	0.823523543	0.801719475	0.877566706	0.033675548
128	1.9683978	0.815355904	0.806105946	0.878249796	0.0340422978
129	1.96696452	0.818144708	0.809391594	0.878231028	0.0344440779
130	1.96358708	0.824438563	0.812601318	0.87818825	0.034914333
131	1.95983584	0.830787613	0.815046354	0.878145097	0.0353964033
132	1.9572777	0.833743552	0.81603746	0.878125006	0.0358336067
133	1.95590992	0.82961606	0.814716268	0.879780632	0.0361980312
134	1.9547138	0.819864188	0.811736543	0.8837966	0.0365272591
135	1.95386361	0.808912521	0.808730687	0.888559029	0.0368615785
136	1.95353397	0.801186047	0.807331244	0.892453541	0.0372412742
137	1.95887142	0.797350989	0.807392553	0.895573325	0.0376932109
138	1.97202846	0.794460816	0.807573922	0.898707413	0.0382010317
139	1.98812234	0.79180713	0.807863002	0.901132464	0.0387404743
140	2.0022688	0.788682311	0.808247844	0.902124723	0.0392872768
141	2.0153676	0.783995681	0.810387755	0.901409549	0.0398499706
142	2.02943103	0.778318861	0.814631104	0.899660819	0.0404384743
143	2.04069604	0.773516003	0.818801775	0.897555933	0.0410273848
144	2.04539813	0.771451473	0.820723114	0.895772238	0.0415912901
145	2.03612102	0.771886389	0.820188772	0.894237413	0.0421151341
146	2.01519945	0.772868397	0.818982621	0.892645654	0.0426160275
147	1.9940944	0.773859018	0.817765892	0.891392866	0.0431165593
148	1.98426849	0.774320223	0.817199417	0.890875145	0.0436393179
149	2.00289108	0.772061782	0.817628717	0.892165065	0.0441747939
150	2.04488902	0.766969003	0.818733262	0.89507398	0.044716567
151	2.08725527	0.761831562	0.820189985	0.898008406	0.0452951229
152	2.1069798	0.759439714	0.821675858	0.899374593	0.045940956
153	2.10061174	0.759466829	0.823574838	0.897743447	0.0467413552
154	2.08623938	0.759529576	0.825978752	0.894064525	0.0476764946
155	2.07174098	0.759592874	0.828049084	0.890353339	0.0486079589
156	2.06499094	0.759622343	0.82894711	0.888625515	0.0493973108
157	2.06670078	0.759203869	0.828662082	0.889250912	0.0500096582
158	2.07056078	0.758037633	0.828018801	0.890815278	0.0505419348
159	2.07445463	0.75630119	0.827369879	0.892778288	0.0510463524
160	2.07626749	0.754172204	0.827067759	0.894599942	0.0515751036
161	2.07521865	0.749751273	0.82714099	0.896133915	0.0521065851
162	2.07285244	0.742383529	0.827348348	0.897670273	0.0526233188
163	2.07046548	0.734349886	0.827663251	0.899295077	0.0531911134
164	2.06935418	0.727931898	0.828059186	0.901094312	0.053875798
165	2.07355815	0.722891131	0.829224038	0.903621553	0.0548876869
166	2.08303827	0.718002576	0.831270915	0.906723492	0.0561998729
167	2.09260152	0.714294298	0.833226258	0.909362225	0.057502254
168	2.0970539	0.712794974	0.834116279	0.910499673	0.0584846741
169	2.08283214	0.717020375	0.831766428	0.908906391	0.0590933017
170	2.05076104	0.726549002	0.826467251	0.905313024	0.0595655807
171	2.0184087	0.736161191	0.821121601	0.901688145	0.0600098693
172	2.00334635	0.740636357	0.818632817	0.900000503	0.0605344763
173	2.00411626	0.74058125	0.818691641	0.900173138	0.0611767
174	2.00638316	0.74041015	0.818868723	0.900664215	0.0618895604
175	2.00997984	0.740127292	0.819154942	0.901412843	0.0626599583
176	2.01474337	0.739735591	0.819541905	0.902358589	0.0634748079
177	2.03909864	0.731544729	0.822503006	0.90524471	0.0643888073
178	2.08683425	0.713680014	0.828589997	0.910363959	0.06540214
179	2.13363203	0.695772807	0.83461896	0.915265856	0.0664118953
180	2.15516786	0.687456918	0.837405187	0.917499341	0.0673151407
181	2.14134378	0.694129978	0.834198697	0.916854968	0.0680683851
182	2.11015803	0.709182379	0.826966643	0.91540051	0.0687438673
183	2.07869878	0.724366785	0.819671166	0.913933297	0.0694091504
184	2.06405224	0.731436218	0.816274597	0.913250204	0.070131789
185	2.064499	0.727077269	0.818839009	0.914027833	0.0709576632
186	2.06582329	0.716777737	0.824623681	0.915781738	0.0718482244
187	2.0679316	0.705215775	0.830459083	0.917551024	0.0727444905
188	2.0707347	0.697068782	0.833175882	0.918374754	0.0735874799
189	2.08598326	0.692764185	0.83310537	0.9179839	0.0743396394
190	2.11613152	0.689260913	0.83294455	0.916996137	0.0750419099
191	2.1457443	0.686371647	0.832782319	0.915733358	0.0757528255
192	2.15938263	0.683909986	0.832706789	0.914517326	0.0765309195
193	2.15417475	0.681503348	0.83325527	0.913156238	0.0774712768
194	2.14242257	0.679196905	0.834492069	0.911547744	0.078529898
195	2.13056733	0.677459494	0.835739713	0.910200966	0.0795496884
196	2.12504786	0.676760034	0.836320582	0.909625165	0.0803735343
197	2.12569889	0.677875446	0.835879234	0.909817395	0.0809482544
198	2.12752892	0.680390981	0.834883666	0.91035174	0.0814052544
199	2.13027638	0.682928576	0.833879367	0.911143631	0.0818584525
200	2.13368116	0.684110009	0.833411794	0.912108608	0.0824217509
201	2.14273207	0.677793357	0.835177603	0.914424688	0.083201512
202	2.15819832	0.663549396	0.839159572	0.918260679	0.0841547732
203	2.17286678	0.649180521	0.843176462	0.921868464	0.0851685796
204	2.17952266	0.642490776	0.845046612	0.92349952	0.0861299683
205	2.17342131	0.643952086	0.844778974	0.922665252	0.0869914047
206	2.15965921	0.647251634	0.844174229	0.920783013	0.0878187552
207	2.14577643	0.650580118	0.843564181	0.918884266	0.088665408
208	2.13931299	0.652129767	0.84328016	0.918000264	0.0895847416
209	2.15100181	0.648767992	0.843886309	0.919422866	0.0906245376
210	2.17736279	0.64118662	0.84525328	0.922631228	0.0917576475
211	2.20395496	0.633538762	0.84663224	0.925867728	0.0929237935
212	2.21633552	0.629978133	0.847274245	0.927374551	0.0940626948
213	2.2097521	0.632865809	0.846184696	0.927110953	0.0951569099
214	2.19489907	0.639379505	0.843727485	0.926422964	0.0962391012
215	2.17991579	0.645950325	0.841248725	0.925496005	0.0973211033
216	2.17293999	0.649009514	0.840094684	0.924515128	0.0984147422
217	2.1773396	0.648068014	0.840674386	0.923137144	0.0995117796
218	2.18726478	0.645673696	0.842122081	0.921307251	0.100609284
219	2.19727701	0.642580938	0.843934067	0.919702524	0.101729162
220	2.20193842	0.639543487	0.845606808	0.919000203	0.102893327
221	2.19854527	0.636459906	0.847075528	0.920252122	0.104133327
222	2.19089106	0.632970064	0.848589751	0.923075481	0.1054337
223	2.18316972	0.629518335	0.850081436	0.9259236	0.106743751
224	2.17957489	0.626549304	0.851482444	0.927249605	0.108012778
225	2.18201526	0.623787128	0.852986259	0.926911635	0.109257109
226	2.18811216	0.621028837	0.85457713	0.926055226	0.110496549
227	2.19575112	0.61890165	0.855842012	0.92495625	0.11167904
228	2.20281801	0.618032983	0.856367776	0.923890288	0.112752505
229	2.21008069	0.61933462	0.854819328	0.922678082	0.113667528
230	2.21829406	0.622270175	0.851322168	0.921233668	0.114478217
231	2.22503796	0.625231475	0.847781025	0.920019997	0.115290022
232	2.22789146	0.626610173	0.846100973	0.919500149	0.116208399
233	2.22200839	0.624079599	0.846052888	0.920998752	0.117297539
234	2.20874105	0.618372582	0.846018558	0.924378227	0.118510484
235	2.19535736	0.612615516	0.845997712	0.92778734	0.119787379
236	2.18912629	0.609935188	0.845990568	0.929374527	0.121068369
237	2.19292927	0.610866976	0.84746921	0.928805854	0.12236081
238	2.20150863	0.612969828	0.850803347	0.927522509	0.1236912
239	2.21016324	0.615091121	0.854166723	0.926227909	0.125022188
240	2.21419258	0.616078736	0.855732616	0.92562518	0.126316407
241	2.21354731	0.614902488	0.855554779	0.92636489	0.127542758
242	2.21208961	0.612084376	0.855152728	0.928033239	0.128728317
243	2.21061912	0.608826065	0.854747152	0.929716218	0.129923764
244	2.2099345	0.606329283	0.854558327	0.930499766	0.131179782
245	2.21241532	0.604925882	0.854829787	0.929551423	0.132528496
246	2.21887729	0.603854481	0.855462944	0.927412514	0.133942219
247	2.22757841	0.602736868	0.85615429	0.925254848	0.135382317
248	2.23677616	0.60119499	0.856600288	0.924250299	0.136810155
249	2.24966145	0.598481119	0.856757977	0.924876061	0.1382097
250	2.2667487	0.594621846	0.856850002	0.926287741	0.13960316
251	2.28172574	0.590456077	0.856951801	0.9277118	0.141007947
252	2.28827893	0.586822869	0.85713876	0.928374802	0.142441468
253	2.28156005	0.583438026	0.858998495	0.927559218	0.143922914
254	2.26527992	0.57995312	0.862843935	0.925719747	0.14543993
255	2.24602533	0.577220865	0.866657353	0.923864152	0.146961662
256	2.23038323	0.576094272	0.86842053	0.923000257	0.148457252
257	2.21801859	0.579269588	0.866555874	0.923284581	0.14992751
258	2.20566792	0.586430026	0.862350256	0.923926256	0.151386779
259	2.19614137	0.593653198	0.858107791	0.924573554	0.152821691
260	2.1922507	0.597016028	0.856132663	0.92487491	0.154218869
261	2.20236156	0.59640391	0.857462327	0.924613612	0.155547165
262	2.22516202	0.594874465	0.860461789	0.923970983	0.156823445
263	2.24816225	0.592961904	0.863487529	0.923188774	0.158109282
264	2.25887027	0.591199618	0.864896197	0.922508725	0.159466258
265	2.25548302	0.589822789	0.86449707	0.921892761	0.160921523
266	2.24783825	0.58852023	0.86359617	0.921238412	0.162444976
267	2.2401265	0.587022139	0.862687376	0.920717036	0.164014347
268	2.23653621	0.585058759	0.862264277	0.920500061	0.165607373
269	2.24028643	0.580981922	0.863341272	0.921676268	0.167251681
270	2.24874486	0.574897834	0.86576997	0.924328527	0.168951319
271	2.25727739	0.569347537	0.868219948	0.927004022	0.170643137
272	2.26124981	0.566872557	0.869360563	0.928249629	0.172263972
273	2.25875851	0.56934006	0.869182593	0.928098223	0.173774009
274	2.2531106	0.574905428	0.868780541	0.927755997	0.175217239
275	2.24734316	0.580519557	0.868374966	0.927410771	0.176655911
276	2.24449285	0.583133279	0.868186146	0.927250048	0.178152277
277	2.24429215	0.58256826	0.868755782	0.927989911	0.179724627
278	2.24419716	0.581127131	0.870078345	0.929658267	0.181342001
279	2.24410271	0.579257401	0.87150813	0.93134124	0.182995937
280	2.24390441	0.577405972	0.87239931	0.932124767	0.184677984
281	2.23904668	0.575200242	0.872766607	0.930688582	0.186424973
282	2.22848355	0.572507624	0.873070093	0.927426411	0.188231938
283	2.21790155	0.57022216	0.873277208	0.92407698	0.190022224
284	2.21298866	0.569238126	0.873355242	0.922379239	0.191719158
285	2.21425945	0.573373198	0.870912209	0.922166079	0.193313155
286	2.21712813	0.582769181	0.865336633	0.922008153	0.194848556
287	2.22002194	0.592427493	0.859543765	0.921909605	0.196324233
288	2.22136919	0.597348524	0.856449608	0.921875009	0.197739039
289	2.21843321	0.598003109	0.855830676	0.921995516	0.199045661
290	2.21181224	0.598489292	0.855360278	0.922314647	0.200263875
291	2.20513326	0.598793336	0.855060181	0.922755781	0.201499382
292	2.20202378	0.598900273	0.854952858	0.92324227	0.202857901
293	2.20670855	0.590767444	0.858673095	0.924013535	0.204468493
294	2.21727389	0.572429426	0.867061573	0.925098981	0.206265283
295	2.2279318	0.553930742	0.875523545	0.926070498	0.208054549
296	2.23289371	0.545318468	0.879463114	0.926499875	0.209642552
297	2.22996419	0.5525063	0.877140079	0.925996843	0.21095523
298	2.22335535	0.568719252	0.871899442	0.924796257	0.212127978
299	2.21668862	0.58507425	0.86661289	0.923418974	0.213274437
300	2.21358484	0.592688507	0.864151676	0.922385881	0.214508231
301	2.22145279	0.588284	0.864522721	0.921694694	0.21586715
302	2.23919558	0.57834758	0.865413687	0.921047588	0.217294689
303	2.25709382	0.568324104	0.866444966	0.920566891	0.218768269
304	2.26542656	0.563657559	0.867237574	0.920375053	0.220265327
305	2.25196867	0.564116644	0.867796291	0.92257576	0.22181361
306	2.22161814	0.565154923	0.868329384	0.92753805	0.223417376
307	2.1910017	0.566202299	0.868729933	0.932543815	0.225013271
308	2.17674787	0.566689917	0.868890933	0.934874307	0.226537926
309	2.17758366	0.566096124	0.868401181	0.934113674	0.227962704
310	2.1797423	0.56475691	0.867173373	0.932316773	0.229328781
311	2.18258527	0.563405962	0.865624368	0.930302244	0.230675743
312	2.18547802	0.562777013	0.864171128	0.928888266	0.232043175
313	2.18915301	0.564760646	0.862633095	0.928075794	0.233418021
314	2.19379086	0.569233776	0.860867383	0.927351157	0.23478598
315	2.1977803	0.573746096	0.859407663	0.926829225	0.236189959
316	2.19950967	0.575846858	0.85878777	0.926625055	0.237672878
317	2.1987597	0.575410197	0.859037211	0.927402855	0.239281276
318	2.19706752	0.574263183	0.859715056	0.929156768	0.240991079
319	2.19536052	0.572701087	0.860688129	0.930926047	0.242737224
320	2.19456581	0.571018686	0.861823361	0.931749755	0.244454644
321	2.19914605	0.568631139	0.863827918	0.930776015	0.246119269
322	2.20958052	0.565417007	0.866870107	0.928532331	0.247767775
323	2.22037401	0.562464655	0.869912152	0.92614941	0.249423607
324	2.22603007	0.560862714	0.871916018	0.924758022	0.251110206
325	2.22700899	0.560382802	0.872982055	0.924308147	0.252870442
326	2.22774603	0.560011289	0.873889622	0.923950017	0.254682351
327	2.22821243	0.559770592	0.874522691	0.923712573	0.256468626
328	2.22837812	0.55968343	0.874764973	0.923625023	0.258151948
329	2.21403941	0.563423602	0.872617121	0.923871637	0.25969657
330	2.18170831	0.571857016	0.867773985	0.924427756	0.261156346
331	2.14909394	0.580364318	0.862888417	0.924988747	0.262586405
332	2.13390994	0.584324991	0.860613884	0.925249922	0.264041871
333	2.15079609	0.579712824	0.862796786	0.924810561	0.265522702
334	2.18888126	0.569310621	0.867720332	0.923699011	0.267003801
335	2.22730011	0.558817282	0.872687016	0.922274105	0.268507574
336	2.24518645	0.553931987	0.874999312	0.920894729	0.270056442
337	2.24430858	0.556392213	0.874964989	0.919332906	0.271681109
338	2.24201701	0.561942825	0.874866529	0.917476117	0.273365275
339	2.23895035	0.567542068	0.874718116	0.915917458	0.275058895
340	2.23574213	0.570148859	0.874533254	0.915250191	0.276711919
341	2.23219565	0.568126609	0.874024749	0.916483185	0.278292849
342	2.22789528	0.563208209	0.873147322	0.919263778	0.279834419
343	2.22322326	0.557349035	0.872313042	0.922068733	0.281382639
344	2.21856203	0.552504305	0.871934074	0.923374611	0.282983518
345	2.2142564	0.548535664	0.87350483	0.923292703	0.284660357
346	2.21002611	0.544509899	0.877046835	0.923059601	0.286388053
347	2.20530459	0.54137842	0.880619871	0.922704878	0.288141091
348	2.19952524	0.540093144	0.88228334	0.922257742	0.28989396
349	2.18950204	0.545427068	0.880918223	0.92091646	0.291659983
350	2.17572643	0.557454847	0.877787159	0.918547747	0.293447162
351	2.16349687	0.569588005	0.874498173	0.916282105	0.295218025
352	2.15811277	0.575236736	0.872659226	0.915250304	0.296935087
353	2.16158868	0.572628642	0.872174207	0.916767445	0.298565046
354	2.16942968	0.566275846	0.871796931	0.920331911	0.300136951
355	2.17733939	0.55868951	0.871551471	0.924287121	0.301707942
356	2.18102184	0.55237991	0.871462287	0.926976325	0.303335162
357	2.17892654	0.547150277	0.872141857	0.928403211	0.305075561
358	2.17419959	0.54181776	0.873674207	0.929648541	0.306889381
359	2.16943122	0.537658227	0.875219982	0.930532502	0.308686389
360	2.16721125	0.535948211	0.875939636	0.930874907	0.310376344
361	2.16730544	0.541616454	0.874580126	0.930606666	0.311899916
362	2.1675193	0.554398324	0.871514212	0.929890928	0.313323538
363	2.16773504	0.56729218	0.868421437	0.92889047	0.314745587
364	2.16783548	0.573295063	0.86698156	0.927768051	0.316264439
365	2.16610905	0.573153807	0.867520634	0.926073025	0.317949481
366	2.16221624	0.572797398	0.868737108	0.923677021	0.319744462
367	2.15828932	0.57235265	0.869964239	0.921294876	0.321559142
368	2.1564611	0.571944633	0.870535544	0.919641613	0.323303279
369	2.15719052	0.57164144	0.87025042	0.918632921	0.324956185
370	2.15918114	0.57136653	0.869607136	0.917748767	0.326567483
371	2.16205624	0.57103018	0.868958217	0.917119353	0.328147202
372	2.16543944	0.570542672	0.868656105	0.916875066	0.329705357
373	2.17152046	0.569134191	0.868882995	0.917409099	0.33121711
374	2.18087681	0.566693086	0.86940552	0.918652625	0.332685868
375	2.19042022	0.564200301	0.869959608	0.920005747	0.334168153
376	2.19706161	0.562637003	0.870281206	0.920868463	0.335720497
377	2.20106166	0.561933758	0.870360029	0.921250545	0.337376687
378	2.20458041	0.561350884	0.870401764	0.92157059	0.339106373
379	2.20709148	0.56095219	0.87044637	0.921791234	0.340870586
380	2.20806768	0.560801725	0.870533752	0.921874978	0.342630359
381	2.20216848	0.561213299	0.872209527	0.921252883	0.34436712
382	2.18886634	0.562141409	0.875821153	0.919725645	0.346104043
383	2.17544765	0.56307765	0.879432893	0.917871886	0.347863771
384	2.16920043	0.563513528	0.881108525	0.916270401	0.349668945
385	2.17890601	0.563087996	0.880738277	0.914838097	0.35156933
386	2.2007944	0.56212821	0.879795636	0.913325674	0.353542772
387	2.22287456	0.561160016	0.878576386	0.912124258	0.355499597
388	2.23315424	0.560709262	0.877375922	0.91162514	0.357350125
389	2.22320849	0.561398175	0.875964191	0.912151364	0.359039174
390	2.20077585	0.562951845	0.874252437	0.913452981	0.360630996
391	2.17814668	0.564519128	0.872803566	0.9150547	0.362214517
392	2.1676114	0.565248794	0.872180629	0.916481206	0.363878661
393	2.16890495	0.56468598	0.872823171	0.917837518	0.365684546
394	2.17211378	0.563416456	0.874272379	0.919312655	0.367578903
395	2.17606776	0.562135808	0.875734285	0.920501769	0.369479071
396	2.17959953	0.561539588	0.876414892	0.920999859	0.371302388
397	2.18275771	0.564540178	0.874952154	0.919558123	0.373018648
398	2.18606495	0.571306329	0.871653505	0.916306967	0.374677628
399	2.18895569	0.57813176	0.868325955	0.913027328	0.376313372
400	2.1908641	0.581309418	0.866776777	0.911500454	0.377959917
401	2.19202205	0.577655151	0.868951685	0.912258883	0.379626872
402	2.19300391	0.569413352	0.873856722	0.913970017	0.381295949
403	2.19368679	0.561099344	0.878804734	0.915696143	0.382961084
404	2.19394759	0.557228663	0.881108337	0.916499761	0.384616218
405	2.18553251	0.56203714	0.879465889	0.915228871	0.386248839
406	2.16655797	0.572881924	0.87576094	0.912362721	0.387865357
407	2.14741719	0.583821723	0.87202353	0.90947146	0.389489196
408	2.13850598	0.588914872	0.870283537	0.9081254	0.391143784
409	2.14087007	0.586192743	0.871391226	0.908997715	0.392858692
410	2.14620662	0.580051451	0.873890018	0.91096552	0.394615737
411	2.15158992	0.573856354	0.876410703	0.912950565	0.396364952
412	2.15409618	0.570972155	0.877584237	0.913874725	0.398056368
413	2.14644282	0.571141174	0.877266716	0.913849802	0.399665302
414	2.12918428	0.571629479	0.876433324	0.913775939	0.401224128
415	2.11177454	0.572386854	0.87529919	0.913658548	0.402767333
416	2.10366924	0.573363891	0.874079184	0.913502775	0.4043294
417	2.10508335	0.576960336	0.872284646	0.912681845	0.4059116
418	2.10902736	0.583617854	0.869847251	0.911065904	0.407497901
419	2.11489259	0.590059507	0.867692363	0.909480209	0.409099711
420	2.12207237	0.593007575	0.866745557	0.908750216	0.410728444
421	2.1397625	0.590140993	0.867106611	0.911216369	0.412398975
422	2.16930613	0.583675442	0.867921336	0.916777556	0.414102791
423	2.19715495	0.577153245	0.868743198	0.922387465	0.415815311
424	2.20975749	0.574116761	0.869125826	0.924999223	0.417511953
425	2.18562007	0.577902017	0.868549834	0.92169886	0.419200429
426	2.1311865	0.586439077	0.867250826	0.914255426	0.420889906
427	2.07627601	0.595050932	0.865940437	0.906746777	0.422554819
428	2.05071181	0.59906028	0.86533037	0.90325104	0.424169597
429	2.05902796	0.596364729	0.865425269	0.90600095	0.425708837
430	2.07779642	0.590284093	0.865687352	0.912203812	0.427194055
431	2.09672932	0.584150184	0.866071709	0.918461019	0.428671178
432	2.10554374	0.581294472	0.866533582	0.921374133	0.430186134
433	2.10247252	0.582275004	0.867562259	0.919895178	0.431763621
434	2.09554158	0.584487831	0.869223914	0.916558467	0.433376613
435	2.08854993	0.586720045	0.87077589	0.913192521	0.434994305
436	2.08529488	0.587759278	0.871475359	0.911625466	0.436585896
437	2.10394664	0.584953836	0.871424981	0.912478743	0.438148996
438	2.14600495	0.578627407	0.871279311	0.914403769	0.4396988
439	2.18843174	0.572245551	0.87105284	0.916345661	0.44122849
440	2.20818402	0.569274404	0.870759864	0.917249731	0.442731239
441	2.19499848	0.572727624	0.869649635	0.916358313	0.44417409
442	2.16525439	0.580515959	0.867582298	0.91434773	0.445570491
443	2.1352497	0.588372531	0.865579198	0.912319532	0.446986943
444	2.12128068	0.592030248	0.864661925	0.911375281	0.448489956
445	2.12224967	0.590283224	0.864833065	0.91238052	0.450133508
446	2.12444395	0.58634157	0.865299935	0.914647773	0.451880452
447	2.12665744	0.582365381	0.865973068	0.91693489	0.453659657
448	2.12768796	0.580514221	0.866763217	0.917999683	0.455399984
449	2.12564676	0.581181186	0.86833965	0.916332331	0.45711085
450	2.12013465	0.582926511	0.870785723	0.912397715	0.458822535
451	2.11228797	0.585291358	0.873043876	0.907990068	0.460487717
452	2.10324331	0.587817242	0.874056308	0.904903823	0.462059054
453	2.08650102	0.590823783	0.871983596	0.903140805	0.463513048
454	2.06128582	0.594631033	0.867273806	0.901571013	0.464886903
455	2.03821716	0.59870396	0.862433308	0.900441599	0.466223437
456	2.02791693	0.602507322	0.85996883	0.90000012	0.467565464
457	2.03133448	0.606510703	0.85964362	0.900061053	0.468910107
458	2.03938716	0.610832975	0.859402161	0.900237279	0.470238714
459	2.04836565	0.614304647	0.859251206	0.90051205	0.471574581
460	2.05456256	0.615755933	0.859198127	0.900868722	0.472941017
461	2.05765648	0.613237031	0.860169998	0.902271186	0.474352449
462	2.06011478	0.607449693	0.86236141	0.904901643	0.475795213
463	2.06214478	0.601343055	0.864572022	0.907454702	0.47725069
464	2.06395311	0.597866636	0.865601198	0.908624654	0.478700257
465	2.06545619	0.597043159	0.864959592	0.907771257	0.48010489
466	2.06665697	0.596564064	0.863512204	0.905846231	0.481484139
467	2.06792279	0.596115893	0.862052135	0.903904339	0.482910688
468	2.06962109	0.595385821	0.861372383	0.903000269	0.484457229
469	2.07284071	0.593362628	0.863691139	0.904081408	0.486245362
470	2.07743699	0.590132945	0.868919942	0.906519774	0.488227137
471	2.08182562	0.587126605	0.874194556	0.908979504	0.490211959
472	2.08442203	0.585773698	0.876650213	0.910124659	0.492009213
473	2.08546552	0.588453959	0.874889608	0.908834899	0.493549651
474	2.08630498	0.594605907	0.870733443	0.905925971	0.494959738
475	2.08686616	0.601082379	0.866076278	0.902991557	0.496335127
476	2.08707438	0.604735768	0.862812487	0.901625406	0.497771447
477	2.07901846	0.605744054	0.860944101	0.90263052	0.499292393
478	2.06085378	0.606532004	0.859279485	0.904897773	0.500849283
479	2.04252996	0.607046623	0.858081368	0.90718489	0.502434568
480	2.0339991	0.607234169	0.857612909	0.908249683	0.504040714
481	2.03419481	0.605987963	0.859070474	0.906921955	0.505691278
482	2.03468904	0.603177899	0.862357289	0.90392747	0.507383977
483	2.03530634	0.600343215	0.865672901	0.90090675	0.509068807
484	2.03587377	0.599023495	0.867216522	0.899500418	0.510695754
485	2.03627564	0.600982096	0.865830612	0.90047964	0.512229267
486	2.03662393	0.605399248	0.862704618	0.902804412	0.513704912
487	2.03708698	0.6098551	0.859551237	0.905441025	0.515179647
488	2.03783314	0.611929573	0.858083144	0.907355885	0.516710428
489	2.04716409	0.610264694	0.859683854	0.908548063	0.518354458
490	2.066917	0.606509321	0.863294131	0.909637571	0.520072144
491	2.08659997	0.602721047	0.866936039	0.910434803	0.521772884
492	2.09571847	0.600957372	0.868631571	0.910749914	0.523366065
493	2.07971175	0.60398188	0.867494532	0.90928915	0.524797874
494	2.04361358	0.610802745	0.86492959	0.905995217	0.52613388
495	2.00719915	0.617683369	0.862342177	0.902672424	0.527461788
496	1.99024599	0.620886722	0.861137576	0.90112546	0.528869301
497	1.99745116	0.618279422	0.862241475	0.901412849	0.530391134
498	2.01370879	0.612398313	0.864789535	0.902121315	0.531982847
499	2.03010886	0.606465678	0.867506256	0.902985462	0.53361675
500	2.03774409	0.603703672	0.86911615	0.903740265	0.535265166
501	2.03773679	0.604305824	0.869669123	0.904352492	0.536941382
502	2.03770749	0.605716446	0.870112932	0.904955152	0.538655219
503	2.03765859	0.607267796	0.870409096	0.905513605	0.540369649
504	2.03759019	0.608292768	0.870518839	0.905993162	0.54204763
505	2.03117748	0.608689717	0.868987968	0.906447411	0.543683119
506	2.01682414	0.608937904	0.865536084	0.906894309	0.545295682
507	2.00236508	0.609199536	0.862053957	0.907236089	0.546884246
508	1.99563721	0.609636707	0.860432813	0.907374961	0.548447731
509	1.9962942	0.610907262	0.860967258	0.90627462	0.549969667
510	1.9980761	0.613207966	0.862173414	0.903793475	0.551456173
511	2.00061821	0.615948937	0.863390138	0.901290592	0.55294212
512	2.00355765	0.618540131	0.863956598	0.900125347	0.554462389
513	2.00784565	0.621317801	0.863664071	0.900544242	0.556030661
514	2.01408786	0.624458583	0.863004099	0.901559929	0.55762808
515	2.02126424	0.627037236	0.862338344	0.902761545	0.559242028
516	2.02835436	0.628128259	0.862028394	0.903738445	0.560859893
517	2.03660065	0.624898968	0.863069895	0.904511825	0.562491255
518	2.04614452	0.617616841	0.865418487	0.905284827	0.564139282
519	2.05406287	0.610270914	0.867787656	0.905881286	0.565779379
520	2.05743197	0.606850933	0.868890649	0.906124932	0.567386949
521	2.04601113	0.607692164	0.868740199	0.905802475	0.568940893
522	2.02025718	0.609591272	0.868344708	0.905075243	0.57045938
523	1.9942776	0.611507018	0.867806106	0.904341639	0.571977309
524	1.9821825	0.612398915	0.867226039	0.904000102	0.573529581
525	1.98851712	0.611676225	0.866423426	0.904777855	0.575148105
526	2.00280857	0.6100461	0.865350601	0.906531768	0.576808842
527	2.01722524	0.608401693	0.864340611	0.908301047	0.578461715
528	2.02393709	0.60763612	0.863726588	0.909124755	0.580056643
529	2.0158302	0.609631927	0.863503881	0.90908226	0.581571975
530	1.99754625	0.6141326	0.863370171	0.908957877	0.583039437
531	1.97910211	0.618672704	0.863238392	0.908761943	0.584487479
532	1.97051523	0.620786401	0.863021551	0.90850456	0.585944548
533	1.98123804	0.618830088	0.862346039	0.907334732	0.58740773
534	2.00542168	0.61441756	0.861216715	0.905083315	0.588864831
535	2.02981719	0.609966373	0.860151883	0.902885136	0.590333272
536	2.04117481	0.607894071	0.859669953	0.901875299	0.59183048
537	2.03900127	0.610065855	0.860463118	0.903373794	0.593375596
538	2.03325943	0.614964198	0.862251871	0.906753284	0.594956226
539	2.02537112	0.619905457	0.864056296	0.910162383	0.596541559
540	2.01675541	0.622205916	0.864896367	0.911749528	0.598100785
541	2.00596568	0.620383408	0.864814657	0.911489589	0.599622479
542	1.99180474	0.61627246	0.864578072	0.910777261	0.601124403
543	1.97635621	0.612125494	0.864209159	0.909743883	0.602618308
544	1.96170449	0.610194827	0.863730235	0.908520395	0.60411594
545	1.94588372	0.615656808	0.861844993	0.905983928	0.605613882
546	1.92849239	0.627973814	0.858308292	0.901990737	0.607107724
547	1.91440119	0.640398733	0.854875486	0.898288547	0.60860921
548	1.90848202	0.646183297	0.853302351	0.896625487	0.610130086
549	1.91595653	0.643530339	0.855311328	0.897763324	0.61170437
550	1.9334794	0.637227212	0.859842229	0.900330026	0.613317506
551	1.95282984	0.630070609	0.864412826	0.902919215	0.614905002
552	1.96578642	0.624856321	0.86654072	0.904124641	0.616402356
553	1.97238886	0.621586075	0.864961469	0.903423033	0.617775471
554	1.97809323	0.618590407	0.861399134	0.901840234	0.61907092
555	1.98211408	0.616395091	0.857805589	0.900243568	0.620344142
556	1.98366412	0.615526537	0.856132573	0.899500221	0.621650571
557	1.98217185	0.61674156	0.857034386	0.899594482	0.623001695
558	1.97829365	0.619703214	0.859068922	0.899848509	0.624369402
559	1.97309235	0.623247929	0.861121283	0.900207868	0.625753122
560	1.96763081	0.626212001	0.862076783	0.900618317	0.627152298
561	1.96011538	0.628695412	0.861506479	0.901352032	0.62854223
562	1.95023788	0.63123993	0.860219912	0.902441097	0.62993063
563	1.94160873	0.633229848	0.858922073	0.903432936	0.631368734
564	1.93783923	0.634049147	0.858317849	0.903874871	0.632907786
565	1.94639336	0.630560196	0.860634878	0.903763705	0.634643453
566	1.96568374	0.622692771	0.865859736	0.903470608	0.636539985
567	1.98514312	0.614756417	0.871130371	0.903068918	0.638443918
568	1.99420266	0.611061556	0.873584176	0.902631876	0.640201769
569	1.98877309	0.614084505	0.871481668	0.901967238	0.641750067
570	1.9760249	0.620903149	0.866739272	0.901049943	0.643189241
571	1.96190855	0.627781533	0.861955327	0.900234401	0.644606691
572	1.9523735	0.630983844	0.859728106	0.899875104	0.646089801
573	1.94819105	0.630888013	0.860157645	0.900482106	0.64768837
574	1.94522758	0.630669783	0.861222283	0.901851014	0.649351029
575	1.94247015	0.630449642	0.86253425	0.903231915	0.651014697
576	1.93890689	0.630347152	0.863706312	0.903874809	0.652616295
577	1.93271843	0.630499028	0.864827678	0.903445328	0.654153751
578	1.92462577	0.630906828	0.866051045	0.902370943	0.655659201
579	1.91756924	0.631482415	0.867038677	0.901021622	0.65711566
580	1.91448958	0.632137635	0.867452713	0.899767268	0.658506126
581	1.91898714	0.633294513	0.865745371	0.898465019	0.65977625
582	1.92939997	0.635002685	0.861895379	0.896984674	0.66095519
583	1.94058242	0.636555778	0.858011657	0.89576631	0.66215693
584	1.94738836	0.637247261	0.856203545	0.895250147	0.663495469
585	1.94997336	0.634754263	0.857624096	0.896976459	0.665091376
586	1.9520797	0.629132578	0.860828377	0.900869289	0.666883669
587	1.95350201	0.623461641	0.864060731	0.904796226	0.668708972
588	1.95403373	0.620821471	0.86556559	0.906624456	0.670403898
589	1.95185889	0.623200048	0.864287596	0.906188642	0.671902498
590	1.94695474	0.628565051	0.861404958	0.90520474	0.673306712
591	1.94200761	0.633977058	0.858497063	0.904212218	0.674699376
592	1.93970442	0.63649668	0.85714326	0.903750137	0.676163312
593	1.94659245	0.632550877	0.858498005	0.904717576	0.677739195
594	1.96212518	0.623652163	0.861553602	0.906899272	0.679381546
595	1.977794	0.614675485	0.86463597	0.909100082	0.681046062
596	1.98508879	0.61049629	0.866071002	0.910124695	0.682688441
597	1.97064195	0.61332651	0.86563505	0.9080191	0.684322591
598	1.9380622	0.619820724	0.86463278	0.903270702	0.685964953
599	1.90519702	0.626648055	0.863575646	0.898480703	0.687569321
600	1.88989626	0.630477981	0.862974809	0.896250663	0.68908947
601	1.89304862	0.631505568	0.862802758	0.897383404	0.690486639
602	1.90067069	0.632306262	0.86266777	0.899962049	0.691800194
603	1.90962686	0.632827944	0.862579319	0.902621234	0.693102258
604	1.91678515	0.633017703	0.862547001	0.903995904	0.694464954
605	1.92225901	0.632168568	0.862900717	0.904207268	0.695896009
606	1.92765144	0.630253822	0.863738186	0.904365357	0.697363171
607	1.93177878	0.6283223	0.864683326	0.904464826	0.698884018
608	1.93345661	0.627423057	0.865359956	0.904499991	0.700476141
609	1.93289397	0.627900751	0.865767479	0.90339962	0.702213261
610	1.9313926	0.629102493	0.866136058	0.900918475	0.704074701
611	1.9292953	0.630626757	0.86640397	0.898415592	0.705928605
612	1.92694458	0.632072143	0.866509405	0.897250347	0.707643098
613	1.9230147	0.633636968	0.865872366	0.899242068	0.709175983
614	1.9173489	0.635454579	0.864435902	0.903733795	0.710612034
615	1.91223693	0.636965043	0.862986852	0.908264876	0.712003999
616	1.90996906	0.637608262	0.862312231	0.910374372	0.713404609
617	1.91921918	0.635589886	0.863772414	0.910245318	0.714795168
618	1.9400779	0.631038424	0.867065298	0.90993084	0.716156949
619	1.96111938	0.626447086	0.870387031	0.909558087	0.717549731
620	1.97091547	0.624309536	0.871933502	0.909253623	0.719033308
621	1.96727975	0.625133076	0.871064783	0.909062316	0.72067801
622	1.95761368	0.627286357	0.869093872	0.908907457	0.722447252
623	1.94418622	0.630200372	0.867077823	0.908738407	0.724236825
624	1.92926447	0.633306508	0.866073501	0.908504543	0.725942514
625	1.90501924	0.637758853	0.865972578	0.908160068	0.727539212
626	1.87051012	0.643730339	0.865898431	0.907672163	0.729085384
627	1.83950591	0.648985933	0.865852496	0.907009496	0.730596344
628	1.82577855	0.651290077	0.86583647	0.906140738	0.732087391
629	1.83610271	0.648477559	0.866511349	0.90380898	0.73353996
630	1.85988025	0.641868572	0.868033078	0.899885275	0.734953309
631	1.88509755	0.634533073	0.86956814	0.89617914	0.736373258
632	1.89974176	0.629541225	0.870282806	0.894500493	0.737845638
633	1.90374168	0.626886592	0.870211432	0.895335353	0.739393929
634	1.90633853	0.62456839	0.870013273	0.897289975	0.740993273
635	1.90852875	0.622922226	0.869720949	0.899440475	0.742618034
636	1.91130621	0.622284407	0.869366889	0.900863203	0.744242581
637	1.9158428	0.624532255	0.868545102	0.901423928	0.745883533
638	1.921435	0.629601107	0.867198897	0.901783427	0.747548027
639	1.92620037	0.634714369	0.865936608	0.90215148	0.749191773
640	1.9282563	0.637094906	0.865366709	0.902737709	0.750770472
641	1.92814309	0.635856476	0.865405156	0.904509951	0.752240487
642	1.92780193	0.633062457	0.865506983	0.907461621	0.753638334
643	1.92724509	0.63024396	0.865646826	0.910241882	0.755041824
644	1.92648424	0.628931776	0.865799479	0.911499631	0.756528769
645	1.92033361	0.63020294	0.86599751	0.910839406	0.758150671
646	1.90664205	0.633086374	0.866260062	0.909195105	0.759864186
647	1.89056244	0.636036135	0.866535735	0.907147035	0.761605179
648	1.87724924	0.637506269	0.866773112	0.905275331	0.763309516
649	1.86627089	0.637654976	0.866935074	0.903399674	0.764956325
650	1.85516249	0.637764252	0.867060023	0.901305485	0.766581252
651	1.84653348	0.637831964	0.867210233	0.899596138	0.768202011
652	1.84299464	0.637855592	0.867447977	0.898875204	0.769836311
653	1.84468493	0.636573669	0.868554784	0.899166063	0.771515942
654	1.84910527	0.633683167	0.87063827	0.899910637	0.773223918
655	1.85509077	0.63076734	0.872662162	0.900883809	0.774902202
656	1.86147707	0.629409843	0.873589951	0.901860579	0.776492748
657	1.87065592	0.632118372	0.872734343	0.903011392	0.777939401
658	1.88298291	0.638226491	0.870804492	0.904415495	0.779291552
659	1.89383725	0.644388125	0.868857733	0.905669645	0.780651837
660	1.89859708	0.647256744	0.867951397	0.906370489	0.7821229
661	1.89064714	0.645556428	0.867993453	0.906576508	0.78378527
662	1.87262602	0.64172062	0.868102449	0.906694722	0.78558198
663	1.85421446	0.637851204	0.868246508	0.906807201	0.787408295
664	1.84509439	0.636049754	0.868394012	0.906995915	0.789159477
665	1.84425317	0.637028574	0.86858431	0.907579959	0.79080592
666	1.84363686	0.639236833	0.868826372	0.908549626	0.792406401
667	1.84325595	0.64146444	0.869035234	0.9094622	0.793983438
668	1.84312332	0.642501527	0.869125914	0.909874879	0.795559538
669	1.84968782	0.641393801	0.868983293	0.908565927	0.797125073
670	1.86500014	0.638741873	0.868661651	0.90561422	0.798672572
671	1.88173091	0.63568053	0.868337191	0.902636653	0.800231018
672	1.89254874	0.633344594	0.868186135	0.901250412	0.801829402
673	1.89754595	0.631723014	0.869291875	0.902729822	0.803498886
674	1.90176822	0.630184584	0.871785205	0.906066533	0.805219034
675	1.90469758	0.629032568	0.874300381	0.909432479	0.80693998
676	1.90581441	0.628570494	0.87547135	0.910999534	0.808611853
677	1.90442123	0.629624944	0.87545623	0.91049245	0.810223922
678	1.90077774	0.632023282	0.875410355	0.909294516	0.811803677
679	1.89584097	0.634494125	0.875336414	0.907951496	0.813355615
680	1.89056806	0.635765881	0.875236752	0.907008844	0.814884225
681	1.88296698	0.635915787	0.874528043	0.906467196	0.816368792
682	1.87274408	0.635991037	0.873081714	0.905984105	0.817814105
683	1.86373775	0.636064636	0.87165136	0.90563615	0.819266031
684	1.8597873	0.636209289	0.870990762	0.905500037	0.820770444
685	1.85982934	0.637267658	0.871741751	0.906110488	0.822356618
686	1.85996056	0.639374439	0.873435529	0.907556579	0.823997978
687	1.8601781	0.641446858	0.875144147	0.909190306	0.825656927
688	1.86048022	0.642401888	0.875939613	0.910363518	0.827295867
689	1.86860398	0.639460574	0.875048912	0.911075234	0.828907577
690	1.88645455	0.632827842	0.872982194	0.911720364	0.830511403
691	1.90437332	0.626136998	0.870751915	0.912189966	0.832107232
692	1.91269924	0.623021999	0.869370568	0.91237495	0.833694944
693	1.90530372	0.625115013	0.868813124	0.912229469	0.835265981
694	1.88855733	0.629836444	0.868354248	0.911857182	0.836822922
695	1.87149983	0.634599242	0.868041973	0.911370595	0.83838346
696	1.86317087	0.636816617	0.867924559	0.91088221	0.839965289
697	1.86257743	0.633238379	0.868770053	0.910281763	0.841566902
698	1.86214579	0.625168657	0.870780115	0.909536708	0.843181044
699	1.86188059	0.617028234	0.873068308	0.908900105	0.844818564
700	1.86178874	0.613238366	0.874747962	0.908625079	0.846490313
701	1.86435353	0.615378389	0.875819281	0.908782902	0.848220708
702	1.87036115	0.620206268	0.876806066	0.909196826	0.849999458
703	1.87698599	0.625076445	0.877531727	0.909759987	0.851783169
704	1.88140171	0.627343812	0.87781947	0.910365555	0.853528439
705	1.88357752	0.626192904	0.877650614	0.911092808	0.855207668
706	1.88541168	0.623525551	0.87722669	0.912021573	0.856849393
707	1.88674066	0.620656848	0.876690865	0.913027388	0.858494212
708	1.88740032	0.618901571	0.876186279	0.91398574	0.860182722
709	1.88758421	0.61822221	0.875721831	0.915029299	0.861933232
710	1.88767755	0.617666942	0.875228137	0.916177718	0.863723538
711	1.88777285	0.617291109	0.874742334	0.917108704	0.8655347
712	1.88796252	0.617150362	0.874301592	0.917499889	0.86734778
713	1.89032159	0.617621252	0.873922974	0.917210435	0.869201243
714	1.89527472	0.618925725	0.873579277	0.916509219	0.871092975
715	1.90020208	0.620851926	0.873242196	0.915680354	0.872936489
716	1.90248323	0.623187909	0.872883426	0.915007931	0.874645283
717	1.89364503	0.628647449	0.87241644	0.914585169	0.876163484
718	1.87238581	0.637611505	0.871877363	0.914240594	0.877561201
719	1.84759662	0.646022128	0.871430619	0.913873789	0.87894091
720	1.82817055	0.649820431	0.871240656	0.91338437	0.880405085
721	1.81390732	0.648729781	0.871561558	0.912401141	0.882028371
722	1.80008384	0.646268062	0.872285252	0.910979272	0.883748056
723	1.78960169	0.643784776	0.873015286	0.909695126	0.885460019
724	1.78536459	0.642628653	0.873355162	0.909125166	0.887060135
725	1.78875345	0.643617872	0.872531005	0.909352665	0.888513799
726	1.79671767	0.645849145	0.870672462	0.909866005	0.889887335
727	1.80555751	0.648099966	0.868797635	0.910383843	0.891223558
728	1.81157334	0.649147862	0.867924788	0.910624928	0.892565272
729	1.81469092	0.646257756	0.868962757	0.910568084	0.893894326
730	1.81734429	0.639740423	0.871303763	0.910439749	0.895196387
731	1.81929727	0.633165989	0.87366528	0.910310289	0.89652613
732	1.82031288	0.630105186	0.87476471	0.910250018	0.897938246
733	1.8206334	0.632653445	0.87401614	0.910410498	0.899491159
734	1.8207966	0.638401331	0.872327521	0.910849273	0.901152423
735	1.82096826	0.644199575	0.870624107	0.911485291	0.902837858
736	1.82131409	0.646899015	0.869831063	0.912237471	0.90446328
737	1.83192316	0.640900083	0.871295517	0.913788846	0.905983254
738	1.85517688	0.62737184	0.874598111	0.916226525	0.907450846
739	1.87850821	0.613725072	0.877929639	0.918485296	0.908928154
740	1.88934696	0.607371663	0.879480671	0.919499703	0.910477276
741	1.87062393	0.614505214	0.87837306	0.917773541	0.9121481
742	1.82839987	0.630594254	0.875874571	0.913880711	0.913903178
743	1.78580587	0.646824256	0.873354192	0.909953774	0.915672696
744	1.76597574	0.654380319	0.8721808	0.908125544	0.917386833
745	1.77515292	0.650732262	0.872220148	0.909111548	0.919007988
746	1.79585897	0.64218243	0.872325931	0.911336022	0.920580339
747	1.81674644	0.63275501	0.872473578	0.913579986	0.922155527
748	1.82647084	0.626473077	0.872638856	0.914624689	0.923785188
749	1.82627196	0.623313445	0.872913976	0.914150698	0.92549951
750	1.82581698	0.620592172	0.873309862	0.913081239	0.92726882
751	1.82535802	0.618678237	0.873666825	0.912002411	0.929055642
752	1.82514435	0.617941535	0.873825142	0.911500149	0.930822499
753	1.82740279	0.619189643	0.873682541	0.911841497	0.932571365
754	1.83290046	0.622004332	0.873360899	0.912611508	0.934318925
755	1.83946547	0.624843682	0.873036439	0.913388264	0.936046214
756	1.8449253	0.626165574	0.872885383	0.913749892	0.937734258
757	1.84945009	0.625416525	0.873814833	0.913581002	0.939369308
758	1.85406366	0.623726678	0.875910663	0.913168414	0.940965535
759	1.8576623	0.622022026	0.878024855	0.912672899	0.942546013
760	1.8591417	0.621228405	0.879009141	0.912255171	0.944133812
761	1.84773436	0.624055738	0.878383977	0.911970242	0.945739406
762	1.8220121	0.630447004	0.876829455	0.91172466	0.947349279
763	1.79606448	0.636933615	0.874898495	0.911463332	0.948951186
764	1.78398427	0.640046326	0.873143908	0.911131187	0.950532885
765	1.78722905	0.64018821	0.871406185	0.910528542	0.952080856
766	1.7952285	0.640290399	0.869477466	0.909694488	0.953604949
767	1.80499592	0.640352736	0.867907551	0.908952247	0.955128666
768	1.81354725	0.640374191	0.867246428	0.908625095	0.956675511
769	1.82140219	0.639049954	0.868709451	0.90972538	0.958250635
770	1.82980297	0.635908713	0.872008706	0.912206525	0.959842254
771	1.83651917	0.632349223	0.875336868	0.914709408	0.961449883
772	1.83931948	0.629770642	0.876886331	0.915874653	0.963073042
773	1.83188162	0.62828969	0.876279465	0.915533503	0.964723849
774	1.81510892	0.627031526	0.87491006	0.914763492	0.966399508
775	1.79818926	0.6260112	0.873528658	0.913986736	0.968075559
776	1.79031212	0.625244044	0.87288553	0.913625108	0.969727535
777	1.79916957	0.624614793	0.873311471	0.91463052	0.971331326
778	1.8191467	0.624049934	0.874408177	0.916897773	0.97290535
779	1.83929886	0.623641396	0.875856237	0.91918489	0.97448993
780	1.84868093	0.623481144	0.877336306	0.920249683	0.976125395
781	1.84857073	0.623580504	0.879237453	0.92015514	0.977845777
782	1.84823315	0.62380464	0.881650337	0.919941248	0.979625492
783	1.84768437	0.624030739	0.88373048	0.919725482	0.981414618
784	1.84693778	0.624136002	0.884633199	0.91962503	0.983163235
785	1.8403572	0.622913496	0.884503885	0.919643972	0.984839783
786	1.82654705	0.62015691	0.884147197	0.91968675	0.986476901
787	1.81254482	0.617376173	0.883625074	0.919729904	0.988120699
788	1.80538983	0.616081568	0.882999235	0.919749994	0.989817286
789	1.80434581	0.617386021	0.881698431	0.919446447	0.991604787
790	1.80356781	0.620328178	0.879614748	0.918761993	0.993453723
791	1.8030799	0.623296112	0.877578931	0.918071543	0.995307953
792	1.80290788	0.624677868	0.876421921	0.917750096	0.997111335
793	1.80345295	0.624246447	0.876040499	0.918031709	0.998834235
794	1.80497247	0.623120364	0.87573995	0.918770415	1.00051222
795	1.80723577	0.621601094	0.875542339	0.919775963	1.00218591
796	1.81001208	0.619989828	0.875469944	0.920858111	1.00389591
797	1.81693688	0.617712255	0.876218822	0.922451846	1.00568501
798	1.82854597	0.614678537	0.877907442	0.924617804	1.00752341
799	1.83950036	0.612015171	0.879610856	0.926533125	1.00934083
800	1.84445984	0.610848922	0.880403899	0.927374756	1.01106702
801	1.8305116	0.61588105	0.879762896	0.925117323	1.01264738
802	1.79905772	0.627228285	0.878317025	0.920026699	1.01413591
803	1.76732826	0.638674937	0.876858487	0.914891474	1.01562633
804	1.75255625	0.644004057	0.876179447	0.912500711	1.01721232
805	1.76140298	0.640742202	0.877177103	0.914340291	1.01894386
806	1.78159303	0.633383775	0.879427078	0.918489792	1.020772
807	1.8025447	0.625960879	0.881696766	0.922675647	1.02264404
808	1.81367789	0.622505065	0.882753445	0.92462442	1.02450729
809	1.81573432	0.622583605	0.881505328	0.924145317	1.02637294
810	1.81720736	0.622763016	0.878690355	0.922985046	1.02826202
811	1.81820884	0.622943999	0.87585072	0.921616695	1.03013053
812	1.81884803	0.623028258	0.874528695	0.920512921	1.03193443
813	1.81931426	0.622943709	0.875056902	0.919780647	1.03364535
814	1.81970196	0.622700701	0.876424834	0.919146198	1.03529488
815	1.81996774	0.622323981	0.878247572	0.918538406	1.03692882
816	1.8200682	0.621838296	0.880140434	0.917886179	1.03859301
817	1.81842154	0.620061482	0.882670916	0.917028075	1.04031166
818	1.81470857	0.616776536	0.885948632	0.916040214	1.04205736
819	1.81096307	0.613599065	0.888796522	0.915222555	1.04379937
820	1.80921932	0.612145059	0.890037236	0.914875099	1.04550692
821	1.83300809	0.625839238	0.887237901	0.915842576	1.04730865
822	1.88664836	0.660496001	0.880029626	0.918024272	1.04918317
823	1.94075858	0.704959949	0.870505588	0.920225082	1.05085526
824	1.96595022	0.748072019	0.860759436	0.921249695	1.05204963
825	1.89346758	0.797058983	0.848203718	0.906281035	1.05272718
826	1.73001633	0.855404592	0.832244351	0.872528912	1.05318974
827	1.56513304	0.904420396	0.81847775	0.838481077	1.05365828
828	1.48836973	0.925412771	0.812501719	0.822629716	1.05435373
829	1.55698277	0.868727731	0.826301112	0.84057258	1.05571632
830	1.71174343	0.740900391	0.857419954	0.881040905	1.05776498
831	1.86786	0.611953117	0.888811438	0.921863785	1.06005669
832	1.94054185	0.551920234	0.903426103	0.940869345	1.06214837
833	1.92589999	0.557446192	0.901383663	0.938802422	1.06392888
834	1.89193167	0.570228099	0.896723025	0.93411125	1.06563682
835	1.85538928	0.583830507	0.891907033	0.929333929	1.06732923
836	1.83300816	0.591834089	0.889394827	0.92700356	1.06906307
837	1.82431607	0.594344434	0.888976298	0.926873665	1.07087439
838	1.81720763	0.596203255	0.888661885	0.926811634	1.0727278
839	1.81239421	0.597562697	0.888463304	0.926751482	1.07457341
840	1.81059102	0.598573464	0.888392875	0.92662785	1.07636134
841	1.81592936	0.599446021	0.888851479	0.925291551	1.07805575
842	1.82796734	0.600218103	0.889951039	0.922520897	1.07969199
843	1.8401108	0.600771202	0.891224883	0.919771764	1.08132731
844	1.84576433	0.600986781	0.892206213	0.918500377	1.08301897
845	1.84457812	0.600933299	0.892901401	0.919258883	1.08480119
846	1.84189965	0.600780324	0.89356594	0.920970017	1.08664048
847	1.83919772	0.600544878	0.894065805	0.922696143	1.08849324
848	1.83793981	0.600243942	0.894266862	0.923499761	1.09031588
849	1.84533673	0.599230202	0.893339711	0.923253363	1.09208313
850	1.86201621	0.597389229	0.891249039	0.922697244	1.09382245
851	1.87884183	0.595616136	0.889140051	0.922136253	1.09556879
852	1.88667518	0.594806254	0.888158187	0.921875078	1.09735711
853	1.87823738	0.596416752	0.888845562	0.922328728	1.09921642
854	1.8592065	0.600048652	0.890396118	0.923373051	1.10112399
855	1.84000889	0.603712373	0.891960259	0.924479986	1.1030365
856	1.83107122	0.60541806	0.892688463	0.925121407	1.10491064
857	1.83534466	0.605190528	0.892188514	0.925322096	1.10675857
858	1.84498645	0.604676344	0.890959967	0.925481194	1.1085975
859	1.85471271	0.604157655	0.88946717	0.925586325	1.11038624
860	1.85924088	0.603916173	0.888174408	0.92562499	1.1120836
861	1.85276132	0.604579126	0.887012612	0.92497995	1.11363963
862	1.83814814	0.60607412	0.885783015	0.923525485	1.1150955
863	1.82340692	0.607582211	0.884805131	0.922058278	1.11654979
864	1.81654398	0.60828432	0.884398611	0.921375203	1.11810109
865	1.8166687	0.607929334	0.884865077	0.921400138	1.11980048
866	1.81704545	0.606946731	0.886034791	0.921473899	1.12159663
867	1.81765422	0.605498445	0.887510731	0.921591267	1.12343674
868	1.81847701	0.603746301	0.88889585	0.92174722	1.12526803
869	1.8247239	0.599704457	0.890362744	0.92258731	1.12709218
870	1.83755546	0.593096928	0.892047351	0.924246011	1.12893297
871	1.8502626	0.586904811	0.893440231	0.925874757	1.13076586
872	1.85613458	0.584109894	0.894031787	0.926624778	1.13256631
873	1.85559664	0.586115596	0.893076354	0.926587056	1.13429735
874	1.85437976	0.590639914	0.890921657	0.926501499	1.1359815
875	1.85315222	0.59520387	0.888748083	0.926415193	1.13768613
876	1.85258073	0.597328673	0.88773615	0.926375012	1.13947862
877	1.86369257	0.591867049	0.890831158	0.927171827	1.14142104
878	1.88874802	0.579550718	0.897810481	0.928968518	1.14347224
879	1.91402299	0.567126479	0.904850952	0.93078095	1.14554283
880	1.92579004	0.561342232	0.908128724	0.931624749	1.14754337
881	1.91965502	0.56496493	0.906375474	0.931245559	1.14943544
882	1.90581384	0.573137293	0.902308692	0.930389991	1.15127296
883	1.8918514	0.581381257	0.897926199	0.929526928	1.15310226
884	1.88535102	0.585219329	0.895225391	0.92912512	1.15496967
885	1.8894836	0.583710485	0.894264849	0.929694162	1.15690903
886	1.89880611	0.580305759	0.89357604	0.930977513	1.15889038
887	1.9082103	0.576871203	0.89302109	0.932272107	1.16086398
888	1.91258853	0.575272206	0.892462542	0.932874821	1.16278007
889	1.91055017	0.576445825	0.891781542	0.931679759	1.16461369
890	1.90525119	0.57909335	0.891069135	0.928984723	1.1663969
891	1.89814515	0.5817645	0.89050595	0.926266075	1.16816438
892	1.89068489	0.583009092	0.890272622	0.925000377	1.16995078
893	1.88042392	0.583010669	0.891841675	0.925143765	1.17175738
894	1.86694116	0.583011217	0.895379735	0.925513019	1.17356806
895	1.85516342	0.583011754	0.898948792	0.925998933	1.17539427
896	1.85001873	0.583012928	0.900610408	0.926492636	1.17724753
897	1.85516324	0.583125102	0.899587476	0.927106786	1.17914559
898	1.86718724	0.58342995	0.897279848	0.927875471	1.18107899
899	1.88037497	0.583873503	0.894952002	0.92854809	1.18301704
900	1.88901059	0.584401762	0.893868247	0.928873974	1.1849291
901	1.89288395	0.585525143	0.894131706	0.928916451	1.1868096
902	1.89595378	0.587309874	0.894808923	0.928937499	1.18867451
903	1.89831219	0.58896892	0.895699448	0.928958074	1.19052342
904	1.90005007	0.589715063	0.896603078	0.928999065	1.19235591
905	1.90148176	0.586361952	0.897743411	0.92933646	1.19415516
906	1.9027488	0.57880084	0.89917757	0.930017652	1.19592647
907	1.90365659	0.571173483	0.900409555	0.930689782	1.19770481
908	1.90401045	0.567622479	0.900943243	0.930999908	1.19952516
909	1.89212095	0.570985095	0.899787416	0.930753363	1.20141345
910	1.86531223	0.578569528	0.897180904	0.930197244	1.20334778
911	1.83826862	0.586220409	0.894551555	0.929636253	1.20529113
912	1.82567816	0.589782365	0.893327432	0.929375078	1.20720645
913	1.83620248	0.586950583	0.894182951	0.930418464	1.20907811
914	1.86018536	0.58053366	0.896112801	0.932771274	1.21092784
915	1.88499251	0.573986535	0.89805956	0.935144697	1.21277339
916	1.89799001	0.570763981	0.898965896	0.936249671	1.2146325
917	1.90023661	0.57054779	0.897977594	0.934997843	1.2165146
918	1.90192797	0.570440416	0.895748556	0.932174472	1.21840901
919	1.9029982	0.570339519	0.893499988	0.929326364	1.22030361
920	1.90337836	0.570143605	0.892453142	0.928000395	1.2221863
921	1.90266981	0.569079041	0.89440427	0.928664023	1.22405783
922	1.90107195	0.567057966	0.89880439	0.930161265	1.2259236
923	1.89946008	0.56509083	0.903243061	0.931671625	1.22777737
924	1.89870966	0.564188313	0.905309536	0.932374791	1.22961286
925	1.90402394	0.564218897	0.903919341	0.93171362	1.23141211
926	1.91600711	0.564300737	0.900783333	0.930210718	1.23318343
927	1.92809528	0.564414177	0.89761985	0.928665429	1.23496177
928	1.93372306	0.564539821	0.896147055	0.927877094	1.23678212
929	1.92749822	0.564741766	0.89751899	0.927770809	1.23868618
930	1.91345863	0.565027779	0.900613426	0.927691819	1.2406476
931	1.89929603	0.565284318	0.903734974	0.927642395	1.24259695
932	1.89270247	0.565397814	0.905188247	0.927625004	1.24446478
933	1.89446468	0.564877778	0.903459688	0.927833693	1.24620772
934	1.89908546	0.563705123	0.899561147	0.928304255	1.24787435
935	1.90536392	0.562522194	0.89562845	0.928778939	1.24953272
936	1.91210064	0.561971468	0.893797537	0.928999934	1.2512509
937	1.92111995	0.563000567	0.894379944	0.928962056	1.25305067
938	1.93302934	0.565321357	0.895887072	0.928876499	1.25489709
939	1.9444746	0.56766248	0.89789209	0.928790193	1.25677633
940	1.95210063	0.568752416	0.899968543	0.928750012	1.25867459
941	1.95628828	0.564685957	0.902725041	0.929945241	1.26061396
942	1.95974271	0.555516147	0.906282826	0.932640277	1.26259531
943	1.96228088	0.546265998	0.909369886	0.935358925	1.26456891
944	1.9637189	0.541959485	0.910713898	0.936624623	1.266485
945	1.96446727	0.542991925	0.909303761	0.934917514	1.26832446
946	1.96506374	0.545438233	0.906057232	0.931067461	1.27011771
947	1.96545946	0.548196423	0.902616065	0.927183678	1.2718874
948	1.96560545	0.550165472	0.90062207	0.925375538	1.27365622
949	1.96262823	0.551143437	0.900084857	0.926057995	1.27541449
950	1.95591509	0.551863084	0.899739094	0.927598015	1.27715467
951	1.94914313	0.552558875	0.899445255	0.929151529	1.27890587
952	1.94599036	0.553465091	0.899064166	0.929874785	1.28069718
953	1.94636758	0.555033497	0.898420678	0.929723223	1.28255344
954	1.94739603	0.557116719	0.897611951	0.929380997	1.28445578
955	1.94887568	0.559014244	0.896917439	0.929035771	1.28636713
956	1.95060731	0.560025463	0.896616628	0.928875048	1.28825044
957	1.95356566	0.560307102	0.896679825	0.929160737	1.29008445
958	1.95805458	0.560523553	0.896865172	0.929885969	1.29189248
959	1.96273579	0.560662931	0.897159434	0.930821181	1.29370388
960	1.96627068	0.560713155	0.897549448	0.931736771	1.29554797
961	1.96879396	0.558304619	0.89956658	0.932799786	1.29744303
962	1.97113348	0.552873806	0.903526577	0.934080152	1.29937128
963	1.97286095	0.547395411	0.907410166	0.935160879	1.3013082
964	1.97354773	0.544844882	0.909197584	0.935624867	1.30322927
965	1.9714576	0.545674177	0.908215732	0.934690486	1.30512397
966	1.96619119	0.547800165	0.906000652	0.932555373	1.30700657
967	1.95948727	0.55058465	0.903766165	0.930331208	1.30888898
968	1.95308502	0.553389948	0.902725873	0.929129833	1.3107831
969	1.94604731	0.556869776	0.902763373	0.928870655	1.31269427
970	1.93780799	0.561207599	0.902875317	0.928672573	1.31461563
971	1.93093726	0.564920837	0.903055382	0.928545599	1.31654111
972	1.92800607	0.566526533	0.903297543	0.928500012	1.31846468
973	1.93502557	0.561601721	0.90493575	0.928703116	1.32039413
974	1.9511648	0.550496182	0.908261487	0.92919469	1.32233003
975	1.96822459	0.539293343	0.911546838	0.929775056	1.32425391
976	1.97800438	0.534077733	0.91306346	0.930244485	1.32614731
977	1.98092026	0.536326211	0.912506433	0.930555823	1.32798468
978	1.98321851	0.541474566	0.911146554	0.930824866	1.3297825
979	1.98473008	0.546856622	0.909515976	0.931085121	1.33158704
980	1.98528398	0.549807043	0.908146573	0.93137006	1.33344461
981	1.98467494	0.550375982	0.907220811	0.93168437	1.33539951
982	1.98295694	0.550692357	0.906428052	0.93201345	1.33742024
983	1.98035749	0.550989895	0.905583236	0.932364233	1.33943769
984	1.97710415	0.551501729	0.904501368	0.932743662	1.34138276
985	1.96785054	0.553174823	0.902506336	0.933256467	1.3432306
986	1.95173565	0.555995181	0.899724405	0.933876147	1.34502304
987	1.93637673	0.558660401	0.897242301	0.934399911	1.34678821
988	1.92939282	0.559867826	0.896146934	0.934624936	1.34855422
989	1.93127147	0.559064548	0.896264883	0.934389208	1.35032087
990	1.93551211	0.55713604	0.896582987	0.933780339	1.35207545
991	1.93978989	0.554897655	0.897033262	0.932971934	1.35382983
992	1.94178147	0.553164637	0.897548005	0.932137605	1.35559592
993	1.94156082	0.55212179	0.898257857	0.931043172	1.35738135
994	1.94106196	0.551270817	0.899263689	0.929638377	1.35917861
995	1.94055873	0.550448327	0.900432752	0.928417629	1.36097694
996	1.94032444	0.549491051	0.90163224	0.927875458	1.36276558
997	1.94214745	0.548342432	0.902852311	0.927858369	1.36454245
998	1.94709173	0.547069125	0.904172284	0.927846181	1.36631312
999	1.95417615	0.545685072	0.905583049	0.927838816	1.36807755
1000	1.96241915	0.544204197	0.907075472	0.927836345	1.36983573
