kimg	g_loss	d_loss	real_sign_proxy	fake_sign_proxy	ada_p
0	0.66190888	2.17518926	0.5	0.21875	0
1	3.74866627	1.55743394	0.65071802	0.486175813	0.00107737209
2	6.48805856	1.00836137	0.784703429	0.723854491	0.00230469842
3	8.43249771	0.603249787	0.884062994	0.894213931	0.00364961412
4	9.18567932	0.407044108	0.933426911	0.964128711	0.00509611917
5	9.18149825	0.350332978	0.949933973	0.969902444	0.00672219734
6	9.16830012	0.310001586	0.962519208	0.974075984	0.00854097337
7	9.1466574	0.282476724	0.970565684	0.976622891	0.0104282573
8	9.11693995	0.264217785	0.973448506	0.977499781	0.0122598297
9	8.80598076	0.250114998	0.972897105	0.9775	0.0139974042
10	8.11321315	0.238225549	0.971652111	0.9775	0.0157090182
11	7.32924403	0.229991771	0.970396204	0.9775	0.017423983
12	6.74476499	0.226856622	0.969811495	0.9775	0.0191715937
13	6.35655887	0.231835797	0.971183672	0.978998769	0.0209701535
14	5.99541444	0.243064918	0.9742781	0.98237825	0.022801932
15	5.72818836	0.254392477	0.977399655	0.985787357	0.0246423922
16	5.62180547	0.259666225	0.978852951	0.987374527	0.0264669977
17	5.7671206	0.25686044	0.97834881	0.987182902	0.0283001854
18	6.09484895	0.250530301	0.976945612	0.986628675	0.0301463686
19	6.42545034	0.244144668	0.974862345	0.985765028	0.0319456279
20	6.57936777	0.241171721	0.972317708	0.984644724	0.0336380299
21	6.43775829	0.248436714	0.967651686	0.981497759	0.0352295855
22	6.08148586	0.267684689	0.95997244	0.975413464	0.0367562545
23	5.62936439	0.294307139	0.950856055	0.96793538	0.0381972046
24	5.2002045	0.323694326	0.941879174	0.960607594	0.0395315874
25	4.79432883	0.360775407	0.93313256	0.953273924	0.0407814273
26	4.35549309	0.410061636	0.923819982	0.945215718	0.0419656365
27	3.92805059	0.465359272	0.914313618	0.937288533	0.0430543671
28	3.55638276	0.520471986	0.904985987	0.93034835	0.0440177595
29	3.20277688	0.581637315	0.896140406	0.925175001	0.0449201554
30	2.84840216	0.650108825	0.887519683	0.921007907	0.0457829568
31	2.57457075	0.710859039	0.878648867	0.916362661	0.0465015009
32	2.46261803	0.74885682	0.869052987	0.909754777	0.0469710971
33	2.49130248	0.767463012	0.856165416	0.893347097	0.0472279088
34	2.55605155	0.781687915	0.840818993	0.867361479	0.047413669
35	2.62136819	0.79243104	0.827927935	0.843227802	0.0475706157
36	2.65177744	0.800587713	0.822407239	0.832378179	0.0477409562
37	2.59125608	0.806418576	0.822471331	0.835600207	0.0479579815
38	2.45118936	0.810595629	0.822619407	0.842872512	0.048192971
39	2.30088779	0.814704207	0.822768781	0.850208562	0.0483944973
40	2.20967177	0.820329845	0.822838325	0.853623983	0.0485111315
41	2.18176533	0.828519876	0.820084603	0.852299383	0.0485621424
42	2.16483372	0.839175966	0.813011466	0.848931779	0.0486029056
43	2.14845102	0.852190825	0.80370321	0.844582409	0.0486300094
44	2.12220511	0.867457235	0.794244927	0.84031189	0.048640025
45	2.05616912	0.89083437	0.782332491	0.835679373	0.0484712551
46	1.95071271	0.922596592	0.767353729	0.830262855	0.0480456728
47	1.84353973	0.953531905	0.754408349	0.825300725	0.0475030935
48	1.77236121	0.974426345	0.748597351	0.822031773	0.0469833801
49	1.73421532	0.985406898	0.748351527	0.8202113	0.0465098427
50	1.70156578	0.993881332	0.74823678	0.818725698	0.0460086578
51	1.67870415	1.00080598	0.74812529	0.817636611	0.0454832056
52	1.66993134	1.00713513	0.74789078	0.817006024	0.0449368907
53	1.68213375	1.01395362	0.744148949	0.816658903	0.0443761383
54	1.71185378	1.02072996	0.736174532	0.816380102	0.0437948896
55	1.74736913	1.02594181	0.728217632	0.816193996	0.0431772223
56	1.77695613	1.02806672	0.724529398	0.816125018	0.0425072126
57	1.79815435	1.02805711	0.726316154	0.817806002	0.0417403903
58	1.81743046	1.02802597	0.730506028	0.821865511	0.0408852402
59	1.8357481	1.02797407	0.735131494	0.826637585	0.0400093869
60	1.85406899	1.02790159	0.738225567	0.830455768	0.0391804664
61	1.87578874	1.02355366	0.739610936	0.833152764	0.0384292635
62	1.89951964	1.01386214	0.740647281	0.835644482	0.0377142128
63	1.91869101	1.00410689	0.74153268	0.837766692	0.0369963311
64	1.9267312	0.999569105	0.74246483	0.839354831	0.03623664
65	1.9236398	0.999641648	0.743659033	0.840608311	0.0354152835
66	1.91479498	0.999866292	0.744964597	0.841736507	0.0345523669
67	1.90117101	1.00023886	0.746019612	0.842553909	0.0336679234
68	1.88374074	1.00075652	0.746462139	0.842874912	0.0327819836
69	1.82998597	1.01529381	0.742577202	0.841053707	0.031882774
70	1.7316138	1.04727273	0.733817034	0.836946993	0.0309642671
71	1.62984642	1.07938082	0.724980079	0.832804283	0.0300584086
72	1.56591657	1.0943012	0.720865887	0.830875574	0.0291971532
73	1.53742327	1.091655	0.721492291	0.83265835	0.0283484298
74	1.51378164	1.08528533	0.723157593	0.836679507	0.027503468
75	1.4975973	1.07787144	0.725466617	0.840735911	0.0267360941
76	1.49148574	1.07208895	0.728025227	0.842624438	0.0261201528
77	1.50210823	1.06872577	0.731779801	0.842178762	0.0256274304
78	1.52723955	1.06611105	0.736991834	0.841055528	0.0251903486
79	1.55554859	1.06336017	0.742090204	0.839628033	0.0248328823
80	1.57570255	1.05958888	0.745503387	0.838269147	0.0245790312
81	1.58562986	1.05270214	0.747069841	0.836785694	0.0244108518
82	1.59289643	1.04282953	0.748099444	0.835055172	0.02428067
83	1.5999398	1.03259778	0.749123474	0.833614355	0.0241713337
84	1.60919565	1.02463408	0.750672927	0.833000175	0.0240657002
85	1.62254319	1.01973409	0.753509287	0.834328899	0.0239442898
86	1.6393221	1.01600841	0.757749238	0.83764096	0.0238189597
87	1.65815244	1.0121734	0.762918083	0.841775974	0.0237205644
88	1.67765426	1.00694575	0.768541018	0.84557333	0.0236799607
89	1.7023025	0.997034114	0.776548234	0.849416994	0.0238087984
90	1.73167908	0.982922628	0.786903231	0.853730291	0.0241240508
91	1.75636486	0.969281939	0.795894785	0.857259272	0.0245042467
92	1.76693882	0.960783481	0.7998109	0.858749577	0.0248278867
93	1.756484	0.956860827	0.798045596	0.858199818	0.0251089032
94	1.73290329	0.953682015	0.793861985	0.856959248	0.0254015617
95	1.70911589	0.951461024	0.789137105	0.855707804	0.0256323966
96	1.69804127	0.950413024	0.785747417	0.855125174	0.0257279083
97	1.71547097	0.950125208	0.783695839	0.855561352	0.0257279351
98	1.75477947	0.949950249	0.781837518	0.856545252	0.0257279351
99	1.79443254	0.949808202	0.780485429	0.857537776	0.0257279351
100	1.81289368	0.949619273	0.779952976	0.857999862	0.0257279351
101	1.8000426	0.949401125	0.781665601	0.857677479	0.0257991124
102	1.77105314	0.949177435	0.785613707	0.856950249	0.025973556
103	1.74180958	0.94886791	0.789812979	0.856216644	0.0261846216
104	1.72819475	0.948392228	0.792278713	0.855875102	0.0263656429
105	1.73311648	0.943940639	0.792985502	0.856937421	0.0265252001
106	1.74498359	0.934700504	0.793449454	0.859333004	0.0266925321
107	1.75886717	0.925529998	0.793840983	0.861749585	0.0268249914
108	1.76984084	0.921288486	0.794330076	0.862874665	0.0268799117
109	1.77804242	0.921784571	0.795112923	0.862009879	0.0268799271
110	1.78604735	0.923212099	0.796068004	0.859932744	0.0268799271
111	1.79214207	0.925422116	0.796878444	0.857519372	0.0268799271
112	1.7946118	0.928266795	0.797227344	0.855645803	0.0268799271
113	1.77654106	0.938507558	0.794624169	0.854296872	0.0268410732
114	1.73579299	0.957377107	0.78875422	0.85299944	0.0267534639
115	1.69468775	0.975614727	0.782832817	0.852019963	0.0266650867
116	1.67555052	0.983957488	0.780076009	0.851625109	0.0266239412
117	1.71652173	0.969771615	0.784280529	0.856007487	0.0267599179
118	1.80891785	0.937779278	0.793762872	0.865889266	0.0270665504
119	1.90212386	0.905506512	0.803328333	0.875857664	0.0273758706
120	1.94551748	0.890481387	0.807781693	0.880498618	0.0275198798
121	1.9259753	0.893594055	0.80647712	0.878147496	0.0275199227
122	1.88188179	0.900627253	0.803335028	0.872842991	0.0275199227
123	1.83740177	0.907733576	0.799668578	0.86749199	0.0275199227
124	1.81669336	0.911069102	0.796790002	0.865000742	0.0275199227
125	1.8245559	0.911102524	0.794984416	0.866100361	0.0275082831
126	1.84229854	0.911117326	0.793467894	0.868581494	0.0274778524
127	1.86019673	0.911131863	0.792025177	0.87108438	0.0274366272
128	1.86852962	0.911163513	0.790441211	0.872249653	0.0273926072
129	1.85632851	0.91530377	0.788286517	0.870713305	0.0273292018
130	1.8288111	0.924576497	0.785771199	0.867248273	0.0272439585
131	1.80105237	0.933918647	0.783676378	0.863752854	0.0271688696
132	1.78812869	0.938265881	0.782783274	0.862125485	0.0271359349
133	1.80533559	0.926180738	0.786972287	0.865463991	0.0274105153
134	1.84504427	0.898927508	0.796418501	0.872992949	0.0280700348
135	1.88736722	0.871435276	0.805947556	0.880587934	0.0288368558
136	1.91241535	0.858635665	0.810384016	0.884123946	0.0294332661
137	1.92097496	0.860091546	0.809704015	0.883072905	0.0298090053
138	1.92783987	0.863896552	0.808167727	0.88060327	0.0301292123
139	1.93241842	0.869026859	0.806617967	0.877867204	0.0304219044
140	1.93411429	0.874462027	0.805896441	0.876016141	0.0307150517
141	1.91229966	0.881601719	0.805971316	0.875046651	0.0310643337
142	1.8631097	0.890896442	0.806140632	0.874203316	0.0314417673
143	1.81348837	0.899638662	0.806311433	0.873606057	0.0317450495
144	1.79038606	0.905120132	0.806390954	0.873375062	0.0318718641
145	1.79317514	0.907826376	0.803324149	0.873454235	0.031716485
146	1.80044553	0.910067606	0.796408881	0.873671883	0.0313660461
147	1.81020938	0.911599643	0.789432968	0.873989506	0.031012534
148	1.82048487	0.912177564	0.786185179	0.874368641	0.0308479487
149	1.83260437	0.90686759	0.789605493	0.874990703	0.0309721653
150	1.84774065	0.894893994	0.797320008	0.875960326	0.031269108
151	1.86333948	0.882815394	0.805102176	0.877100187	0.0316107665
152	1.87684572	0.877191937	0.808725335	0.878232897	0.0318691409
153	1.88907137	0.87797212	0.80655326	0.879567834	0.0320050334
154	1.90121352	0.879735103	0.801653099	0.881134239	0.0321020099
155	1.91096956	0.881513547	0.796709965	0.882441737	0.0322103721
156	1.916036	0.88234154	0.794408581	0.88299984	0.032380406
157	1.91771383	0.878933382	0.797760009	0.881045931	0.0328847972
158	1.91900351	0.871247905	0.805318558	0.87663978	0.0337726363
159	1.91983395	0.863495029	0.812943394	0.872194987	0.0347313095
160	1.92013319	0.859885507	0.816493303	0.870125617	0.0354481287
161	1.91772165	0.860121861	0.815099722	0.871007347	0.0359396816
162	1.91130085	0.860795635	0.811743875	0.873083493	0.0363947708
163	1.90235124	0.861823463	0.807827504	0.875395625	0.0367305013
164	1.89235389	0.863122991	0.804751722	0.876985656	0.0368639013
165	1.87582916	0.867114739	0.802657046	0.877675247	0.036844511
166	1.85212546	0.874206686	0.800753128	0.878131751	0.0368007058
167	1.83077426	0.881000308	0.799147417	0.878608676	0.0367565164
168	1.82130922	0.884096276	0.797947645	0.879359373	0.0367359431
169	1.82923247	0.88260062	0.796997305	0.881220294	0.0367936205
170	1.84832615	0.878589502	0.796143467	0.884310694	0.0369344507
171	1.87066029	0.872941959	0.795525561	0.88773284	0.0371035878
172	1.88830522	0.866536546	0.795283085	0.890588797	0.0372461742
173	1.89891025	0.855405281	0.796683613	0.893021984	0.0373535814
174	1.90735081	0.839070144	0.799841758	0.895463914	0.03745484
175	1.91615748	0.824210551	0.803027598	0.897352347	0.0375479029
176	1.92785981	0.817507451	0.804510836	0.898124784	0.0376307129
177	1.95077756	0.81736501	0.803477115	0.896796992	0.0376970744
178	1.98340518	0.817263955	0.801145222	0.89380252	0.0377517675
179	2.01272114	0.817202773	0.79879288	0.890781787	0.0378098763
180	2.0257017	0.817181859	0.797697695	0.889375419	0.0378864866
181	2.00314753	0.819654204	0.79939355	0.889468052	0.037991729
182	1.95228251	0.82522901	0.803437087	0.889719626	0.038129262
183	1.90097143	0.830852704	0.80806668	0.890078441	0.038304799
184	1.87708243	0.833470939	0.811520508	0.890493187	0.0385240544
185	1.88029307	0.832802399	0.813803944	0.891079546	0.0389078928
186	1.88895827	0.830938935	0.81593291	0.891927786	0.0394797046
187	1.90124528	0.828168041	0.817510381	0.892931279	0.0400851946
188	1.91532754	0.824776627	0.818138925	0.893983348	0.0405700301
189	1.94082773	0.817034857	0.816712666	0.895128588	0.0408992139
190	1.97888476	0.804138038	0.813496262	0.896428181	0.0411737172
191	2.0136037	0.791230611	0.810251651	0.897785713	0.0414346034
192	2.02908598	0.783458289	0.808741052	0.899104727	0.0417229129
193	2.02907874	0.780341464	0.809928415	0.900591768	0.0420546517
194	2.02904274	0.777814083	0.812755985	0.902232727	0.0424086062
195	2.02898257	0.776113954	0.815983708	0.90356474	0.0427715721
196	2.02889829	0.775480164	0.818371609	0.904124841	0.0431303492
197	2.01569196	0.775642654	0.819921414	0.90410835	0.0435064462
198	1.98496606	0.776115521	0.82135727	0.904059363	0.0438998249
199	1.95128302	0.776859421	0.822417022	0.90398116	0.0442609956
200	1.92920937	0.77783513	0.82283823	0.903876864	0.0445404581
201	1.9186019	0.782180991	0.821233476	0.903278531	0.0447197054
202	1.90956362	0.790516979	0.817614718	0.902087212	0.0448501092
203	1.90325486	0.7986497	0.813964225	0.900915255	0.0449856021
204	1.90083928	0.802384743	0.812264658	0.90037516	0.0451801133
205	1.92026754	0.795088837	0.814082469	0.901570207	0.0455138727
206	1.96407702	0.778611105	0.818393624	0.904265232	0.0459996924
207	2.00827069	0.761928528	0.823273604	0.906983891	0.0465861282
208	2.02884602	0.754019293	0.826797837	0.908249623	0.0472217247
209	2.02132967	0.753801301	0.828840874	0.907415252	0.0479502487
210	2.0040721	0.753645772	0.830601089	0.905533013	0.048812257
211	1.98592003	0.753551365	0.831993038	0.903634266	0.0497419437
212	1.97571645	0.753519015	0.832930879	0.902750264	0.0506734774
213	1.97295027	0.755686212	0.833448298	0.903167374	0.0515793879
214	1.97079257	0.760572954	0.833774812	0.904108494	0.0524992088
215	1.96938551	0.765502552	0.834111206	0.905057867	0.0534654275
216	1.96887334	0.767797634	0.834658245	0.905499868	0.0545105253
217	1.98608436	0.760908714	0.836454011	0.905272342	0.0557392117
218	2.0248931	0.74537362	0.839521232	0.904759003	0.0571219505
219	2.06404219	0.729702288	0.842429874	0.904241164	0.0584794278
220	2.0822689	0.722406156	0.843749611	0.904000072	0.0596323017
221	2.07144502	0.724072269	0.842430551	0.904512232	0.0605184507
222	2.04614927	0.727834026	0.839455377	0.905667242	0.0612736318
223	2.01842519	0.731628772	0.836454112	0.906832382	0.0620084747
224	2.00031429	0.7333955	0.835056807	0.907374838	0.0628335902
225	1.99305591	0.733217537	0.835964194	0.906804587	0.0638323424
226	1.98806299	0.732815069	0.838011162	0.905427302	0.0649420833
227	1.98347208	0.732409072	0.840076081	0.903808816	0.0660535727
228	1.97742198	0.732220051	0.841037449	0.902514978	0.0670575686
229	1.96663314	0.732401175	0.840999808	0.901525223	0.0679078244
230	1.95238905	0.732900347	0.840887587	0.900550035	0.0686789152
231	1.93992452	0.733631888	0.840707223	0.899803561	0.0694395026
232	1.93447506	0.734510122	0.840464876	0.899500084	0.0702582393
233	1.93853149	0.736456583	0.838856668	0.900467549	0.0711709807
234	1.94768172	0.739595488	0.835598614	0.902649235	0.0721409276
235	1.9569122	0.742525826	0.832381534	0.904850055	0.0731292464
236	1.96120966	0.743846265	0.830896667	0.905874695	0.0740971081
237	1.9595357	0.742191052	0.832419144	0.905856028	0.0750738144
238	1.95505222	0.738457906	0.83585311	0.90581325	0.0760690291
239	1.94875338	0.73469202	0.839317192	0.905770097	0.0770072224
240	1.94163252	0.73293873	0.84092997	0.905750006	0.0778128455
241	1.93038112	0.733116479	0.838077588	0.905937399	0.078451431
242	1.91420521	0.73358589	0.83164478	0.90642238	0.0789941674
243	1.89835818	0.734229042	0.825155558	0.907068635	0.07952247
244	1.88809474	0.734928484	0.822134359	0.9077398	0.0801177496
245	1.88277848	0.735990741	0.822394498	0.908637197	0.0808093798
246	1.87829757	0.737455887	0.823095872	0.9097997	0.0815607585
247	1.87519443	0.73875823	0.824087055	0.910809796	0.0823579031
248	1.87401286	0.739331944	0.825217446	0.911249873	0.0831868403
249	1.89054461	0.73625683	0.827031498	0.910718797	0.0840770138
250	1.92844567	0.72888181	0.829671544	0.909521008	0.0850314219
251	1.96824769	0.720333569	0.832305032	0.908312715	0.0859914702
252	1.99047741	0.71373957	0.834099198	0.907750168	0.0868985509
253	1.99630604	0.709055386	0.835143076	0.908281207	0.0877244084
254	2.00083726	0.704573025	0.836048667	0.909479002	0.0885069379
255	2.00378389	0.701199312	0.836688783	0.910687296	0.089285346
256	2.0048541	0.699841812	0.836936024	0.911249833	0.0900988358
257	1.99088365	0.701804084	0.836592122	0.910770212	0.0909474797
258	1.95938238	0.706229474	0.835816541	0.909538384	0.0918150929
259	1.92760511	0.710693637	0.835034164	0.907918453	0.0927199812
260	1.91281083	0.712771979	0.83466992	0.906274497	0.0936804599
261	1.91650653	0.711755478	0.835691353	0.904199333	0.0947380048
262	1.92526737	0.709462071	0.837994733	0.901589096	0.095880634
263	1.93515604	0.707148571	0.840318294	0.899346698	0.0970428842
264	1.94223847	0.706071494	0.841400054	0.898375279	0.0981592822
265	1.9458561	0.707759902	0.84080839	0.899892766	0.0992484783
266	1.9485989	0.711567656	0.839473577	0.903315034	0.100336561
267	1.95115927	0.715408772	0.838127069	0.906767286	0.101361048
268	1.95422895	0.717197047	0.837500187	0.908374522	0.102259435
269	1.95897608	0.713309144	0.837665405	0.908342401	0.102998671
270	1.96484478	0.704541474	0.838095129	0.908245632	0.103640533
271	1.96985165	0.695696987	0.838671413	0.908089491	0.104264134
272	1.97201306	0.691579335	0.839276449	0.907878786	0.104948585
273	1.97156881	0.694143951	0.840108719	0.906338383	0.105724019
274	1.97029685	0.699929426	0.841202372	0.903185938	0.106551274
275	1.96833748	0.70576559	0.842157743	0.900066475	0.107408708
276	1.96583052	0.708482683	0.842575068	0.898625427	0.108274683
277	1.95730553	0.706348576	0.841411133	0.901148286	0.109154569
278	1.94179108	0.701534755	0.838786415	0.906837807	0.110057523
279	1.92684097	0.696678759	0.836138701	0.912577176	0.110964997
280	1.92001082	0.694417994	0.834906027	0.915249205	0.111858437
281	1.92279874	0.696179889	0.835713097	0.913732234	0.112715717
282	1.92908952	0.700364329	0.837533711	0.910309966	0.11355177
283	1.93543541	0.705114151	0.839370276	0.906857714	0.114404884
284	1.93838981	0.70857232	0.84022531	0.905250478	0.115313349
285	1.92940852	0.710401368	0.839690637	0.906388324	0.116311547
286	1.90915546	0.711806371	0.83848448	0.908955026	0.117378503
287	1.88872496	0.713130696	0.837267756	0.911544215	0.118468529
288	1.87921331	0.714717403	0.836701296	0.912749641	0.119535932
289	1.87928629	0.717175109	0.837168769	0.910378491	0.120566138
290	1.87951676	0.720224927	0.83822943	0.905031197	0.121584334
291	1.87989894	0.72283082	0.839315028	0.899637053	0.122602341
292	1.88042989	0.723956624	0.839857334	0.897125747	0.123631975
293	1.89483796	0.720516703	0.839902187	0.898068678	0.124681597
294	1.92668347	0.712759616	0.839923578	0.900280708	0.125743598
295	1.95910287	0.704934568	0.83994494	0.902723966	0.126805794
296	1.97522825	0.701291526	0.839989572	0.904361034	0.127856001
297	1.97685725	0.702176726	0.840839141	0.905061192	0.128875533
298	1.97805399	0.704175124	0.842777705	0.90555072	0.129875408
299	1.97879536	0.70619103	0.844994846	0.906008484	0.130889356
300	1.979054	0.707129559	0.846679915	0.906613162	0.131951111
301	1.96751254	0.704306596	0.847650704	0.90770463	0.133057774
302	1.94148863	0.697940731	0.848418169	0.909160673	0.134198512
303	1.91523672	0.691519093	0.849165831	0.910439648	0.135398602
304	1.90301484	0.688529426	0.850077083	0.910999838	0.136683328
305	1.90308656	0.689566197	0.851542716	0.908704379	0.138133948
306	1.9032866	0.691984166	0.853413797	0.903528198	0.13973079
307	1.90356419	0.69462014	0.855030493	0.898306667	0.141339747
308	1.90387216	0.696311492	0.855732881	0.895875723	0.14282669
309	1.90418407	0.697075166	0.853681655	0.898322397	0.144158133
310	1.90457165	0.69771735	0.849056082	0.903840805	0.14541463
311	1.90513531	0.698161351	0.844389983	0.909407562	0.146625897
312	1.90597548	0.698330214	0.842217627	0.911999229	0.147821626
313	1.91485577	0.694307189	0.843020246	0.911976443	0.14900929
314	1.93350206	0.685235943	0.844831453	0.911905399	0.150174443
315	1.95205162	0.676085222	0.846658529	0.911788633	0.151315579
316	1.96063929	0.671824998	0.847509145	0.911627917	0.152431194
317	1.94035369	0.679355754	0.846403883	0.909321992	0.153516589
318	1.89460783	0.696339012	0.843911159	0.904369839	0.154575144
319	1.84846119	0.713471066	0.841396596	0.899420999	0.15561798
320	1.82697708	0.72144709	0.840225912	0.897125682	0.156656224
321	1.84840224	0.715913809	0.840706796	0.898554761	0.157692263
322	1.89672624	0.70343198	0.841791882	0.901856482	0.158720492
323	1.94547362	0.690840793	0.842886475	0.905383052	0.159740722
324	1.96816852	0.684978821	0.843396075	0.907486908	0.160752765
325	1.95650843	0.685446013	0.842308744	0.908228765	0.16175096
326	1.93020194	0.686609339	0.83985668	0.908826408	0.162737159
327	1.90366497	0.688049406	0.837383134	0.90922641	0.163723169
328	1.89131038	0.689348427	0.836231546	0.909374961	0.164720799
329	1.89291515	0.690615943	0.837120739	0.90772443	0.165714685
330	1.89654187	0.692012322	0.839271332	0.904002713	0.16670393
331	1.90020037	0.693144921	0.841805161	0.900248389	0.167725098
332	1.90190363	0.693620959	0.843844132	0.89850052	0.168814762
333	1.89912624	0.693116406	0.845290962	0.898613832	0.170015878
334	1.89218933	0.691978433	0.846627024	0.898870503	0.171308854
335	1.88349801	0.69083049	0.847778756	0.899129421	0.172634285
336	1.87545774	0.690296052	0.848672419	0.899249964	0.173932761
337	1.8671949	0.690630403	0.849416193	0.899107891	0.175198983
338	1.85785068	0.691472103	0.850099142	0.898741481	0.176461764
339	1.85017835	0.69254114	0.850600341	0.898256197	0.17770832
340	1.84693209	0.693557562	0.850798818	0.897757508	0.178925856
341	1.84757818	0.694664275	0.850308173	0.89710833	0.180116753
342	1.84944795	0.69595357	0.849111722	0.896278758	0.181287448
343	1.85236765	0.697026387	0.847678348	0.895561688	0.182429811
344	1.85616429	0.697483552	0.846477029	0.89525009	0.183535711
345	1.87139028	0.694038913	0.845465905	0.89580019	0.184591509
346	1.90005529	0.686271624	0.844427766	0.897040762	0.185607239
347	1.9279012	0.678436283	0.843615012	0.898292204	0.186611392
348	1.94066643	0.67478845	0.843280169	0.898874827	0.187632465
349	1.93366971	0.678729421	0.844100296	0.897603871	0.188717667
350	1.91788496	0.687617997	0.845949737	0.894737721	0.189840778
351	1.90196192	0.696584448	0.84781538	0.89184646	0.190916513
352	1.89454876	0.700758883	0.848683952	0.8905004	0.191859581
353	1.89909197	0.696263	0.847191245	0.892552668	0.192622813
354	1.909341	0.686122853	0.843676492	0.897352395	0.193281538
355	1.91967983	0.675893865	0.839757644	0.902625221	0.193933388
356	1.92449319	0.671131642	0.837052859	0.906096541	0.194675994
357	1.90878658	0.675541609	0.835561723	0.907785245	0.195543764
358	1.87336797	0.685488428	0.834247086	0.90922839	0.196498258
359	1.83763905	0.695522393	0.833307486	0.910237829	0.19753235
360	1.82100505	0.700193821	0.832941828	0.910624896	0.198638925
361	1.82830857	0.697384769	0.836246702	0.909700063	0.199885262
362	1.84510809	0.691047767	0.843698778	0.907459039	0.20127291
363	1.86286058	0.684655244	0.851216144	0.904807306	0.202687176
364	1.87302567	0.681679132	0.85471594	0.902650525	0.204013346
365	1.87604024	0.682179832	0.853762448	0.900941543	0.205235486
366	1.8784148	0.683310813	0.85151607	0.899232744	0.206415408
367	1.87997576	0.684451702	0.84901333	0.897913935	0.20754709
368	1.88054753	0.684982856	0.847290008	0.89737515	0.208624491
369	1.87700834	0.684741615	0.846345563	0.898594422	0.209621246
370	1.86902779	0.684063923	0.845514241	0.901361577	0.210553266
371	1.86097733	0.683044773	0.84492072	0.90419723	0.211480963
372	1.85722934	0.681779071	0.844689912	0.90562176	0.212464758
373	1.87214378	0.678366203	0.845531602	0.905782247	0.213529498
374	1.90577548	0.672510415	0.847429592	0.905900636	0.214644533
375	1.93970183	0.666950755	0.849344211	0.905974238	0.215789214
376	1.95549664	0.664426911	0.850235584	0.905999993	0.2169429
377	1.94303391	0.66633335	0.849962327	0.905916668	0.218117117
378	1.91439791	0.670839519	0.849270189	0.905691986	0.219318631
379	1.88419202	0.675902953	0.84838233	0.905372803	0.220516358
380	1.86701885	0.679481342	0.847521722	0.905005997	0.221679203
381	1.86274813	0.681416931	0.846741086	0.904334887	0.222836226
382	1.86000687	0.683024491	0.845915188	0.903329003	0.223994765
383	1.85772317	0.684319162	0.845012661	0.902410122	0.225084646
384	1.85482832	0.685315673	0.844002169	0.90200012	0.226035681
385	1.85011655	0.686166865	0.842541301	0.902810332	0.2268047
386	1.84434025	0.686939056	0.840704563	0.904711786	0.227462866
387	1.839429	0.687501388	0.839126956	0.906816831	0.228111584
388	1.83731255	0.687722961	0.838443593	0.908237683	0.228852255
389	1.83887326	0.686050417	0.838606902	0.908977357	0.229710167
390	1.84239374	0.682279017	0.838975576	0.909619799	0.230647732
391	1.84594505	0.678474575	0.839347481	0.9100743	0.231678073
392	1.84759841	0.676703374	0.839520625	0.910249953	0.232814328
393	1.83501694	0.681064963	0.83946456	0.908068212	0.23417348
394	1.80664705	0.690900691	0.839338027	0.903148701	0.235750724
395	1.77802861	0.700822593	0.839210386	0.898186089	0.237363258
396	1.76470496	0.705441849	0.839150961	0.895875687	0.238828246
397	1.76862047	0.701358377	0.839206278	0.897240989	0.24007232
398	1.77813364	0.692147838	0.839369799	0.900321031	0.241212305
399	1.7894294	0.682856603	0.839632234	0.903428058	0.242344391
400	1.79869544	0.678530962	0.839984294	0.90487457	0.243564755
401	1.80616521	0.679392129	0.842244329	0.902693212	0.244976469
402	1.81368968	0.681450848	0.846805816	0.897773701	0.246514547
403	1.8195205	0.683814496	0.851306325	0.892811089	0.248018315
404	1.82190835	0.68559147	0.853382843	0.890500687	0.249327088
405	1.82033137	0.686640536	0.850471573	0.892226459	0.250389274
406	1.81677408	0.687510846	0.843905832	0.896119289	0.2513243
407	1.81318563	0.68828864	0.837282568	0.900046226	0.252221329
408	1.81151498	0.689059998	0.834199031	0.901874456	0.253169506
409	1.81242288	0.689786199	0.835148601	0.900863458	0.254208994
410	1.81447114	0.690441986	0.837291767	0.898453309	0.255289146
411	1.81653734	0.691146351	0.83945371	0.895696755	0.256365548
412	1.81749928	0.692018323	0.840460227	0.893646307	0.257393793
413	1.81545852	0.693528819	0.840103908	0.892299381	0.25833351
414	1.81085636	0.695581813	0.839299804	0.891046359	0.259219123
415	1.80621387	0.697397271	0.838488655	0.890119199	0.260119826
416	1.80405251	0.698195027	0.838111015	0.889750101	0.261104817
417	1.80501047	0.694871193	0.838877294	0.8918559	0.262252927
418	1.80733318	0.687376071	0.84060536	0.896604298	0.263522837
419	1.81008182	0.679815281	0.842348566	0.901394297	0.264799656
420	1.81231794	0.676295269	0.843160136	0.903624337	0.265968481
421	1.81409062	0.67911642	0.842180015	0.903600745	0.266999548
422	1.81586347	0.685479932	0.839969486	0.903538697	0.267963668
423	1.81723186	0.691899197	0.83773959	0.903457599	0.268890798
424	1.81779094	0.694887759	0.836701437	0.903376202	0.269810878
425	1.81570973	0.694658645	0.837466712	0.903307498	0.270719021
426	1.81016502	0.694140032	0.839192958	0.903237196	0.271603629
427	1.80242945	0.693616875	0.840934327	0.903143032	0.272487868
428	1.79377611	0.693373313	0.841745042	0.90300274	0.273394908
429	1.77940513	0.695924849	0.840616059	0.902277771	0.274335861
430	1.75874733	0.701678232	0.837958654	0.900875617	0.275297704
431	1.74012689	0.707482022	0.834998189	0.899505094	0.276268022
432	1.73186989	0.710184043	0.832960137	0.898875186	0.2772344
433	1.73858644	0.708910748	0.831843826	0.898927348	0.278173795
434	1.75575481	0.705569492	0.830861368	0.899078428	0.2790984
435	1.77815084	0.701020702	0.830160015	0.899313952	0.280050564
436	1.80055076	0.696124375	0.829887292	0.89961962	0.281072639
437	1.82786372	0.688908999	0.832295533	0.900511074	0.282232427
438	1.8616097	0.67910014	0.837725817	0.902230878	0.283501212
439	1.89039383	0.670425439	0.843203677	0.904295924	0.284771713
440	1.90281827	0.666613407	0.845753958	0.906222944	0.285936635
441	1.89035498	0.667625601	0.844730154	0.908237164	0.28697088
442	1.86224462	0.669986261	0.842251261	0.910496424	0.287940461
443	1.83388798	0.67255845	0.839326286	0.912344451	0.288868802
444	1.82068622	0.674206017	0.836963794	0.913124779	0.289779306
445	1.82172267	0.674946045	0.835118108	0.912128013	0.29064695
446	1.82406854	0.67556768	0.833283631	0.90977345	0.291469746
447	1.82643496	0.675997139	0.831872512	0.907130236	0.292311017
448	1.82753668	0.676160379	0.831297153	0.905267608	0.293234104
449	1.82725337	0.675133756	0.833365839	0.904187023	0.294285714
450	1.82643182	0.672818822	0.838098136	0.903220579	0.29543709
451	1.82514518	0.670483606	0.843041556	0.902523205	0.296638193
452	1.82346641	0.66939642	0.845743118	0.902250074	0.297838984
453	1.81855571	0.669551094	0.846370024	0.903065799	0.299095274
454	1.80886758	0.67000561	0.846851982	0.904905268	0.300414748
455	1.79673669	0.670728299	0.847162478	0.906760854	0.301663514
456	1.78449858	0.67168777	0.847274407	0.907624743	0.302707644
457	1.76946359	0.676786077	0.845361349	0.906832579	0.303485453
458	1.75109089	0.686833311	0.841047708	0.904900706	0.304120201
459	1.7354898	0.696695	0.836696274	0.90258687	0.304752698
460	1.72877111	0.70123542	0.834670414	0.900648803	0.305523745
461	1.74619545	0.69482679	0.837652752	0.899019547	0.306586758
462	1.78638735	0.680373536	0.844378706	0.897347675	0.307878501
463	1.82919288	0.665793653	0.851163589	0.896039153	0.3092083
464	1.85445454	0.659005821	0.854322368	0.895500151	0.310385463
465	1.86298957	0.659688458	0.853237888	0.897093654	0.31134146
466	1.86982399	0.661517134	0.850549681	0.900687036	0.312198732
467	1.8743765	0.664078502	0.847232216	0.904311901	0.313045542
468	1.8760611	0.666961036	0.844259349	0.905999498	0.313970134
469	1.86330309	0.671847384	0.841397207	0.904644489	0.315030903
470	1.83413667	0.678935706	0.838265031	0.901470281	0.31617909
471	1.80371211	0.685344014	0.835732627	0.897971964	0.317342571
472	1.78718328	0.688189662	0.834670112	0.895644545	0.318449226
473	1.7834841	0.686619756	0.83602707	0.894478939	0.319459869
474	1.78064871	0.683078052	0.839098658	0.893476072	0.320421106
475	1.77882667	0.679505319	0.842225415	0.892771239	0.32138831
476	1.7781712	0.677841992	0.843747749	0.892500073	0.322416849
477	1.77865896	0.679164053	0.843849726	0.892764848	0.32354986
478	1.77996305	0.682146162	0.843923785	0.893413421	0.324755345
479	1.78179144	0.685154398	0.843969233	0.894196947	0.325975366
480	1.78385217	0.686554917	0.843984958	0.894866576	0.327151987
481	1.78649432	0.684114998	0.843895606	0.895320438	0.328263583
482	1.79010689	0.678612511	0.843694125	0.895705986	0.329344099
483	1.79439515	0.673061816	0.843490878	0.896139803	0.330416694
484	1.79906421	0.670477626	0.843396255	0.896738452	0.331504521
485	1.80565341	0.670571525	0.843671716	0.898122838	0.332604135
486	1.81406764	0.67084636	0.844307853	0.900264361	0.333706067
487	1.82133873	0.671277997	0.844987197	0.902239545	0.334826926
488	1.82449789	0.671843043	0.845392222	0.903124741	0.335983329
489	1.82122567	0.673644264	0.845534695	0.9026979	0.337192515
490	1.81282043	0.677210632	0.845649432	0.901627932	0.338444265
491	1.80176331	0.681532432	0.845726204	0.900279589	0.339713285
492	1.79053553	0.68559961	0.845754709	0.899017491	0.340974277
493	1.77943944	0.689840661	0.844630227	0.897862354	0.342222291
494	1.7668922	0.694600044	0.842094719	0.896639159	0.343470301
495	1.75271774	0.698596886	0.839536996	0.89544831	0.34471831
496	1.73674047	0.70054992	0.838346219	0.894390291	0.34596632
497	1.71306801	0.700955311	0.838542913	0.893544279	0.347240362
498	1.6826478	0.701258668	0.839034647	0.892822334	0.348533079
499	1.65629681	0.701449523	0.83964999	0.892072339	0.349790994
500	1.64483396	0.701516991	0.840217804	0.891142169	0.35096062
501	1.6585354	0.701387874	0.840798287	0.88955532	0.351997189
502	1.68970764	0.70102494	0.841452991	0.887433311	0.352947373
503	1.72183387	0.700478319	0.841989896	0.885567716	0.353896197
504	1.73839628	0.69979816	0.842216917	0.884750236	0.35492869
505	1.74039684	0.698550503	0.842128701	0.885218629	0.35610692
506	1.74142395	0.696399073	0.841929648	0.886441487	0.357383985
507	1.74240592	0.693590941	0.84172885	0.888093106	0.358681101
508	1.74426718	0.690373315	0.841635366	0.889847879	0.359919487
509	1.75376356	0.684996799	0.842205927	0.892340546	0.361116644
510	1.77160763	0.677395862	0.843492494	0.89566886	0.36230593
511	1.788934	0.670582385	0.844790333	0.898593445	0.363423175
512	1.79687532	0.667568892	0.845394557	0.89987463	0.364404187
513	1.78114797	0.674969721	0.842943628	0.898091625	0.365207939
514	1.74568056	0.691659133	0.837416851	0.89407046	0.365901322
515	1.7099024	0.708494767	0.831841653	0.890014064	0.366582328
516	1.69324547	0.716332789	0.829246055	0.888125562	0.36734895
517	1.70543772	0.711339948	0.830198597	0.890041179	0.368265575
518	1.73324184	0.700076799	0.832348135	0.894361793	0.369281544
519	1.76204864	0.688714971	0.834516506	0.898720261	0.370322827
520	1.77725007	0.683425341	0.835526015	0.900749396	0.371315397
521	1.78003145	0.684260577	0.835288929	0.899896257	0.372231996
522	1.78213276	0.686147422	0.834753669	0.897971231	0.373115792
523	1.78346643	0.688050797	0.834213719	0.896029339	0.373995463
524	1.78394137	0.688936936	0.833962339	0.895125269	0.374899682
525	1.77124719	0.688829553	0.834770239	0.897003235	0.37585315
526	1.74262399	0.688535884	0.836592067	0.901238292	0.376836487
527	1.71375002	0.688111486	0.838429856	0.905510454	0.377811566
528	1.70030741	0.687611686	0.83928546	0.907499408	0.37874026
529	1.70739493	0.686643466	0.839285714	0.905147463	0.379598191
530	1.72360343	0.685139703	0.839285714	0.899842947	0.380412676
531	1.74050354	0.683696933	0.839285714	0.894491956	0.381223022
532	1.74966764	0.682911834	0.839285714	0.892000741	0.382068531
533	1.75169449	0.682695056	0.837654423	0.892382495	0.382967402
534	1.75324659	0.682527584	0.833976176	0.89334527	0.383898216
535	1.75424316	0.682419261	0.830265703	0.894568838	0.384841988
536	1.75460145	0.682380086	0.82853825	0.895733597	0.385779737
537	1.74843536	0.686957588	0.828596661	0.896955049	0.386691868
538	1.7345318	0.697278995	0.828769604	0.898352345	0.387592604
539	1.72050643	0.707690831	0.829044875	0.899568272	0.388514569
540	1.71397676	0.71253818	0.82941077	0.900245497	0.389490388
541	1.72945507	0.707028496	0.831342974	0.900444389	0.39055912
542	1.76496308	0.694307063	0.835174031	0.900550377	0.391700671
543	1.80229913	0.680732345	0.839002273	0.900660148	0.392856865
544	1.82325863	0.672663092	0.840925554	0.900870297	0.393969521
545	1.82801155	0.669862241	0.841172521	0.902709963	0.395011556
546	1.83088032	0.667614975	0.841355379	0.90645806	0.396018649
547	1.83340862	0.666109426	0.841469413	0.910163441	0.397025192
548	1.8371361	0.665535208	0.841509424	0.911874493	0.398065574
549	1.84497533	0.665510916	0.840351704	0.91016548	0.399183094
550	1.85604411	0.665493535	0.837741247	0.90624056	0.400351183
551	1.86596187	0.665483003	0.83510792	0.902104463	0.401496847
552	1.87034744	0.6654794	0.833881944	0.899761946	0.402547087
553	1.85451741	0.668520326	0.834446229	0.89910255	0.403464389
554	1.8179306	0.675377029	0.835768814	0.898586165	0.404303536
555	1.77878383	0.682293806	0.837227267	0.898248322	0.405128682
556	1.75527759	0.685513991	0.83819935	0.898125032	0.406003979
557	1.74678089	0.684913525	0.838688617	0.899111548	0.406945632
558	1.73991074	0.683557429	0.839110073	0.901336022	0.407922589
559	1.73529933	0.682189452	0.839406527	0.903579986	0.408931729
560	1.73358307	0.681552574	0.839520646	0.904624689	0.409969943
561	1.7349405	0.683926824	0.838798066	0.903866117	0.411070054
562	1.73850197	0.689280725	0.837116258	0.902154983	0.412226739
563	1.74335166	0.694681533	0.835287755	0.900428857	0.413375181
564	1.74857377	0.697195941	0.834125284	0.899625239	0.414450549
565	1.75627732	0.69552652	0.83370527	0.900554632	0.415428635
566	1.76675514	0.691760612	0.833433641	0.902650771	0.416351818
567	1.77602312	0.68796171	0.833174199	0.904765275	0.417252728
568	1.78009621	0.686193087	0.832790897	0.905749707	0.418163992
569	1.77046388	0.689310195	0.831924082	0.903776905	0.419111537
570	1.74874217	0.696339856	0.830638856	0.899327955	0.420073108
571	1.72683015	0.703431106	0.829468785	0.894840028	0.421008552
572	1.71662876	0.706732519	0.82894752	0.892750622	0.421877714
573	1.71944574	0.705021902	0.828992581	0.894780012	0.422629566
574	1.72580436	0.701162577	0.829127725	0.899357296	0.423304132
575	1.73221868	0.69726944	0.829347565	0.903974683	0.424001119
576	1.73520494	0.695456945	0.829646853	0.90612436	0.424820242
577	1.728326	0.696000397	0.832428753	0.904265737	0.425909962
578	1.71281334	0.69722699	0.838243534	0.900073458	0.427221205
579	1.69716476	0.698464329	0.844022783	0.895844449	0.428547771
580	1.68987938	0.699040387	0.84669732	0.893875586	0.42968343
581	1.70331502	0.696821974	0.844360584	0.894842576	0.430562832
582	1.73361467	0.691819495	0.839089907	0.897024272	0.431326816
583	1.76417979	0.686773187	0.833773052	0.899225082	0.432069455
584	1.77840973	0.684423821	0.831297729	0.900249695	0.432884796
585	1.76339845	0.68597428	0.831521798	0.899928468	0.433821659
586	1.72954138	0.689610755	0.832067565	0.899049995	0.434829926
587	1.69538767	0.693628521	0.832715899	0.897777754	0.435857333
588	1.67948702	0.696323068	0.833248337	0.896275012	0.436851623
589	1.68268623	0.69761085	0.833678541	0.893192926	0.437781562
590	1.69039486	0.698646835	0.834112324	0.888360183	0.438680583
591	1.69938935	0.699453449	0.834448651	0.883884878	0.439592913
592	1.70644994	0.700052762	0.834586428	0.881875588	0.440562779
593	1.71165244	0.700548247	0.834336834	0.882954462	0.44164152
594	1.71670158	0.700988884	0.833773961	0.885471059	0.442800264
595	1.72053336	0.701305612	0.833206156	0.888217522	0.443960268
596	1.72208301	0.701429341	0.832941808	0.889986251	0.44504278
597	1.71392082	0.701217775	0.833705161	0.890793684	0.446030107
598	1.69551569	0.700740659	0.835426551	0.89147421	0.446969156
599	1.67694931	0.700259363	0.837163023	0.8919455	0.447873582
600	1.66830551	0.70003529	0.837971458	0.892124952	0.448757028
601	1.67457095	0.700239208	0.836924574	0.891726586	0.449642759
602	1.68870411	0.700819239	0.83437099	0.890828241	0.450519666
603	1.70296109	0.701706416	0.831310751	0.889922025	0.451348043
604	1.70959859	0.702831784	0.828743983	0.889500126	0.452088183
605	1.70273681	0.706381678	0.826580268	0.889841497	0.452692117
606	1.68726037	0.712729866	0.824357206	0.890611508	0.45320676
607	1.67164834	0.718820882	0.822616143	0.891388264	0.453737838
608	1.66437998	0.721598539	0.821898697	0.891749892	0.454391087
609	1.66571062	0.719799601	0.823642678	0.891522335	0.455298845
610	1.66928101	0.71555042	0.827737559	0.891008995	0.456426733
611	1.67430437	0.710783367	0.832276046	0.890491157	0.45762373
612	1.6799957	0.707430553	0.835350501	0.890250072	0.458738794
613	1.68817253	0.70549444	0.836767177	0.89070533	0.45971505
614	1.69972906	0.703765162	0.837831997	0.89173201	0.460640291
615	1.71221466	0.702518443	0.838753093	0.892767686	0.461574646
616	1.72317795	0.702030444	0.839738231	0.893249857	0.462578226
617	1.73351589	0.702173978	0.841025795	0.891352793	0.463724805
618	1.74421418	0.702597123	0.842453352	0.887074957	0.464973663
619	1.75262456	0.703273516	0.843614709	0.882759642	0.466209047
620	1.75609782	0.704176889	0.844103635	0.880750598	0.467315194
621	1.73583865	0.709497805	0.840911842	0.881945241	0.468243549
622	1.69015593	0.720127297	0.833714652	0.884640277	0.469077118
623	1.64407297	0.730591516	0.826454405	0.887358925	0.469893993
624	1.62261852	0.735415268	0.823074314	0.888624623	0.470772258
625	1.63133462	0.732867613	0.824856398	0.888397335	0.471743438
626	1.65195492	0.726972105	0.82887692	0.887883995	0.47276732
627	1.67515251	0.720653117	0.832932667	0.887366157	0.473817261
628	1.6916042	0.716834392	0.834820867	0.887125072	0.474866628
629	1.7005504	0.715678668	0.834512046	0.887656218	0.475897229
630	1.70797756	0.714974391	0.833814447	0.888854012	0.476926554
631	1.71399519	0.714300316	0.833110737	0.8900623	0.477981511
632	1.71871093	0.713235788	0.832783116	0.890624833	0.479089007
633	1.72283518	0.710420345	0.833912623	0.890093782	0.480296145
634	1.72661222	0.705983476	0.836459662	0.888895988	0.481582521
635	1.72937946	0.70186877	0.839029016	0.8876877	0.482870144
636	1.73047411	0.700020167	0.840225208	0.887125167	0.484081015
637	1.72451041	0.702379462	0.839486659	0.888377157	0.485239571
638	1.70987753	0.708042226	0.837642706	0.891200528	0.486379816
639	1.69213506	0.714614357	0.835335183	0.894048636	0.487428161
640	1.6768441	0.719701569	0.833205793	0.895374605	0.48831099
641	1.6632345	0.723202579	0.83102869	0.894046955	0.488983339
642	1.64889641	0.726456478	0.828573103	0.89105247	0.489530956
643	1.63751996	0.729036905	0.826559301	0.88803175	0.49007661
644	1.63279683	0.730516975	0.825707789	0.886625418	0.49074307
645	1.6344612	0.731226168	0.826413247	0.88664901	0.491674
646	1.63900266	0.731792395	0.828004463	0.886720834	0.492811976
647	1.64556019	0.732168597	0.829609621	0.886837772	0.4939712
648	1.65327358	0.732307533	0.830356921	0.886997122	0.494965857
649	1.66880226	0.727902218	0.830045203	0.888523763	0.495729113
650	1.69298086	0.717969002	0.829341839	0.891722141	0.496387849
651	1.71532485	0.707948758	0.828632313	0.894902476	0.497039701
652	1.72534732	0.703283719	0.828301985	0.896374563	0.497782288
653	1.71532883	0.707092551	0.828479624	0.894288072	0.498652142
654	1.69273245	0.715683862	0.828952513	0.889582453	0.499610221
655	1.66993811	0.724350444	0.829610975	0.884835606	0.500645005
656	1.65932594	0.728385271	0.83034538	0.882625658	0.501744989
657	1.66431012	0.726169989	0.831553034	0.884351459	0.503056909
658	1.67555562	0.721172248	0.833281288	0.888244289	0.504559044
659	1.68689965	0.716130721	0.834836812	0.892171226	0.505967418
660	1.69218099	0.71378358	0.835526115	0.893999456	0.506998003
661	1.67761175	0.719527892	0.83332013	0.891059329	0.507620473
662	1.6447574	0.73248178	0.828345606	0.884428684	0.508087817
663	1.61161519	0.745549161	0.823327498	0.877739945	0.508522668
664	1.59618546	0.75163283	0.820991261	0.874625927	0.509047607
665	1.60401617	0.748712712	0.822911458	0.8767309	0.509733137
666	1.62168326	0.741977597	0.827242698	0.881479298	0.510519944
667	1.63950514	0.73481438	0.831611886	0.886269297	0.511337918
668	1.64780233	0.73060906	0.833646011	0.888499337	0.512116952
669	1.64754749	0.729218243	0.831578233	0.887779061	0.512838416
670	1.64681933	0.728107762	0.826914427	0.886153484	0.513540561
671	1.64571252	0.727369752	0.82220976	0.884513664	0.514234871
672	1.64431933	0.727097138	0.820019449	0.883750227	0.514932823
673	1.64153245	0.728978517	0.820301541	0.884262246	0.51563965
674	1.63656564	0.733500886	0.820981814	0.885417262	0.516348622
675	1.63011958	0.73876736	0.82177556	0.886582397	0.517053601
676	1.6228953	0.742880548	0.822398634	0.887124839	0.517748447
677	1.61151254	0.745879467	0.822857727	0.885759011	0.518423714
678	1.59583216	0.748777963	0.823303283	0.882678969	0.519085124
679	1.5819003	0.750972356	0.823641412	0.879571942	0.519749985
680	1.57576437	0.751858511	0.823778158	0.87812543	0.52043561
681	1.58658258	0.747682261	0.823498284	0.879373656	0.521180468
682	1.61141703	0.738265071	0.822867138	0.882252193	0.521966714
683	1.63756951	0.728765374	0.822230462	0.885314574	0.522723724
684	1.65234021	0.724342681	0.82193405	0.887114372	0.523380862
685	1.65644161	0.724342139	0.822438328	0.887712293	0.52389243
686	1.65964881	0.724344508	0.823723271	0.888189983	0.524321242
687	1.66174457	0.724348468	0.82539099	0.888507601	0.524759592
688	1.66250867	0.724354014	0.827043539	0.888624969	0.525299772
689	1.6583423	0.725129962	0.82901548	0.888264531	0.526039711
690	1.64894751	0.727016691	0.831424707	0.887451742	0.526950528
691	1.6394704	0.729284892	0.83347033	0.886631832	0.527930674
692	1.63505822	0.731205021	0.834351251	0.886250114	0.528878592
693	1.63559434	0.732854173	0.832742	0.886458693	0.52977738
694	1.63680615	0.734562531	0.82909965	0.886929255	0.530678284
695	1.63802857	0.735906273	0.825392115	0.887403939	0.531575213
696	1.63859768	0.736461378	0.82358756	0.887624934	0.532462061
697	1.63534592	0.73583858	0.82346748	0.886809201	0.533354613
698	1.62801346	0.734433942	0.823380286	0.884969732	0.534251392
699	1.62061675	0.733016996	0.823326785	0.883114146	0.535117805
700	1.61717312	0.732357321	0.823308275	0.882250257	0.535919249
701	1.62461821	0.732956362	0.823343932	0.882900149	0.536656006
702	1.64140774	0.734373489	0.823424343	0.884516316	0.537351655
703	1.65834437	0.735968958	0.823505458	0.886524478	0.538003653
704	1.66622941	0.737103037	0.823543222	0.888350416	0.538609445
705	1.66498199	0.737637957	0.823406373	0.890161246	0.539140631
706	1.66168029	0.738007514	0.823097779	0.892172468	0.539613459
707	1.65713294	0.738393354	0.822786481	0.893810061	0.540095995
708	1.65214658	0.738977023	0.822641553	0.894499805	0.540656318
709	1.64438104	0.740540215	0.823955209	0.892716625	0.541346831
710	1.63354253	0.743051441	0.826917348	0.88869546	0.542142196
711	1.62386898	0.745393243	0.829905439	0.884639064	0.542993554
712	1.61959932	0.746447948	0.831296579	0.882750562	0.543852042
713	1.63802397	0.74059189	0.831200369	0.884495431	0.544698231
714	1.67957078	0.727386915	0.830982502	0.888431039	0.545561743
715	1.72148161	0.714066247	0.830762727	0.892401129	0.546465557
716	1.74099367	0.707864657	0.830660408	0.89424945	0.54743265
717	1.73564161	0.708668784	0.831327589	0.893554206	0.548531569
718	1.72242669	0.710688747	0.832832023	0.891900436	0.549742867
719	1.70624352	0.713236166	0.834349638	0.890018644	0.550950873
720	1.69198255	0.715624264	0.835056181	0.888638997	0.5520399
721	1.67903409	0.717740916	0.835003419	0.887761444	0.552980806
722	1.66530538	0.719936946	0.834854947	0.886953867	0.553848182
723	1.65397211	0.722174193	0.834632154	0.886360331	0.554675861
724	1.64821134	0.724414373	0.834356232	0.886125064	0.55549766
725	1.64660214	0.727068224	0.833625727	0.886390609	0.556297249
726	1.64537788	0.730037448	0.832378936	0.886989506	0.557064575
727	1.64459648	0.732463328	0.831196834	0.88759365	0.557847992
728	1.64431691	0.733486993	0.830660535	0.887874916	0.558695871
729	1.65062645	0.732000119	0.831470236	0.887021257	0.559659739
730	1.66485338	0.728646852	0.833296312	0.885096231	0.560711874
731	1.67920497	0.725264206	0.835138387	0.883154339	0.561779541
732	1.68588651	0.723689376	0.835995985	0.882250269	0.562789998
733	1.6832525	0.72500772	0.835715437	0.882363832	0.563739797
734	1.6762623	0.728320662	0.834984034	0.882620503	0.564665978
735	1.66657835	0.732516054	0.833999095	0.882879421	0.565550642
736	1.65586189	0.736481823	0.832957763	0.882999964	0.566375872
737	1.63868497	0.740426225	0.831498247	0.882168101	0.567112908
738	1.61438823	0.744812607	0.82956234	0.880280589	0.567785591
739	1.5926046	0.74878671	0.827865375	0.878347009	0.568457261
740	1.58296919	0.751493938	0.827122856	0.877377168	0.569191264
741	1.58359082	0.75319963	0.827604525	0.877270104	0.570002553
742	1.58538217	0.754670831	0.828868432	0.877191184	0.570865434
743	1.58815366	0.755706528	0.830589535	0.877142153	0.571786098
744	1.5917183	0.756105441	0.832442867	0.877125004	0.572770747
745	1.60285291	0.751472877	0.835177106	0.877149464	0.573897884
746	1.62353233	0.741027099	0.838896186	0.877222067	0.575155492
747	1.64555946	0.730489802	0.842185887	0.877339178	0.576404627
748	1.66073499	0.725584042	0.843631657	0.877497161	0.577506319
749	1.66935665	0.726879374	0.840859019	0.87864293	0.578431035
750	1.67692088	0.730150388	0.834572997	0.880985879	0.579270756
751	1.68230931	0.734322926	0.828148098	0.883303926	0.580060871
752	1.68440159	0.738323899	0.824959288	0.884374683	0.580836746
753	1.67362892	0.74276079	0.824656027	0.883559201	0.581563841
754	1.64933736	0.747978938	0.82443363	0.881719732	0.582237655
755	1.62483297	0.752338946	0.824296063	0.879864146	0.58294627
756	1.61342467	0.75420095	0.824248132	0.879000257	0.583777791
757	1.62314841	0.748828878	0.827404929	0.87938727	0.58488161
758	1.64508122	0.736714697	0.834522922	0.880276674	0.586218295
759	1.66720619	0.724494379	0.841703278	0.881214585	0.587582054
760	1.67750672	0.71880507	0.845046175	0.881747251	0.588767069
761	1.67002796	0.723173391	0.841997347	0.881899221	0.58972427
762	1.65265094	0.733026929	0.835120585	0.882018406	0.590584475
763	1.63384646	0.742966797	0.828183574	0.882096475	0.591400496
764	1.6220846	0.747594416	0.824953968	0.882124993	0.59222512
765	1.61754426	0.747152415	0.825480271	0.881082091	0.593060332
766	1.61410787	0.746152683	0.826788265	0.878669055	0.593881618
767	1.61147091	0.745144192	0.828407348	0.876080237	0.594706403
768	1.60933072	0.744674677	0.829867719	0.874510307	0.595552126
769	1.60778985	0.744919454	0.831292412	0.873983961	0.596456078
770	1.60674745	0.745615094	0.832861803	0.873612234	0.597400514
771	1.6055506	0.746677542	0.834134677	0.873313263	0.598317015
772	1.60354625	0.748022815	0.83466966	0.87300544	0.599137149
773	1.5926342	0.752204297	0.832695763	0.872619567	0.599820996
774	1.57161333	0.759655037	0.828244666	0.872210689	0.600425067
775	1.55108518	0.766797535	0.823754571	0.871885335	0.60102509
776	1.54165377	0.770053442	0.821664156	0.871750038	0.601696794
777	1.55932537	0.766569544	0.8234586	0.872888324	0.602489528
778	1.59917769	0.758711863	0.827506128	0.875455026	0.603365576
779	1.63937917	0.750785339	0.831589118	0.878044215	0.604270582
780	1.65809543	0.747095055	0.83349	0.879249641	0.60515019
781	1.64607385	0.749228333	0.83330028	0.87769429	0.605982763
782	1.61886638	0.754046732	0.832871222	0.874186465	0.606799483
783	1.59119769	0.758921917	0.832438405	0.870647907	0.607623257
784	1.5777907	0.761225975	0.832236902	0.86900049	0.608476983
785	1.57698686	0.761278697	0.832736107	0.869386146	0.609424568
786	1.57640458	0.76131618	0.833861853	0.870385781	0.610439179
787	1.57604796	0.761338903	0.834997463	0.871718541	0.611401346
788	1.57592478	0.76134668	0.835526158	0.873103949	0.61219158
789	1.5851782	0.759548635	0.833964464	0.874960774	0.612760158
790	1.60604296	0.755494388	0.83044279	0.877369018	0.613215009
791	1.62709051	0.751404619	0.826890262	0.879462477	0.613670017
792	1.63688944	0.749500581	0.825236341	0.880374737	0.614239059
793	1.62778145	0.751071668	0.826655054	0.879388452	0.615065766
794	1.60723811	0.754615444	0.829855086	0.877163978	0.616101918
795	1.58651479	0.758190268	0.833083155	0.874920014	0.617166011
796	1.57686681	0.759854569	0.834586019	0.873875311	0.61807652
797	1.59092426	0.757575614	0.833480951	0.87533585	0.618781907
798	1.62262756	0.752435894	0.830988227	0.878629783	0.619400673
799	1.65460863	0.747251144	0.828473664	0.881952576	0.619997572
800	1.66949778	0.744837324	0.82730298	0.88349954	0.620637333
801	1.66225244	0.745840084	0.827991241	0.883281491	0.621356404
802	1.64518463	0.748314183	0.829543921	0.882681911	0.622117052
803	1.62615367	0.751341854	0.831110204	0.881808214	0.622873742
804	1.61301669	0.75400574	0.831839406	0.880767417	0.623580943
805	1.6057718	0.756477198	0.830045498	0.878546788	0.624204872
806	1.59938386	0.759133167	0.826000094	0.875013832	0.624779886
807	1.59481797	0.761261625	0.821919247	0.871728333	0.625363151
808	1.59304102	0.762150272	0.820019362	0.870250433	0.626011837
809	1.5959378	0.760017562	0.821355592	0.871862626	0.626751167
810	1.60247059	0.755208149	0.824596356	0.875498786	0.627559221
811	1.6090606	0.750356599	0.828435389	0.879166804	0.628424479
812	1.61212866	0.748097904	0.831566582	0.880874492	0.629335429
813	1.60845777	0.748841935	0.834061714	0.879546955	0.630353521
814	1.59913852	0.750753364	0.836562603	0.87655247	0.631475324
815	1.58712147	0.7532658	0.838495293	0.87353175	0.632583192
816	1.57535734	0.755813304	0.839285494	0.872125418	0.633559453
817	1.56170107	0.759022321	0.83760961	0.872485469	0.634355431
818	1.54525387	0.763054444	0.833830319	0.873298258	0.635057366
819	1.53137163	0.766516887	0.830017917	0.874118168	0.635746379
820	1.52541167	0.768016516	0.828243009	0.874499886	0.636503585
821	1.5308875	0.766525094	0.829289592	0.873513452	0.637428829
822	1.54369923	0.763161255	0.831650625	0.871288978	0.638464005
823	1.55778266	0.759767944	0.834032343	0.869045014	0.639447614
824	1.56707361	0.758188149	0.83514118	0.868000311	0.640218145
825	1.57161967	0.759517102	0.832953221	0.868096721	0.640739647
826	1.57550982	0.762536433	0.828019054	0.868324005	0.641150803
827	1.57823343	0.765636905	0.823041658	0.868576413	0.641543818
828	1.57927848	0.767209328	0.820724374	0.868748477	0.642010877
829	1.57488989	0.76740801	0.821124265	0.868818236	0.642576402
830	1.56499382	0.767555248	0.822176365	0.868860548	0.643205926
831	1.55501105	0.767647148	0.823612154	0.868909227	0.643908596
832	1.55036345	0.767679417	0.825163682	0.868998069	0.644693574
833	1.55125738	0.76678663	0.827476077	0.87033903	0.645694463
834	1.55327613	0.764773549	0.830636857	0.873198448	0.646901387
835	1.55531256	0.762742832	0.833437563	0.876051906	0.648092462
836	1.55626065	0.761797407	0.834669455	0.877374607	0.649045764
837	1.55014462	0.762338898	0.83403925	0.877213999	0.649718119
838	1.53635354	0.763825131	0.832451228	0.876784557	0.650274663
839	1.52244163	0.765990083	0.830431153	0.876184282	0.650793241
840	1.51596477	0.768567856	0.828504622	0.875510831	0.651351668
841	1.51617776	0.774055135	0.826393119	0.874550796	0.651948773
842	1.51681744	0.782777988	0.823924884	0.873211051	0.652550384
843	1.51785287	0.79088793	0.821868011	0.871803445	0.653191841
844	1.51925496	0.794535596	0.820990816	0.87063992	0.653908505
845	1.53042979	0.78949586	0.822055575	0.869792572	0.654827077
846	1.55348785	0.778129822	0.824456965	0.869061879	0.655916445
847	1.57634394	0.766664202	0.826879394	0.868369579	0.656962367
848	1.58690983	0.761326252	0.828007183	0.867637458	0.657750564
849	1.57256422	0.766399846	0.825618179	0.866695377	0.658238577
850	1.54021056	0.777843401	0.820230679	0.865626396	0.658606607
851	1.50757345	0.789387217	0.814795978	0.864747347	0.658962715
852	1.49237887	0.794761573	0.81226579	0.864375106	0.659414928
853	1.50446194	0.789913478	0.813424796	0.866082486	0.660040598
854	1.53171713	0.778978356	0.816224469	0.869932539	0.66080257
855	1.55921111	0.767947428	0.819513124	0.873816322	0.661637392
856	1.57201125	0.762811853	0.822139478	0.875624462	0.662481608
857	1.56966689	0.763555887	0.823924606	0.874240039	0.663340736
858	1.56437223	0.765236985	0.825520823	0.871117219	0.664245461
859	1.55903118	0.766932812	0.826947349	0.867967039	0.665163851
860	1.55654459	0.767722324	0.828223199	0.866500436	0.66606396
861	1.55680212	0.765616618	0.829522693	0.867636327	0.666991991
862	1.55738448	0.760868129	0.83082286	0.870260778	0.667949691
863	1.55797194	0.756078038	0.831826593	0.873064813	0.668829602
864	1.55824544	0.753847955	0.832236728	0.874739538	0.669524236
865	1.55592354	0.756963085	0.830171957	0.875332682	0.670016089
866	1.55003031	0.76420872	0.825516041	0.875810829	0.670410436
867	1.54243125	0.77207155	0.820819332	0.876131015	0.670778017
868	1.53499245	0.777037954	0.818632726	0.876249969	0.671189554
869	1.52635805	0.779111319	0.81948446	0.876195486	0.671656202
870	1.51595957	0.780782423	0.821406421	0.876040688	0.672145689
871	1.50718293	0.781980002	0.823345221	0.87580434	0.672668453
872	1.50341496	0.78263201	0.824247852	0.875505192	0.673234946
873	1.50463531	0.782950472	0.823538922	0.874578277	0.673864127
874	1.50803065	0.783201181	0.821939816	0.872927944	0.674555747
875	1.5130688	0.783365853	0.8203267	0.871346194	0.675290128
876	1.51921834	0.783426133	0.819575695	0.870625212	0.67604759
877	1.53411817	0.778207313	0.822317392	0.870738832	0.676871292
878	1.5588703	0.766439846	0.828499893	0.870995503	0.677761521
879	1.58216894	0.754569281	0.834736561	0.871254421	0.678627014
880	1.5927057	0.749042803	0.837640114	0.871374964	0.679376489
881	1.58408662	0.753322813	0.836000535	0.871116881	0.679958438
882	1.56360023	0.763346748	0.832301655	0.870479864	0.680448849
883	1.54030556	0.774388297	0.828570367	0.869698898	0.680946825
884	1.52326123	0.781721462	0.826833224	0.869009009	0.681551466
885	1.51246879	0.785376634	0.827986399	0.868501821	0.682377932
886	1.50255169	0.788517952	0.830587753	0.868042767	0.683385865
887	1.49526983	0.790723985	0.833211898	0.867536343	0.684435737
888	1.49238518	0.791572234	0.834433599	0.866887064	0.685388005
889	1.50090252	0.789815999	0.83391977	0.865798785	0.686199347
890	1.52010926	0.785855514	0.832723331	0.864290881	0.686952816
891	1.53948427	0.78186033	0.831423246	0.862768709	0.687691939
892	1.54850453	0.780000326	0.830598278	0.861637695	0.688460226
893	1.54126013	0.781883034	0.830238243	0.860842958	0.689259566
894	1.52491936	0.786129425	0.829937539	0.860116619	0.690070353
895	1.50843542	0.79041302	0.829730671	0.859585132	0.690907461
896	1.50076113	0.792407296	0.829652277	0.859375057	0.691785775
897	1.50421495	0.791002073	0.829984247	0.85981224	0.692730453
898	1.51242589	0.787532666	0.830732822	0.860960799	0.69373215
899	1.52176045	0.783279331	0.831487957	0.862528606	0.694752151
900	1.52858636	0.779522155	0.831839518	0.86422346	0.695751736
901	1.53290275	0.776008403	0.831438859	0.86675237	0.696789837
902	1.53686731	0.772217617	0.830399681	0.870211011	0.697867688
903	1.53977758	0.769173905	0.829010468	0.873276241	0.698848923
904	1.54093026	0.767901772	0.827559718	0.874624609	0.699597151
905	1.53182654	0.771922678	0.825591982	0.874176368	0.700086632
906	1.5112987	0.780989852	0.823024467	0.873049029	0.700457207
907	1.49059101	0.790136467	0.820787492	0.871620625	0.700813878
908	1.48095031	0.794394778	0.819811602	0.87026893	0.70126163
909	1.48531311	0.794332492	0.820820111	0.86911717	0.701889196
910	1.49515686	0.79418919	0.823221146	0.867952835	0.702652457
911	1.50508685	0.794044634	0.825961187	0.866667228	0.703455517
912	1.50970987	0.793977334	0.827986684	0.865151696	0.704202475
913	1.50259732	0.795475809	0.829298997	0.86272872	0.70489281
914	1.48655678	0.798854626	0.830514102	0.859527516	0.705572734
915	1.4703757	0.802263045	0.831410592	0.856725516	0.706208113
916	1.46284241	0.803849874	0.83176682	0.855500354	0.706764788
917	1.46828166	0.802490943	0.828985836	0.857226459	0.707234509
918	1.48055116	0.799425752	0.822715035	0.861119289	0.707650738
919	1.49292816	0.796333706	0.816389294	0.865046226	0.708040322
920	1.49869042	0.794894169	0.813444272	0.866874456	0.708430108
921	1.49507915	0.795622313	0.813662713	0.865243402	0.708802245
922	1.48693257	0.797265103	0.814269063	0.861564463	0.709149913
923	1.47871461	0.798922286	0.815162041	0.857853292	0.709521202
924	1.47488865	0.799693807	0.816241178	0.856125514	0.709964214
925	1.48399761	0.797483115	0.818343393	0.858951839	0.710517914
926	1.50453911	0.792103001	0.821741309	0.865325814	0.711179982
927	1.52526058	0.785682357	0.825381336	0.871755633	0.711936499
928	1.5349077	0.780350525	0.828209601	0.874749109	0.712773545
929	1.53244842	0.775945008	0.830324051	0.874533864	0.713884126
930	1.52634825	0.771459014	0.83232975	0.874009733	0.715255335
931	1.51881492	0.76796238	0.833831492	0.873388478	0.716538871
932	1.51205406	0.766525507	0.834433796	0.872881039	0.717386363
933	1.50695891	0.770520272	0.83207796	0.872570558	0.717820747
934	1.50226551	0.780082518	0.826702653	0.872326827	0.718148344
935	1.49702157	0.791121895	0.82112184	0.872048261	0.718415873
936	1.490275	0.799547223	0.818150061	0.871633298	0.718669974
937	1.47723651	0.805398668	0.817568405	0.870472037	0.718896222
938	1.45846304	0.810951001	0.817127006	0.868511423	0.719082882
939	1.44153202	0.815109154	0.816845777	0.866549086	0.719286746
940	1.43402228	0.816777094	0.816745309	0.865382828	0.719564626
941	1.44254448	0.812782043	0.818739921	0.864937578	0.720043163
942	1.46176531	0.803772937	0.823237444	0.864579008	0.72073364
943	1.48115453	0.7946849	0.827774371	0.864339098	0.721510114
944	1.49018141	0.79045386	0.82988659	0.864250023	0.722246611
945	1.48648093	0.792603277	0.828496408	0.864414048	0.722877606
946	1.478131	0.797452637	0.825360401	0.864869116	0.723479257
947	1.46970792	0.802344483	0.822196918	0.865542419	0.724135553
948	1.46578646	0.804621938	0.820724122	0.866361124	0.724930474
949	1.47583392	0.797169092	0.823448918	0.868302612	0.726083302
950	1.49849162	0.780362836	0.829593793	0.871505616	0.727566707
951	1.52134783	0.763409335	0.835792505	0.874514827	0.729075354
952	1.5319888	0.755516438	0.838678387	0.875874601	0.730303857
953	1.52244115	0.763240992	0.836595924	0.874148541	0.731179034
954	1.50090589	0.780663664	0.831898437	0.870255711	0.731912543
955	1.47918195	0.798238981	0.827159794	0.866328774	0.732610119
956	1.46906812	0.806421371	0.824953664	0.864500544	0.733377453
957	1.47039958	0.803384699	0.826058523	0.865047773	0.734246529
958	1.47368186	0.796532101	0.828551247	0.866294391	0.735164872
959	1.47768041	0.789619464	0.83106581	0.867580847	0.736116755
960	1.48116328	0.786401207	0.832236494	0.868247962	0.737086466
961	1.48406081	0.786618151	0.831775971	0.868353501	0.73809372
962	1.48696872	0.787218155	0.83066351	0.868432559	0.739141675
963	1.48955395	0.78809679	0.82935695	0.868482367	0.740185866
964	1.49148317	0.789150526	0.828313927	0.868499996	0.741181817
965	1.49295863	0.791056948	0.827660711	0.868473028	0.7421433
966	1.4942907	0.794080784	0.827122284	0.868396119	0.743089554
967	1.49525776	0.797411716	0.826577506	0.868278053	0.743978665
968	1.49563803	0.800239189	0.825905303	0.868127621	0.744768702
969	1.492736	0.802731843	0.8247839	0.867817838	0.745432995
970	1.48619223	0.805261293	0.823310903	0.867242923	0.746016256
971	1.47959113	0.807229205	0.822024366	0.866457448	0.746583846
972	1.47651792	0.808036994	0.821462426	0.865516023	0.747201123
973	1.48333493	0.806384547	0.821920754	0.863648906	0.747891022
974	1.49870804	0.802658089	0.822954559	0.86079559	0.748621132
975	1.51421583	0.798898982	0.823997422	0.858173503	0.749376663
976	1.52143566	0.797148886	0.824482938	0.857000343	0.750142834
977	1.50889217	0.799016161	0.824090803	0.857615409	0.750947242
978	1.48060419	0.803227679	0.823206288	0.859131129	0.751789723
979	1.45206836	0.807476095	0.822314024	0.860982335	0.752608964
980	1.43878318	0.809453994	0.82189862	0.862604016	0.753343644
981	1.44283928	0.806930472	0.8223948	0.864095405	0.753956365
982	1.45199391	0.801239091	0.823596321	0.865691347	0.754497652
983	1.46122874	0.795497846	0.825015769	0.866967624	0.755037814
984	1.46552813	0.792824943	0.826165707	0.86749985	0.755647162
985	1.46434921	0.795393216	0.827069595	0.86704467	0.756378126
986	1.46168809	0.801185968	0.827970308	0.86601799	0.757195612
987	1.45900366	0.807029472	0.828664147	0.864982314	0.758038298
988	1.45775389	0.809749983	0.82894729	0.864500143	0.758844861
989	1.46264844	0.806871014	0.828917062	0.86514505	0.759622456
990	1.47368555	0.800377669	0.828826682	0.866599515	0.760397988
991	1.48481935	0.793827434	0.828680059	0.868066722	0.761133446
992	1.49000283	0.790777897	0.828481031	0.868749797	0.761790798
993	1.48369961	0.794126343	0.826785838	0.86719429	0.762333125
994	1.46948361	0.801678488	0.823267523	0.863686465	0.762801377
995	1.45514305	0.809296799	0.819775804	0.860147907	0.763276108
996	1.44846664	0.812843591	0.818160856	0.85850049	0.763837877
997	1.44931692	0.811900791	0.818955243	0.858512238	0.764528511
998	1.4525461	0.808862261	0.821328431	0.858600313	0.765324787
999	1.45909251	0.803507242	0.825183683	0.858841294	0.766211951
1000	1.46989624	0.795614162	0.830424528	0.859312249	0.767175257
