kimg	g_loss	d_loss	real_sign_proxy	fake_sign_proxy	ada_p
0	0.66191873	2.19610476	0.5	0.21875	0
1	4.25708283	1.55065428	0.663869403	0.493835929	0.00133260168
2	7.24249806	0.977100848	0.809504697	0.73800453	0.00276823904
3	9.26041818	0.560366335	0.914071194	0.911336371	0.00428004895
4	10.0153678	0.374608549	0.957460036	0.978481836	0.00586214907
5	9.64744601	0.340378781	0.961715318	0.97764627	0.00756516237
6	8.76643308	0.317151463	0.964800923	0.975721249	0.00938771016
7	7.749513	0.301238599	0.966688664	0.973779353	0.0112390383
8	6.97378326	0.288989482	0.967340062	0.972875269	0.0130283741
9	6.47652756	0.27743451	0.967031193	0.973501069	0.01472496
10	6.03633073	0.267120451	0.966259549	0.974912751	0.0163805691
11	5.66970949	0.259688731	0.965292925	0.976336808	0.0180242662
12	5.39325498	0.256780817	0.964399041	0.976999803	0.0196851058
13	5.18980414	0.258878927	0.963746281	0.976960722	0.0213970635
14	5.02323962	0.264718613	0.963164016	0.976842286	0.023137343
15	4.8846129	0.273394126	0.962413092	0.97664767	0.024847976
16	4.76498331	0.283999911	0.961254365	0.976379864	0.0264709893
17	4.64636583	0.307318394	0.955596138	0.973896446	0.028015235
18	4.53172096	0.346032665	0.944404877	0.968001763	0.0295115561
19	4.44493176	0.385731559	0.932485249	0.960354885	0.0309288636
20	4.40988505	0.412000243	0.924643152	0.952615522	0.0322360519
21	4.52315204	0.423062384	0.921504031	0.944416421	0.0334723489
22	4.77857291	0.43013256	0.919500292	0.934890413	0.0346568919
23	5.03623294	0.437342287	0.917461735	0.92513646	0.0357209695
24	5.1561912	0.448820534	0.914219005	0.916254036	0.0365958506
25	5.01898149	0.476096849	0.906013347	0.908507249	0.0373039082
26	4.67740573	0.520965455	0.892515453	0.901248069	0.0379216703
27	4.25206602	0.571981742	0.878040302	0.894268591	0.0384539054
28	3.86357015	0.617698478	0.866903796	0.887361075	0.0389053606
29	3.47470326	0.662068851	0.858752033	0.879306007	0.0392487804
30	3.04078074	0.709372339	0.851068972	0.870536459	0.0395135603
31	2.68669349	0.747130099	0.845338531	0.863464065	0.0397939747
32	2.53737435	0.762859173	0.843045745	0.860500838	0.0401843101
33	2.67757627	0.738097304	0.847716069	0.867899004	0.0410114477
34	2.99380379	0.682253414	0.858248297	0.884582527	0.0422442765
35	3.3128032	0.625920024	0.868872846	0.90141229	0.0434083333
36	3.4613187	0.599693074	0.873819282	0.909247667	0.0440290691
37	3.29055816	0.625516281	0.865940282	0.902753775	0.0441609628
38	2.90542187	0.684822188	0.84817113	0.887559498	0.0442364048
39	2.51690966	0.747317507	0.830246222	0.870857658	0.0443043521
40	2.33603131	0.78270864	0.821900982	0.859840771	0.0444136442
41	2.35729289	0.792665407	0.823872651	0.854452295	0.0446928909
42	2.41020607	0.800462294	0.828324043	0.849841663	0.0451227537
43	2.47578405	0.805563124	0.832814453	0.846613817	0.0455186468
44	2.53508744	0.80742454	0.834905038	0.845375333	0.0456959534
45	2.59324838	0.796740776	0.834734493	0.848144884	0.0456960052
46	2.65748593	0.772649575	0.834222836	0.85439051	0.0456960052
47	2.70965215	0.748347202	0.833390492	0.860690883	0.0456960052
48	2.73159274	0.737032826	0.832257308	0.863624126	0.0456960052
49	2.58533463	0.761245542	0.823976866	0.861684736	0.0455124221
50	2.25132161	0.819202655	0.805822866	0.856996441	0.0450405221
51	1.90378737	0.886104323	0.784776742	0.851478899	0.0444187135
52	1.71700552	0.937146614	0.767822042	0.847051491	0.0437854587
53	1.68429571	0.96756377	0.756473388	0.844396818	0.0431492923
54	1.66535028	0.9925701	0.746646169	0.842325731	0.0424227622
55	1.64872768	1.01582663	0.737332326	0.840027408	0.0416109244
56	1.62302629	1.04099029	0.727524909	0.836691237	0.0407188634
57	1.56419481	1.07443831	0.714983938	0.82796404	0.0395763307
58	1.47803435	1.11275469	0.70079506	0.813906504	0.038200187
59	1.39990076	1.1443993	0.689142724	0.800787399	0.0368981183
60	1.36515524	1.15783062	0.684211928	0.794876734	0.0359778701
61	1.44994927	1.13871255	0.695586478	0.798650389	0.0354570014
62	1.64116853	1.09559587	0.721237354	0.807163264	0.0350694573
63	1.83406392	1.05210124	0.747113073	0.815750758	0.0347194977
64	1.92386959	1.03185159	0.759159946	0.819748809	0.0343114416
65	1.87336067	1.04276537	0.755231237	0.819256733	0.0338061854
66	1.75610628	1.06738772	0.746364564	0.818144498	0.0332529911
67	1.62951083	1.09222589	0.737420169	0.817022514	0.032685251
68	1.55096781	1.10378972	0.733255957	0.816500156	0.0321363483
69	1.51908937	1.10221991	0.733936674	0.818419811	0.0315329588
70	1.49282126	1.09794937	0.735802968	0.823164746	0.0308802136
71	1.47493147	1.09182242	0.738512192	0.828997912	0.0303416716
72	1.46820123	1.08468039	0.741722742	0.834181829	0.0300809253
73	1.51203322	1.07422084	0.747960633	0.838309883	0.0300267813
74	1.61279121	1.05879718	0.757733568	0.84229738	0.0299863169
75	1.71926238	1.04056257	0.767338918	0.846289643	0.0299608886
76	1.78022191	1.02167105	0.773073156	0.850431722	0.0299519081
77	1.79829121	0.997527662	0.775357941	0.855620704	0.0299907598
78	1.81252349	0.968087803	0.777203018	0.861543988	0.0300783691
79	1.82187897	0.943111201	0.778440173	0.866428131	0.0301667463
80	1.82530575	0.932359695	0.778900255	0.868499411	0.0302078918
81	1.79725591	0.94532203	0.77405044	0.865369652	0.0301301961
82	1.73400617	0.97455689	0.763114644	0.858311238	0.0299549775
83	1.67020202	1.00404801	0.752082989	0.851190954	0.0297782231
84	1.64049693	1.01777809	0.746947018	0.847875987	0.0296959321
85	1.68232017	0.998129115	0.755033604	0.852086741	0.0297638401
86	1.77664456	0.953814731	0.773270957	0.861583516	0.0299327114
87	1.87179575	0.909111909	0.791668169	0.871163534	0.0301425422
88	1.91609497	0.888299764	0.800233298	0.875623672	0.0303333332
89	1.89385133	0.894021401	0.798572983	0.875402466	0.030483608
90	1.84366586	0.906936714	0.794647661	0.874806168	0.0306268893
91	1.79304049	0.919965237	0.790245627	0.873966874	0.0307831841
92	1.76947101	0.926030883	0.787153137	0.873015419	0.0309724925
93	1.78091751	0.925678761	0.785372391	0.871360574	0.031250576
94	1.80710869	0.924699376	0.783783176	0.868932869	0.0316099269
95	1.83444854	0.92325527	0.782638049	0.866730099	0.0319705582
96	1.84934448	0.921507274	0.782189972	0.865750286	0.0322524694
97	1.85273802	0.917463812	0.784964567	0.86774204	0.032432229
98	1.85534293	0.910847454	0.791221093	0.872233757	0.0325704655
99	1.85701892	0.904645442	0.797532461	0.876764847	0.0327096888
100	1.85762246	0.901845707	0.800470823	0.878874372	0.0328923991
101	1.84331536	0.906277484	0.799372676	0.875270357	0.0331684348
102	1.81105486	0.91634768	0.796683945	0.867142487	0.0335277573
103	1.77851159	0.926695871	0.793441844	0.858943372	0.0339208719
104	1.76336053	0.931961055	0.790683044	0.855126137	0.0342982784
105	1.76437415	0.932513141	0.788420403	0.855599295	0.0347145359
106	1.76666987	0.932788684	0.78615346	0.856668752	0.0351768745
107	1.76898571	0.933056272	0.784238111	0.857747583	0.0355533243
108	1.77006389	0.933583215	0.783030491	0.85824985	0.0357118842
109	1.76116963	0.937224143	0.782348748	0.85798404	0.035556511
110	1.74023101	0.944468023	0.781783209	0.857353947	0.0352060688
111	1.71688816	0.951719536	0.781396166	0.856641865	0.0348525548
112	1.70078366	0.955382513	0.781250039	0.85613002	0.0346879704
113	1.69191476	0.95587992	0.782105871	0.855818835	0.034726776
114	1.68409787	0.956249101	0.784035717	0.855536572	0.0348143865
115	1.67851203	0.956479815	0.78598248	0.855331017	0.034902765
116	1.6763385	0.956560913	0.786888828	0.855250022	0.0349439111
117	1.67940977	0.955816161	0.78565737	0.855654911	0.0348856415
118	1.68747146	0.953795608	0.78288003	0.856686778	0.0347542257
119	1.69845921	0.950899035	0.780078345	0.858026679	0.0346216579
120	1.71030835	0.947526416	0.778773973	0.859355571	0.0345599388
121	1.72786304	0.94102539	0.780861183	0.860814823	0.0346570568
122	1.75178939	0.931072769	0.78556837	0.862535443	0.0348760832
123	1.77296865	0.921921707	0.790316818	0.864136895	0.0350970295
124	1.78227991	0.917826331	0.792527537	0.865238517	0.0351998947
125	1.76644784	0.921117258	0.791226183	0.865932148	0.0351650059
126	1.73074305	0.92866868	0.788012659	0.866534412	0.0350737126
127	1.69472521	0.936608854	0.784072416	0.866960366	0.034950035
128	1.67795633	0.941066199	0.78059064	0.867124956	0.0348179733
129	1.68700611	0.942266366	0.777332296	0.86589185	0.0346277543
130	1.71004973	0.943201872	0.773815898	0.863111269	0.0343720208
131	1.73990194	0.943811574	0.770992032	0.860306303	0.0341467508
132	1.76937981	0.944033407	0.769811654	0.859000389	0.0340479452
133	1.80427515	0.935068783	0.775434422	0.861257613	0.0341061975
134	1.84673248	0.914854677	0.788113729	0.866348216	0.0342376131
135	1.88272082	0.8944633	0.800904229	0.871483461	0.0343701811
136	1.89820551	0.884969648	0.806859127	0.873874287	0.0344319011
137	1.89435087	0.886236403	0.804495179	0.872964366	0.0344105869
138	1.88376516	0.889534466	0.799160803	0.870911014	0.0343530682
139	1.86834747	0.893956501	0.793779647	0.868839654	0.0342713573
140	1.84999353	0.898597626	0.791274332	0.867875287	0.0341774541
141	1.81096161	0.904976116	0.791677965	0.869225468	0.0340056509
142	1.74893536	0.913354184	0.792589785	0.872299299	0.033748143
143	1.69127274	0.920671758	0.793509602	0.875472314	0.0335129065
144	1.66533801	0.92386803	0.793937842	0.877119909	0.0334079423
145	1.68574908	0.921847113	0.792832485	0.87733077	0.0334532723
146	1.73493021	0.91663747	0.790339772	0.877437678	0.0335729392
147	1.7924409	0.909745391	0.787825199	0.877542167	0.0337373869
148	1.83784199	0.902676842	0.786654484	0.877745392	0.0339170768
149	1.87168794	0.894162059	0.789023794	0.878753642	0.034141341
150	1.90468887	0.883592481	0.794432188	0.880825457	0.0344354853
151	1.92980023	0.873757577	0.800051886	0.88331941	0.034757987
152	1.93997249	0.867447609	0.803054706	0.885593884	0.0350673074
153	1.92338699	0.864303884	0.803546291	0.887865855	0.0353438896
154	1.88598263	0.861858908	0.803814075	0.890367919	0.0356122668
155	1.84825024	0.860001372	0.804064066	0.892396991	0.0358959204
156	1.8306831	0.858620676	0.804501627	0.893249758	0.0362183291
157	1.83317794	0.857587948	0.805991495	0.891648694	0.0366375383
158	1.83964729	0.856777831	0.80853101	0.888031912	0.0371377513
159	1.84826628	0.856086901	0.810937923	0.88436817	0.0376264596
160	1.85721456	0.855411738	0.812029754	0.88262649	0.0380111408
161	1.86916901	0.854764326	0.811390958	0.882571471	0.0383087958
162	1.8846484	0.854181736	0.809831471	0.882532118	0.0385813177
163	1.89809624	0.853587321	0.807960557	0.882508205	0.0387937327
164	1.9039547	0.852904404	0.806387357	0.882500002	0.0389110405
165	1.90286289	0.852192012	0.805054476	0.882669803	0.0389517144
166	1.90039721	0.851446995	0.803681895	0.883134761	0.0389735333
167	1.8979099	0.850484434	0.802605608	0.883810253	0.0389960976
168	1.89675188	0.849119366	0.802161779	0.884611612	0.0390389955
169	1.90384854	0.844575766	0.803838115	0.886004969	0.0393043853
170	1.91985131	0.83654574	0.8076183	0.888167032	0.0398643664
171	1.93599441	0.828863675	0.811431636	0.89051728	0.0405221543
172	1.94351018	0.825364818	0.813207018	0.892475028	0.0410809074
173	1.93691383	0.82828355	0.811852033	0.894146209	0.041480689
174	1.92203493	0.834867211	0.808795539	0.895814042	0.0418344706
175	1.90702554	0.841508608	0.805712241	0.897099867	0.0421953656
176	1.90003759	0.844600656	0.804276744	0.897624853	0.042616462
177	1.91786681	0.836913495	0.806879554	0.897287014	0.0431705088
178	1.95807392	0.819577943	0.812749491	0.896461843	0.0438291604
179	1.99863364	0.802090364	0.818670905	0.895470812	0.0444894602
180	2.0175171	0.793948638	0.82142775	0.894635351	0.0450484396
181	1.9999445	0.796588284	0.820109257	0.893923886	0.0454723518
182	1.96030804	0.802545789	0.817134387	0.893189525	0.0458343515
183	1.92032398	0.808555539	0.814133428	0.892612984	0.0461875382
184	1.90170852	0.81135351	0.812736266	0.892375067	0.046585
185	1.91417149	0.808689561	0.81387686	0.89244312	0.0470764677
186	1.94228623	0.802473425	0.816449679	0.89264168	0.0476295632
187	1.97064754	0.795681014	0.819045062	0.892955073	0.0481725542
188	1.98385176	0.791288236	0.820253399	0.893367674	0.0486337037
189	1.98215253	0.789654029	0.819540544	0.895071952	0.0489886011
190	1.97831211	0.788618674	0.817932342	0.898417827	0.0492914255
191	1.97443801	0.78757897	0.816310036	0.901985448	0.0495855293
192	1.97263434	0.785932253	0.815554736	0.904354584	0.0499142572
193	1.97477335	0.782234772	0.816199688	0.905401922	0.0502737182
194	1.98046799	0.776281102	0.817828091	0.906155962	0.0506492644
195	1.98840167	0.769439615	0.819907513	0.906823312	0.0510725362
196	1.99725776	0.763078989	0.821905552	0.907610303	0.051575186
197	2.01186075	0.756470944	0.82413121	0.908785164	0.0522637469
198	2.03278507	0.749194052	0.826754871	0.910188562	0.0531388753
199	2.05162596	0.743292971	0.828949282	0.91136898	0.0540634058
200	2.05997677	0.740812941	0.82988695	0.911874855	0.0549001457
201	2.05824247	0.742407108	0.829288655	0.911269091	0.0555936928
202	2.05432637	0.746003319	0.827938979	0.909769666	0.0562280312
203	2.05037593	0.749631067	0.826577467	0.907922069	0.0568703028
204	2.04853672	0.751320044	0.825943585	0.906271829	0.0575876367
205	2.05087202	0.747823402	0.828717268	0.90469364	0.0584461645
206	2.05613904	0.739937826	0.834971959	0.902972243	0.0594098468
207	2.06145224	0.731983097	0.841281503	0.90158268	0.0603901791
208	2.06392592	0.728279599	0.844219049	0.901000165	0.0612986507
209	2.05537623	0.729864517	0.843649352	0.901758862	0.0620905286
210	2.03609621	0.733440775	0.842362791	0.903469989	0.0628238782
211	2.01664711	0.737048396	0.841064946	0.905196121	0.0635625294
212	2.00759216	0.738728003	0.840460706	0.90599976	0.064370307
213	2.013134	0.73771429	0.84147881	0.905544683	0.0653126903
214	2.02671881	0.73504903	0.843774898	0.904518007	0.0663512737
215	2.04314614	0.731408674	0.846091121	0.903482327	0.0673913728
216	2.05721651	0.727469468	0.84716949	0.903000144	0.0683382959
217	2.06691843	0.722674285	0.84625851	0.903040674	0.0691291973
218	2.0752935	0.716489554	0.844203653	0.903161508	0.0698344657
219	2.08452782	0.709749922	0.842130775	0.903356656	0.070559328
220	2.09680695	0.703290367	0.841165701	0.903620256	0.0714090108
221	2.12209706	0.696185833	0.842734488	0.905593374	0.0725315618
222	2.15935213	0.688315574	0.846272533	0.909640839	0.0738742861
223	2.19319979	0.681915329	0.849841604	0.913647942	0.075232178
224	2.20826485	0.679221363	0.851503264	0.91549945	0.0764002073
225	2.17517547	0.68156297	0.850945555	0.915463224	0.0773035235
226	2.10055363	0.687048473	0.849575654	0.91535928	0.0780842394
227	2.02527738	0.69309469	0.847913951	0.91520155	0.0788550994
228	1.99023087	0.697118471	0.846480511	0.915003427	0.0797288268
229	1.9990656	0.699135274	0.845202323	0.914424808	0.0807738893
230	2.01901022	0.700870838	0.843854531	0.913410013	0.081936201
231	2.03912975	0.702090797	0.842784651	0.912441073	0.0831460799
232	2.04849684	0.702560198	0.842340351	0.91200013	0.0843338481
233	2.04397745	0.700437949	0.842785178	0.913441837	0.0854858687
234	2.03378057	0.695566943	0.843827863	0.916692978	0.0866378775
235	2.02349426	0.690438533	0.844978752	0.919972631	0.0877898863
236	2.01870525	0.687544615	0.845748179	0.921499545	0.0889418951
237	2.01879823	0.686910472	0.846138634	0.920361708	0.0901446558
238	2.01908251	0.686569986	0.846475639	0.917795017	0.0913838266
239	2.01954888	0.686224669	0.846713019	0.915205818	0.0925551487
240	2.02018953	0.685576565	0.846804487	0.914000359	0.0935543455
241	2.02592726	0.681812228	0.844807507	0.917244134	0.0943174185
242	2.03929056	0.674364275	0.840304542	0.924559201	0.0949454493
243	2.05613245	0.66660811	0.835762086	0.931938419	0.0955817824
244	2.07230444	0.661919963	0.833647247	0.935373976	0.0963697621
245	2.09026273	0.660113486	0.835572821	0.934255772	0.0974695961
246	2.11130397	0.658646637	0.840080181	0.931548487	0.0988302512
247	2.12885629	0.657658829	0.845039705	0.928355668	0.100271415
248	2.13634597	0.657290284	0.848321798	0.925780178	0.101612758
249	2.11127997	0.6595657	0.849921337	0.923911015	0.102789217
250	2.05475481	0.664880077	0.851275349	0.922154955	0.103905081
251	1.99773394	0.670702427	0.852241432	0.920675691	0.105026702
252	1.97118662	0.674501146	0.852676701	0.919637144	0.106220411
253	1.99170752	0.676302429	0.852776571	0.919001135	0.107566975
254	2.03799704	0.677832996	0.852850802	0.918532623	0.109019695
255	2.08469231	0.678899218	0.852897211	0.91811554	0.110449183
256	2.10643187	0.679306889	0.85291353	0.917633861	0.111726036
257	2.08762313	0.677824246	0.852041771	0.917116826	0.112794669
258	2.04519846	0.674268632	0.850076115	0.916604728	0.113750319
259	2.00240209	0.670147856	0.848093237	0.915983967	0.114686145
260	1.98247775	0.666970073	0.847170086	0.915140908	0.115695297
261	1.98910236	0.665080008	0.849034766	0.913068198	0.116816289
262	2.00562507	0.663550201	0.853300245	0.909744023	0.118001143
263	2.02624716	0.662065156	0.857754947	0.90664559	0.119216593
264	2.04517385	0.660309608	0.860186983	0.905250409	0.120429384
265	2.06430765	0.657624786	0.860747941	0.907128235	0.121636068
266	2.08576572	0.654283827	0.86117898	0.911363292	0.122852976
267	2.10331675	0.651425971	0.861456552	0.915635454	0.124074035
268	2.11072737	0.650190613	0.861556578	0.917624408	0.125293165
269	2.08997488	0.652125713	0.859709861	0.917551675	0.126503484
270	2.04317728	0.656489788	0.855545814	0.917344177	0.12770972
271	1.99596967	0.660892099	0.851345284	0.917028802	0.128923564
272	1.97399162	0.662941645	0.84938968	0.916631866	0.130156708
273	1.9826359	0.661924801	0.850351966	0.915454915	0.131440231
274	2.00214182	0.659630637	0.852523048	0.913382612	0.132760534
275	2.02181863	0.657316373	0.854713152	0.911401978	0.13405929
276	2.0309794	0.656238941	0.855732779	0.910500266	0.135278164
277	2.02489632	0.656627177	0.854433379	0.913137118	0.136351155
278	2.01117401	0.657518234	0.851502797	0.919083309	0.137330617
279	1.99733147	0.658454673	0.84854654	0.925081597	0.138339372
280	1.99088692	0.658979252	0.847170221	0.927874169	0.13950025
281	1.99383432	0.659088798	0.848826133	0.924972273	0.140994825
282	2.00048445	0.659145757	0.852560819	0.918427185	0.142755851
283	2.00719285	0.659205115	0.856328226	0.911824753	0.144521071
284	2.01031602	0.659321762	0.858082185	0.908750915	0.146028197
285	1.99719152	0.660872605	0.856691897	0.90975552	0.147200907
286	1.96759621	0.664145734	0.85355589	0.912022773	0.148221056
287	1.9377416	0.667405281	0.850392407	0.91430989	0.149201422
288	1.92384245	0.668914953	0.848919611	0.915374683	0.150254749
289	1.93527394	0.668374753	0.850085515	0.914236676	0.151407759
290	1.96105908	0.667055559	0.852715392	0.911669974	0.152604989
291	1.98707012	0.665472916	0.85536831	0.909080785	0.153842456
292	1.99917987	0.664142087	0.856603406	0.907875359	0.155116197
293	1.99313638	0.663283426	0.855829711	0.909468654	0.156449308
294	1.97950135	0.662584083	0.854084349	0.913062036	0.157840298
295	1.96574686	0.661775863	0.852323696	0.916686901	0.159245038
296	1.9593433	0.660590614	0.851504003	0.918374498	0.160619391
297	1.97093166	0.657171429	0.852922157	0.917710977	0.161952342
298	1.99706546	0.651438276	0.856120368	0.916213735	0.163267696
299	2.02342822	0.64598897	0.8593466	0.914703375	0.164571102
300	2.03570171	0.64342187	0.86084861	0.914000209	0.165868199
301	2.02483915	0.643300234	0.85925235	0.914720939	0.167126829
302	2.00033795	0.643243341	0.855652087	0.916346516	0.168353629
303	1.97562209	0.643187646	0.85202028	0.917986336	0.169617122
304	1.96411533	0.643070292	0.85032945	0.918749773	0.170985843
305	1.96764134	0.640846526	0.853324538	0.918230824	0.172584289
306	1.97559951	0.636063856	0.860079015	0.917043514	0.174362258
307	1.98362741	0.63128301	0.86689267	0.915803873	0.176116451
308	1.98736489	0.629065352	0.870064846	0.915127869	0.177643545
309	1.97902607	0.633521589	0.866483327	0.914973026	0.178863986
310	1.96022114	0.643571028	0.858405567	0.914854114	0.179927974
311	1.94125146	0.653708513	0.850257035	0.914777577	0.180970098
312	1.9324199	0.658428135	0.846463393	0.914750007	0.182124927
313	1.9459706	0.654124029	0.848190313	0.916078045	0.183527038
314	1.97653073	0.644415933	0.85208673	0.91907253	0.185089875
315	2.0073586	0.634622782	0.856017285	0.92209325	0.186610949
316	2.02171087	0.630063469	0.8578472	0.923499582	0.18788776
317	2.00203412	0.638762966	0.855244434	0.922096067	0.18883507
318	1.95765723	0.658381711	0.849374471	0.918930468	0.189616609
319	1.91289153	0.678172342	0.84345308	0.915737135	0.190397724
320	1.89205035	0.687386097	0.840696309	0.914250442	0.191343744
321	1.91317392	0.677547587	0.844362866	0.915157456	0.19260747
322	1.96081746	0.655357468	0.852632094	0.917246102	0.1941217
323	2.00887842	0.632972934	0.860973772	0.919459971	0.195717684
324	2.03125376	0.622551557	0.864857335	0.920742815	0.197226657
325	2.02041741	0.625243192	0.86333082	0.921069526	0.198600148
326	1.99596854	0.631319301	0.859886219	0.921259491	0.199930973
327	1.97130547	0.637448644	0.856411438	0.921441343	0.201253786
328	1.95982329	0.640302231	0.854793714	0.92174349	0.202603216
329	1.96895082	0.638949058	0.855676569	0.922661849	0.203995331
330	1.98953934	0.635896	0.85766832	0.924179183	0.205410231
331	2.01030824	0.632816194	0.859677522	0.925605284	0.206829564
332	2.01997744	0.631382355	0.860612929	0.926249811	0.208234982
333	2.0138375	0.63392841	0.860050828	0.924418382	0.209601194
334	1.99998664	0.639670236	0.85878277	0.920242991	0.210943863
335	1.98601443	0.645462368	0.857503603	0.915916699	0.212307754
336	1.97950951	0.648158962	0.856908072	0.913632953	0.213737639
337	1.98827782	0.642935608	0.857977748	0.913214042	0.215297222
338	2.00805302	0.631156146	0.860390062	0.912897508	0.216953514
339	2.02800148	0.61927348	0.86282351	0.91269658	0.218602024
340	2.03728871	0.613741369	0.86395643	0.912625018	0.22013825
341	2.02151764	0.617202402	0.862357431	0.912850933	0.221522068
342	1.9859507	0.625010073	0.858683941	0.913453067	0.222821927
343	1.95007215	0.632886149	0.854808989	0.914293654	0.224092426
344	1.93336848	0.636552947	0.852605766	0.915234883	0.225388151
345	1.94111009	0.636165873	0.852077737	0.916803145	0.22675227
346	1.95857714	0.635290636	0.851760388	0.919060771	0.228147732
347	1.97619722	0.634407731	0.851474912	0.921096718	0.229507986
348	1.98440045	0.633996685	0.851042907	0.921999737	0.23076648
349	1.97594624	0.636027696	0.850073077	0.921013452	0.231848902
350	1.95687812	0.640607509	0.848657297	0.918788978	0.232817985
351	1.93764293	0.645227447	0.847374742	0.916545014	0.233816823
352	1.92868777	0.647378312	0.846804677	0.915500311	0.234988524
353	1.9435616	0.643277381	0.84868557	0.916828045	0.236552618
354	1.97710522	0.63402913	0.852926993	0.91982253	0.238434505
355	2.01094273	0.624699852	0.857205577	0.92284325	0.240321395
356	2.02669617	0.6203565	0.859197521	0.924249582	0.241900457
357	1.99992088	0.626654763	0.856710804	0.923704173	0.243073564
358	1.93953721	0.640859044	0.851102403	0.922297755	0.244064513
359	1.8786245	0.655187772	0.845444866	0.920437091	0.245029849
360	1.85026589	0.661858676	0.842810934	0.918528686	0.246126084
361	1.86384796	0.660113017	0.844728756	0.916056208	0.247427394
362	1.8956044	0.655790638	0.849245055	0.912904373	0.248860479
363	1.93043747	0.65047004	0.854279399	0.91018254	0.250365229
364	1.9532536	0.645728269	0.857751542	0.90900034	0.251881547
365	1.96419547	0.641213687	0.859662184	0.90999118	0.253408279
366	1.97351615	0.63630029	0.86134583	0.912254199	0.254975027
367	1.98002074	0.632338292	0.862548761	0.914607728	0.256562721
368	1.9825109	0.63067841	0.86301679	0.915870127	0.258152278
369	1.97374376	0.632106066	0.861840078	0.916130111	0.259740102
370	1.95293145	0.635455434	0.859186534	0.916328117	0.261336045
371	1.9293142	0.639159204	0.85650974	0.916454665	0.26293999
372	1.91213428	0.64165009	0.855263529	0.916499988	0.264551819
373	1.9028876	0.64266128	0.855896188	0.9164923	0.266189886
374	1.89562189	0.643305049	0.85732355	0.916468879	0.267849164
375	1.88899547	0.643987097	0.858763416	0.916430014	0.269492051
376	1.88166821	0.645112865	0.859433763	0.916375986	0.271080942
377	1.87163557	0.649306038	0.859422915	0.91476577	0.272605682
378	1.86004919	0.656736589	0.859389551	0.911218592	0.274089038
379	1.85044555	0.663849895	0.859334624	0.907656114	0.275540864
380	1.84636152	0.667090572	0.859258895	0.906000492	0.276971004
381	1.85046142	0.66337356	0.858424108	0.907402009	0.27836524
382	1.85970853	0.654990261	0.856467115	0.910666267	0.279724139
383	1.86903665	0.646533514	0.854033736	0.914218211	0.281082483
384	1.87337947	0.642596378	0.851770016	0.916482841	0.282475057
385	1.87320108	0.64285062	0.849417218	0.917382214	0.283937252
386	1.87272739	0.643547652	0.846751068	0.918044426	0.285444206
387	1.87207718	0.644555472	0.844559912	0.9185842	0.286938803
388	1.87136795	0.645743178	0.843632339	0.919115938	0.288363925
389	1.87028112	0.648154364	0.843963073	0.919746063	0.289684212
390	1.86877571	0.651920599	0.844809463	0.920399041	0.290940164
391	1.86743562	0.655404331	0.845914947	0.920912721	0.292188127
392	1.86684488	0.656967634	0.84702313	0.921124941	0.293484447
393	1.87917053	0.654691528	0.848093755	0.920385089	0.29483002
394	1.90696288	0.649167084	0.849282492	0.918716733	0.296200799
395	1.93499872	0.64261011	0.85061014	0.91703376	0.29762062
396	1.94805113	0.637236651	0.852097447	0.916250233	0.299113328
397	1.94122951	0.632913463	0.854266033	0.917369352	0.30074405
398	1.92537213	0.628562367	0.857022381	0.919893275	0.302492187
399	1.90820067	0.625192223	0.859399953	0.922439311	0.304246826
400	1.89743502	0.623812457	0.860432034	0.923624647	0.305897037
401	1.89291262	0.627222227	0.859234139	0.921386296	0.307430358
402	1.88916285	0.63528499	0.856333096	0.91633845	0.308907887
403	1.88659711	0.644357976	0.852905175	0.911246378	0.310321042
404	1.88562858	0.650797742	0.850126718	0.908875705	0.311661224
405	1.8863182	0.654598522	0.84794053	0.908950888	0.31290883
406	1.88787374	0.658015101	0.845761078	0.909122002	0.314081485
407	1.88944291	0.66048867	0.844081797	0.909294614	0.315228421
408	1.89017345	0.66145959	0.843396417	0.909374976	0.316398875
409	1.88269051	0.660654043	0.843772722	0.909375	0.317577483
410	1.86531467	0.658772233	0.84475482	0.909375	0.318746199
411	1.84652191	0.656710787	0.846080507	0.909375	0.319956581
412	1.83479034	0.655366314	0.847487665	0.909375	0.321260203
413	1.83020055	0.654729433	0.849481368	0.908995559	0.322750304
414	1.82664501	0.65418839	0.852140037	0.908139991	0.324391453
415	1.82400297	0.653811551	0.854475118	0.907276928	0.32603498
416	1.8221555	0.653667482	0.855497825	0.90687512	0.327532195
417	1.8207173	0.655135605	0.854162485	0.907861548	0.328825613
418	1.81947561	0.658446024	0.851150887	0.910086022	0.330014038
419	1.81860095	0.661785447	0.848112902	0.912329986	0.33117794
420	1.81826392	0.663340154	0.846698534	0.913374689	0.332397773
421	1.82220028	0.660739685	0.846963894	0.913375	0.33375216
422	1.83110322	0.654875086	0.84756318	0.913375	0.335184153
423	1.84015207	0.648959107	0.848167716	0.913375	0.336567761
424	1.84452504	0.646204854	0.848449164	0.913375	0.337776982
425	1.84476999	0.648896943	0.847431743	0.913428136	0.3387398
426	1.84494716	0.65496893	0.845137466	0.913580569	0.339563457
427	1.84505555	0.661094115	0.842823089	0.913816393	0.340389823
428	1.84509296	0.663945765	0.841745604	0.914119689	0.341360766
429	1.84158407	0.662769825	0.842156537	0.915202721	0.342610908
430	1.83367218	0.660116395	0.843083837	0.917194862	0.344074411
431	1.82569098	0.657439717	0.84401926	0.919119488	0.345588323
432	1.82197524	0.656193559	0.844454758	0.91999974	0.346989679
433	1.83277763	0.657408621	0.843884299	0.918269352	0.348232601
434	1.85713742	0.660165942	0.842597731	0.91421638	0.349410936
435	1.88171064	0.662989568	0.841299892	0.909748835	0.350563076
436	1.89315098	0.66440353	0.840695668	0.906775004	0.351727394
437	1.88300072	0.664556285	0.842143492	0.905283493	0.352902976
438	1.85965099	0.664668796	0.845408459	0.903999778	0.354072526
439	1.83495164	0.66473865	0.848702032	0.903097341	0.355253331
440	1.82075233	0.664763067	0.850235393	0.902750093	0.356462691
441	1.8170677	0.664056846	0.848930493	0.904457486	0.357700256
442	1.81471959	0.662464439	0.845987167	0.908307539	0.35895943
443	1.81272012	0.660858081	0.843018054	0.912191322	0.360249743
444	1.81008402	0.660110223	0.84163575	0.913999462	0.361580729
445	1.8060702	0.660315338	0.843204457	0.913535422	0.363008589
446	1.80120285	0.660887864	0.846742517	0.912350109	0.364516147
447	1.796401	0.661740923	0.850311574	0.910807834	0.365996465
448	1.79258371	0.662787799	0.85197319	0.909272509	0.367342587
449	1.78948647	0.66540588	0.850886605	0.907482502	0.368490148
450	1.78654592	0.669798551	0.848435452	0.905313567	0.369522269
451	1.78434311	0.673944409	0.845962824	0.903401082	0.370552573
452	1.78345934	0.67582158	0.844811663	0.902380603	0.371694681
453	1.79310541	0.671009013	0.847431857	0.902072019	0.373038061
454	1.81485596	0.660156361	0.853340659	0.901834099	0.374521433
455	1.83679708	0.649208626	0.85930123	0.901680487	0.376031036
456	1.84701202	0.644111783	0.862076242	0.901625014	0.377453108
457	1.84612601	0.645489787	0.859957681	0.90318071	0.378746743
458	1.84412138	0.648600342	0.855178873	0.906688535	0.379980029
459	1.84209918	0.651738148	0.850358197	0.910227093	0.381198108
460	1.84115772	0.65319899	0.848113875	0.91187451	0.382446108
461	1.84871788	0.651261856	0.849020094	0.91065305	0.383754785
462	1.8657652	0.646893013	0.851064946	0.907891751	0.385095318
463	1.88296189	0.642485893	0.853127715	0.905091071	0.386423461
464	1.890968	0.640434107	0.85408806	0.903751365	0.387694963
465	1.88994217	0.642142423	0.853303787	0.903696594	0.388853777
466	1.88707169	0.646293313	0.851534757	0.903657229	0.389939379
467	1.88278737	0.651229144	0.849750228	0.903633247	0.391054295
468	1.87751795	0.655292372	0.84891942	0.903625002	0.392301062
469	1.86617597	0.658041034	0.849584366	0.903625	0.393826552
470	1.8471332	0.660429395	0.851084249	0.903625	0.395569342
471	1.82663821	0.662807454	0.852597272	0.903625	0.397310078
472	1.81094128	0.665524972	0.853301677	0.903625	0.39882938
473	1.79958019	0.669488125	0.851709487	0.902847145	0.400053208
474	1.78889829	0.674345608	0.848118933	0.901093232	0.401133945
475	1.78094287	0.67847531	0.844496921	0.899323953	0.402182914
476	1.77776283	0.680254886	0.842810652	0.898500245	0.403311414
477	1.7798247	0.678104224	0.84389949	0.898974302	0.404560913
478	1.78453947	0.673253747	0.846383599	0.900043761	0.405873712
479	1.78945567	0.668360774	0.848959553	0.901122589	0.407216885
480	1.79212209	0.666082794	0.850324082	0.901624851	0.408557515
481	1.79259689	0.666687511	0.85058109	0.900315927	0.409895168
482	1.79285035	0.668052559	0.850775621	0.89736422	0.411245152
483	1.79309673	0.669429567	0.850899287	0.894386653	0.41259533
484	1.79354979	0.670070649	0.850943385	0.893000412	0.413933558
485	1.79494571	0.669042056	0.850814475	0.895257677	0.415254667
486	1.79761538	0.666722348	0.850523784	0.900348301	0.4165658
487	1.80110288	0.664382316	0.850230546	0.905483526	0.417872887
488	1.80495213	0.663292887	0.850094026	0.907874289	0.419181855
489	1.81082447	0.663393148	0.850616666	0.907552468	0.420534915
490	1.81882086	0.663692202	0.85179521	0.906702867	0.421917425
491	1.82589681	0.664175632	0.852984079	0.90553805	0.423245055
492	1.82900717	0.664829316	0.853537571	0.90426996	0.424433462
493	1.81741216	0.669513155	0.851267627	0.902623092	0.425420103
494	1.78955462	0.679259125	0.846148972	0.900444029	0.426282727
495	1.75714904	0.689358369	0.84098547	0.898179177	0.427148654
496	1.73191261	0.695100806	0.838581542	0.896275081	0.42814521
497	1.71362295	0.696804665	0.838739528	0.894598382	0.429396586
498	1.69598693	0.698143186	0.839165404	0.892931086	0.430837848
499	1.68265317	0.699021144	0.839766155	0.891648266	0.432308359
500	1.67727313	0.699342182	0.840449434	0.891125146	0.433647475
501	1.68929834	0.69852564	0.841489109	0.891221721	0.434787792
502	1.71686968	0.696521848	0.842982596	0.891449005	0.43583285
503	1.74582318	0.694091841	0.844532257	0.891701413	0.436873297
504	1.76199261	0.69199682	0.845740344	0.891873477	0.43799977
505	1.76552626	0.690491131	0.84666316	0.891943506	0.439274617
506	1.76761098	0.689143376	0.847535787	0.891986282	0.440647537
507	1.76948537	0.687719821	0.848187929	0.892035063	0.442040277
508	1.77238488	0.685986825	0.848449176	0.892123092	0.443374583
509	1.77918379	0.683106257	0.847165424	0.893083761	0.444648112
510	1.7892922	0.679282021	0.844270648	0.895087695	0.445899418
511	1.79850285	0.675928739	0.84135051	0.89707855	0.447105058
512	1.80260781	0.674461259	0.839991006	0.897999727	0.448241571
513	1.79004476	0.677459429	0.840865459	0.896368402	0.449285841
514	1.76171482	0.684220679	0.842838094	0.892689463	0.45026255
515	1.73313666	0.691041167	0.844828012	0.888978292	0.451221061
516	1.71983177	0.694216523	0.845754441	0.887250514	0.452210737
517	1.72557693	0.694151962	0.845022506	0.889223095	0.453226909
518	1.73992849	0.693956812	0.843371513	0.893672045	0.454248963
519	1.7578983	0.693640604	0.841706055	0.898159972	0.45530732
520	1.7745004	0.69321194	0.840930682	0.900249378	0.456432418
521	1.79151597	0.689691087	0.841412087	0.900079251	0.457692323
522	1.81073193	0.68240659	0.842498083	0.899694246	0.459062901
523	1.82649974	0.675181859	0.843593594	0.899305868	0.460430321
524	1.83316903	0.671841253	0.844103622	0.899125054	0.461680734
525	1.81312361	0.674028434	0.842801916	0.899276777	0.462747906
526	1.76792077	0.679194145	0.83986648	0.899619003	0.463714232
527	1.72232191	0.684988218	0.836905325	0.899964229	0.464687691
528	1.70109283	0.689060792	0.835526726	0.900124952	0.465776257
529	1.70228715	0.691050518	0.837986979	0.897772463	0.467085592
530	1.70541295	0.692531338	0.8435353	0.892467947	0.468556211
531	1.70961905	0.693905894	0.849132231	0.887116956	0.470044603
532	1.71406027	0.695576423	0.851737947	0.884625741	0.471407247
533	1.71936446	0.698209596	0.849899785	0.885207556	0.47260071
534	1.72603429	0.701490255	0.845753337	0.886687248	0.473713643
535	1.7328876	0.704297882	0.84157056	0.888597822	0.474793911
536	1.73874181	0.705511824	0.839623221	0.890472851	0.475889364
537	1.74406378	0.703631857	0.840427387	0.892661701	0.477021754
538	1.74939952	0.699318234	0.842241932	0.895305591	0.478163039
539	1.7535235	0.69478099	0.844072375	0.897539887	0.479287762
540	1.75520976	0.6922304	0.844924558	0.898499725	0.480370467
541	1.75509373	0.691538695	0.844568194	0.898006726	0.481363725
542	1.75475033	0.690999129	0.84376409	0.896894489	0.482295118
543	1.75420087	0.690647263	0.84295294	0.895772507	0.48325571
544	1.75346622	0.690519182	0.8425753	0.895250155	0.484336572
545	1.74904958	0.692489847	0.84270335	0.895515609	0.485632982
546	1.74020418	0.696933392	0.843028901	0.896114506	0.487103268
547	1.73149155	0.701415868	0.843449295	0.89671865	0.488629345
548	1.72747433	0.703502736	0.843861949	0.896999916	0.490093118
549	1.72978106	0.703013614	0.844343879	0.896463797	0.491504703
550	1.73498496	0.701909338	0.844926131	0.895104496	0.492916357
551	1.74023446	0.700795387	0.845418227	0.893355297	0.494261489
552	1.74267842	0.700276775	0.845629639	0.891649558	0.495473479
553	1.73835845	0.700792845	0.845080639	0.889686628	0.496502742
554	1.72814644	0.702099788	0.843801607	0.887333213	0.497414656
555	1.71666354	0.703777781	0.842408219	0.88535059	0.498316141
556	1.70853148	0.705407002	0.841516263	0.884500243	0.499314118
557	1.70409366	0.707263893	0.841193888	0.884859568	0.500490727
558	1.70038643	0.709479042	0.840991221	0.885813559	0.501786068
559	1.69741548	0.711341231	0.840788803	0.887136207	0.503093019
560	1.69518741	0.712139045	0.840467287	0.888601639	0.504304458
561	1.69335345	0.711957464	0.83954538	0.89095962	0.505389307
562	1.69171107	0.71144832	0.838041133	0.894300913	0.506412572
563	1.69052507	0.710685174	0.836632215	0.897298389	0.507406028
564	1.69006033	0.709741417	0.835996427	0.898624615	0.50840144
565	1.69663257	0.707266144	0.836689829	0.896576016	0.509405238
566	1.71145199	0.703053048	0.838253736	0.891955954	0.510401238
567	1.72640124	0.699061439	0.839831345	0.887295414	0.51138924
568	1.73336103	0.697251085	0.840565819	0.885125646	0.512369052
569	1.72797346	0.698799968	0.839836788	0.886093804	0.513364841
570	1.71582085	0.7022936	0.83819247	0.888359181	0.514370037
571	1.70356177	0.70581784	0.836533746	0.890847934	0.515335175
572	1.69785441	0.707458591	0.835761508	0.892486562	0.516210784
573	1.70176813	0.705250214	0.835761278	0.893283956	0.516938207
574	1.71059664	0.700269648	0.835761278	0.893965446	0.517569507
575	1.7195025	0.695245447	0.835761278	0.894442152	0.518224882
576	1.72364872	0.692906372	0.835761278	0.894624951	0.519024538
577	1.71801797	0.694080039	0.837779197	0.893410787	0.520196363
578	1.70441022	0.697163674	0.842329215	0.890672973	0.521680763
579	1.68839744	0.701370246	0.846919096	0.887911171	0.523149078
580	1.67555211	0.705913074	0.849055968	0.886625383	0.524272601
581	1.66565554	0.71267138	0.845576551	0.88671986	0.5249959
582	1.65587603	0.721901115	0.837729706	0.886933752	0.525569247
583	1.6483778	0.730076881	0.829814112	0.887149518	0.526102784
584	1.64532646	0.733672462	0.826128916	0.88724997	0.526706597
585	1.65006728	0.73183675	0.826783054	0.887215899	0.52739316
586	1.66075881	0.727695227	0.828431963	0.887126745	0.528114647
587	1.67154401	0.723517418	0.830526678	0.887005967	0.528898917
588	1.67656518	0.721572392	0.832519131	0.886877001	0.529773853
589	1.67017696	0.723518122	0.83469053	0.886742573	0.530834983
590	1.65576939	0.727906674	0.837221337	0.886580993	0.532071472
591	1.64123559	0.732333674	0.839327642	0.886380538	0.533342365
592	1.63446921	0.734394715	0.840225308	0.88612949	0.534506682
593	1.63639771	0.73379956	0.839405343	0.885626165	0.535513249
594	1.64133433	0.732255049	0.837555903	0.884871752	0.536448669
595	1.64778237	0.730190973	0.835690259	0.884182591	0.537373056
596	1.65424661	0.728036687	0.834821687	0.88387509	0.538346508
597	1.66146321	0.725119016	0.835335362	0.884235469	0.5393841
598	1.67006588	0.721314851	0.836494183	0.885048258	0.540456683
599	1.67818182	0.718001357	0.837663156	0.885868168	0.541561415
600	1.68393765	0.71655603	0.838207385	0.886249886	0.542695463
601	1.68776975	0.716648237	0.838201537	0.885320368	0.54391811
602	1.69115538	0.716894653	0.838183331	0.883224229	0.545216215
603	1.69357843	0.71723773	0.838153261	0.881109725	0.546470399
604	1.69452225	0.717620306	0.838111659	0.880125293	0.54756126
605	1.69287583	0.718102413	0.837299806	0.881339213	0.54842596
606	1.68870237	0.71875013	0.835533407	0.884077027	0.549164895
607	1.68333387	0.719503895	0.833763652	0.886838829	0.54990185
608	1.67810257	0.720304115	0.832941973	0.888124617	0.550760607
609	1.67209227	0.721371776	0.833466772	0.88647443	0.551823525
610	1.66489244	0.722692268	0.834759524	0.882752713	0.553038692
611	1.65882914	0.72381906	0.836337489	0.878998389	0.554329344
612	1.65622908	0.724305532	0.837718012	0.87725052	0.55561872
613	1.65890831	0.723033818	0.838984308	0.878615989	0.556924117
614	1.66553025	0.720166033	0.840337674	0.881696031	0.558276959
615	1.67366695	0.717273122	0.841419285	0.884803058	0.55961268
616	1.68089038	0.715926295	0.841870174	0.88624957	0.560866691
617	1.68771402	0.716010043	0.841600751	0.88625	0.561989677
618	1.69511189	0.71624626	0.84099297	0.88625	0.56303195
619	1.70106612	0.716601456	0.840379863	0.88625	0.564079255
620	1.70355805	0.71704252	0.840094425	0.88625	0.565217342
621	1.69456542	0.717969893	0.840435212	0.885472145	0.566545201
622	1.67428718	0.719560126	0.841203815	0.883718232	0.568006599
623	1.65383127	0.721395829	0.841979151	0.881948953	0.569449383
624	1.64430779	0.723059483	0.842340118	0.881125245	0.570721385
625	1.64807195	0.724706111	0.84162699	0.881940799	0.57178878
626	1.6565658	0.726485506	0.840018781	0.883780268	0.572754919
627	1.66513407	0.727915373	0.838396482	0.885635854	0.573664977
628	1.66912312	0.72851326	0.837641202	0.886499743	0.574564107
629	1.66317358	0.728104853	0.838192322	0.886336765	0.575457043
630	1.64975584	0.727168831	0.839435498	0.885913683	0.576323436
631	1.63622055	0.726187476	0.840689566	0.885348492	0.577174213
632	1.62991904	0.725643031	0.841273411	0.884758982	0.578020313
633	1.63422258	0.725505298	0.841011673	0.88396192	0.578892932
634	1.64393046	0.725398592	0.840342223	0.882923566	0.579778446
635	1.6537234	0.7253294	0.839468467	0.882019431	0.580617462
636	1.65828262	0.725304328	0.838593714	0.881625114	0.581350576
637	1.65744323	0.726307384	0.837647882	0.881681916	0.581935711
638	1.6550572	0.728919754	0.83653709	0.881810251	0.582431603
639	1.65141691	0.732437075	0.835455491	0.881939711	0.582930794
640	1.64681361	0.736154695	0.834597314	0.881999982	0.583525826
641	1.63265555	0.741361147	0.834052469	0.881468782	0.584366869
642	1.60749402	0.748264292	0.833654999	0.880270988	0.585397206
643	1.58338919	0.754314535	0.833219489	0.8790627	0.586388322
644	1.57240408	0.756961678	0.832560535	0.878500167	0.587111673
645	1.57272676	0.756008535	0.830639882	0.880245431	0.587517761
646	1.57368801	0.753538898	0.827444202	0.884181039	0.587802499
647	1.57522709	0.750245803	0.824434908	0.888151129	0.588093642
648	1.57728643	0.746821802	0.823073708	0.88999945	0.588518913
649	1.58984231	0.742229875	0.825509146	0.88830986	0.589327246
650	1.61503149	0.736272428	0.831196223	0.884459008	0.590528657
651	1.63985173	0.731093077	0.83742297	0.880474022	0.591874679
652	1.65129758	0.728835957	0.84147706	0.87838201	0.5931168
653	1.64708797	0.731853885	0.843387998	0.878014581	0.594193353
654	1.63758846	0.738660196	0.845009615	0.877737696	0.595236837
655	1.62800572	0.745526139	0.846138202	0.877562346	0.596276146
656	1.62354437	0.748722657	0.846569433	0.877500016	0.597340139
657	1.62399924	0.744265904	0.846272604	0.879340291	0.598474992
658	1.62508134	0.734214641	0.84547515	0.883489792	0.599655064
659	1.62630745	0.724075316	0.844348978	0.887675647	0.60079803
660	1.62719553	0.719354837	0.843065966	0.88962442	0.601821555
661	1.62774504	0.722829811	0.840878209	0.887765737	0.602675837
662	1.62824623	0.730853472	0.837663977	0.883573458	0.603430021
663	1.62861252	0.739413047	0.834640822	0.879344449	0.60417985
664	1.62875718	0.744496072	0.833026588	0.877375586	0.605021065
665	1.62766364	0.746256654	0.832606247	0.878285659	0.606032531
666	1.62490682	0.747671343	0.832283808	0.880339021	0.607162484
667	1.6213938	0.748616279	0.832076506	0.882410372	0.608309229
668	1.61803194	0.748966669	0.832001899	0.883374713	0.609371067
669	1.61431989	0.747039162	0.832358498	0.883043291	0.610336391
670	1.609964	0.742692797	0.833162602	0.882218716	0.611261077
671	1.60632799	0.738308352	0.833973751	0.881194144	0.612137341
672	1.60477598	0.736267124	0.834351391	0.880262543	0.61295738
673	1.60659936	0.737934716	0.832538405	0.87933865	0.613671087
674	1.61112591	0.741696183	0.828450216	0.878312516	0.614303708
675	1.61673393	0.745490606	0.82432621	0.87747701	0.614966502
676	1.6218016	0.747257143	0.822406232	0.8771251	0.615770743
677	1.62676419	0.743123392	0.825716555	0.879496509	0.616891877
678	1.63224113	0.733801396	0.833181982	0.884843803	0.61828922
679	1.63668725	0.724397727	0.840712816	0.890237947	0.619738247
680	1.63855686	0.720019741	0.844218882	0.892749253	0.621014401
681	1.63190796	0.723154788	0.84259146	0.890909709	0.62203919
682	1.61691478	0.730226652	0.838919585	0.886760208	0.622955334
683	1.60179025	0.737360475	0.83521554	0.882574353	0.623860963
684	1.59474885	0.740681708	0.833491079	0.88062558	0.624854184
685	1.60370395	0.739368715	0.833870869	0.880625	0.62604215
686	1.62390069	0.736405943	0.834728378	0.880625	0.627359514
687	1.64427438	0.733417214	0.8355934	0.880625	0.628640548
688	1.65375959	0.732025776	0.835996121	0.880625	0.62971951
689	1.64628777	0.735030489	0.834248813	0.879942005	0.630531722
690	1.62943389	0.74180647	0.830308701	0.878401985	0.631209801
691	1.61243236	0.748641817	0.826334069	0.876848471	0.631878708
692	1.60451709	0.751824092	0.824483633	0.876125215	0.632663385
693	1.60570822	0.749479753	0.825347016	0.87713052	0.633652756
694	1.60839929	0.744191588	0.827469264	0.879397773	0.634790439
695	1.61111394	0.738857092	0.830048408	0.88168489	0.635983468
696	1.61237777	0.736373556	0.832282768	0.882749683	0.637138883
697	1.6119919	0.737373571	0.83429225	0.881966187	0.638266011
698	1.61088188	0.739959645	0.836419747	0.880089882	0.639404902
699	1.60916067	0.743397388	0.838112019	0.877923058	0.640499271
700	1.60694098	0.746952852	0.838815592	0.876267931	0.641492805
701	1.5987969	0.751656707	0.837852921	0.875116371	0.642379069
702	1.5837312	0.757717435	0.835681839	0.874022954	0.643199979
703	1.56915633	0.762972816	0.833491736	0.873203768	0.643967971
704	1.56248649	0.765260103	0.832472108	0.872875091	0.644695473
705	1.56981524	0.762165801	0.832483243	0.875303425	0.645365624
706	1.58634459	0.755187261	0.832509035	0.880779055	0.645983304
707	1.60301876	0.74814758	0.832535053	0.886302658	0.646596978
708	1.61078161	0.744870176	0.832547166	0.888874235	0.647255118
709	1.60142157	0.749138976	0.831358892	0.885972273	0.64798575
710	1.58031128	0.758766496	0.828679555	0.879427185	0.648762569
711	1.55901604	0.768478364	0.825976744	0.872824753	0.649553271
712	1.5491018	0.772999836	0.824718419	0.869750915	0.650325553
713	1.55550198	0.77011502	0.824768348	0.870907296	0.651048426
714	1.56993979	0.763452294	0.824916212	0.873516776	0.651745649
715	1.5845041	0.756341327	0.825152008	0.876149118	0.652468245
716	1.59128468	0.752111345	0.825466092	0.877374635	0.653267238
717	1.59034601	0.750636413	0.827229834	0.877333699	0.654225171
718	1.58777285	0.749450124	0.830731733	0.877211788	0.655310742
719	1.58403999	0.748657151	0.834174601	0.877016401	0.656398322
720	1.57962043	0.748362944	0.835760809	0.876754685	0.657362267
721	1.57045847	0.75580424	0.83440613	0.875124991	0.658143435
722	1.55603492	0.772583098	0.831350533	0.871847331	0.658831405
723	1.54266254	0.789508962	0.828268165	0.868615932	0.659520612
724	1.53665555	0.797388992	0.826833134	0.867125442	0.660305485
725	1.53868414	0.789241109	0.829275068	0.868994028	0.661244362
726	1.5439497	0.77086392	0.834782122	0.873264254	0.662296191
727	1.55099082	0.752325723	0.840337424	0.877712584	0.663407483
728	1.55834723	0.743695053	0.842923759	0.880115333	0.664524754
729	1.56833723	0.745930785	0.842210319	0.880543886	0.665685594
730	1.58138019	0.750977719	0.840552776	0.880785825	0.666905213
731	1.59274659	0.75606887	0.838762135	0.881005604	0.668086973
732	1.59770579	0.758439114	0.837648853	0.881367171	0.669134213
733	1.59719995	0.75644738	0.837205645	0.882352214	0.670008791
734	1.59601781	0.751954814	0.836850522	0.883907728	0.670786422
735	1.59472884	0.747422887	0.83659911	0.885351153	0.671538177
736	1.59390125	0.745312997	0.836467217	0.88599981	0.672335119
737	1.59361417	0.748447728	0.83642083	0.884045877	0.673214303
738	1.59344918	0.755517358	0.836396857	0.879639706	0.674134512
739	1.59326458	0.762648926	0.836371726	0.875194931	0.675050888
740	1.59291875	0.76596911	0.836321881	0.873125616	0.675918576
741	1.58729669	0.765935676	0.835447318	0.873132723	0.676698273
742	1.5752673	0.765832403	0.833571158	0.873156183	0.677424824
743	1.56325478	0.765663684	0.831696659	0.873195056	0.678165835
744	1.55768491	0.765432932	0.830827326	0.873249016	0.678988922
745	1.56620724	0.762921695	0.83216203	0.874317299	0.679983154
746	1.58542716	0.757613196	0.835172111	0.876811555	0.681107255
747	1.60481547	0.752325021	0.838208565	0.879736682	0.682228029
748	1.61384192	0.749875462	0.839622221	0.882097271	0.683212265
749	1.61298547	0.750776448	0.838465988	0.883941756	0.68399976
750	1.61066328	0.752809638	0.835857959	0.885771318	0.68468712
751	1.60735227	0.754860641	0.83322708	0.887177061	0.685372905
752	1.60352691	0.755815509	0.832002244	0.887749841	0.686155662
753	1.59705567	0.754477253	0.832287174	0.886050863	0.68716458
754	1.58741183	0.751459103	0.832930458	0.882164169	0.688336695
755	1.57777444	0.748414511	0.833579377	0.878103891	0.689474638
756	1.57132339	0.746997066	0.833881489	0.875884538	0.690381018
757	1.56773992	0.749033089	0.832676749	0.87536894	0.690990734
758	1.56466169	0.753624878	0.82996009	0.874972515	0.691465948
759	1.56250079	0.758256898	0.827219629	0.874717103	0.691942545
760	1.56167011	0.760413388	0.825943776	0.874625024	0.692556391
761	1.5662569	0.759582239	0.828646022	0.875896129	0.693472231
762	1.57659973	0.757569558	0.834739919	0.878762279	0.694646379
763	1.58703318	0.75519424	0.840887208	0.88165354	0.695894137
764	1.59189059	0.75327479	0.843749148	0.8829996	0.697030789
765	1.58980101	0.751773777	0.841788602	0.882127285	0.697997743
766	1.58508616	0.750281274	0.837366027	0.88015948	0.698901948
767	1.58033	0.749132948	0.832904705	0.878174435	0.699798492
768	1.57811572	0.748664675	0.830827686	0.877250275	0.700742438
769	1.57814122	0.748675626	0.831625084	0.877781218	0.701785573
770	1.57820022	0.74870941	0.833424458	0.878979012	0.702890758
771	1.57825973	0.748765621	0.835239596	0.8801873	0.703977847
772	1.57828744	0.74884398	0.836084654	0.880749833	0.70496669
773	1.56632022	0.752205024	0.835364912	0.880438224	0.705830013
774	1.53933644	0.759662195	0.8336612	0.879637683	0.706623714
775	1.51211624	0.767161783	0.831740658	0.878584761	0.707389175
776	1.49944356	0.770649047	0.830370397	0.87751593	0.708167764
777	1.50719212	0.770628293	0.829551659	0.876165855	0.708945308
778	1.52467211	0.770564578	0.828812958	0.874467088	0.709706885
779	1.54230525	0.77046363	0.828276858	0.873007518	0.710498231
780	1.55051456	0.770330145	0.828066095	0.872375182	0.711365101
781	1.54809892	0.769664064	0.828943449	0.873209771	0.712376576
782	1.54264661	0.768363254	0.831058828	0.875092019	0.713506528
783	1.53714653	0.767089026	0.833537321	0.876990757	0.714653273
784	1.53458591	0.766502846	0.835503806	0.877874737	0.715715111
785	1.53522528	0.766550108	0.836808808	0.877059201	0.716633972
786	1.53706848	0.766657065	0.837956389	0.875219732	0.717478863
787	1.53993362	0.76676496	0.838995553	0.873364146	0.718337448
788	1.54363937	0.766815191	0.839975154	0.872500257	0.719297386
789	1.55765285	0.763381969	0.841047862	0.8746059	0.720460698
790	1.58373611	0.755640682	0.842159791	0.879354298	0.721777292
791	1.6090064	0.74783157	0.843034655	0.884144297	0.723101554
792	1.62057786	0.744195949	0.843396125	0.886374337	0.72428786
793	1.60899892	0.745734347	0.842670358	0.885702519	0.725294196
794	1.58263077	0.749648549	0.840820151	0.884007216	0.726214421
795	1.55539728	0.754711321	0.838416652	0.88184682	0.727099717
796	1.54122257	0.75969605	0.836031124	0.879779263	0.728001251
797	1.53930687	0.765557948	0.833173808	0.877496049	0.728932004
798	1.53825734	0.772665567	0.829676045	0.874816645	0.729864897
799	1.53731288	0.778681617	0.826703789	0.872579992	0.730793818
800	1.53571563	0.781268187	0.825423299	0.871625272	0.731712664
801	1.53111322	0.780382622	0.827399134	0.872099302	0.732637128
802	1.52371019	0.77834245	0.831855086	0.873168761	0.733565749
803	1.51680414	0.776179454	0.836350078	0.874247589	0.734464118
804	1.51369328	0.77492495	0.838442774	0.874749851	0.735297817
805	1.51709399	0.774609153	0.837875066	0.874389531	0.736063117
806	1.524764	0.774431018	0.836469423	0.873576742	0.736784337
807	1.53250121	0.774254183	0.834739132	0.872756832	0.737466761
808	1.53610336	0.773942498	0.833197024	0.872375114	0.738115668
809	1.53402643	0.772679152	0.831728697	0.872702566	0.738698401
810	1.52934093	0.770405231	0.830130604	0.873509831	0.739225951
811	1.52461439	0.768207315	0.828841934	0.874496893	0.739773887
812	1.52241389	0.767172215	0.828302039	0.875363752	0.740417793
813	1.52497512	0.767123034	0.829861989	0.876165009	0.741233836
814	1.53075168	0.767087616	0.833379718	0.877024535	0.742197222
815	1.53657885	0.76706602	0.836928268	0.877712734	0.743229587
816	1.53929175	0.767058589	0.838580336	0.877999919	0.744252563
817	1.53150255	0.768144615	0.836976047	0.877618021	0.745246349
818	1.51393758	0.770593396	0.833357577	0.876666329	0.746253073
819	1.49621872	0.773063632	0.829707404	0.875478892	0.747282946
820	1.48796951	0.774213679	0.828008024	0.874389793	0.748346166
821	1.4884027	0.774025784	0.829161884	0.873290269	0.749496825
822	1.48958617	0.773601345	0.831764755	0.872058027	0.750717423
823	1.49128604	0.773173187	0.834390431	0.871050471	0.751904688
824	1.49327077	0.772973853	0.835612844	0.870625121	0.75295533
825	1.49658486	0.773499186	0.834669136	0.872237626	0.753815904
826	1.50158188	0.774696572	0.832446583	0.875873786	0.754569482
827	1.50685054	0.775936467	0.82996847	0.879541804	0.755315908
828	1.51097918	0.776589222	0.828258012	0.881249492	0.75615502
829	1.51355012	0.776706479	0.827314953	0.87978915	0.757144395
830	1.51554231	0.776794963	0.826483498	0.876495217	0.758236411
831	1.51757415	0.776851066	0.825889228	0.873172424	0.75937475
832	1.52026388	0.776871029	0.825657957	0.87162546	0.760503101
833	1.52540217	0.774300643	0.827240471	0.87318071	0.761660131
834	1.53259791	0.768504907	0.830808874	0.876688535	0.762860829
835	1.5390275	0.762658393	0.834408541	0.880227093	0.764003366
836	1.54186689	0.759936481	0.836084407	0.88187451	0.764985891
837	1.53868138	0.761867543	0.834680639	0.879617323	0.765766719
838	1.53142688	0.766438752	0.831514288	0.874526699	0.766435184
839	1.52393288	0.771591366	0.828320195	0.869391474	0.767083164
840	1.52002906	0.775266851	0.826833149	0.867000711	0.767802528
841	1.51938628	0.777461875	0.826972331	0.869371509	0.768618284
842	1.51890372	0.779442021	0.827370437	0.874718803	0.769488845
843	1.51859911	0.780878939	0.827981517	0.880112947	0.770411211
844	1.51849113	0.781443813	0.828760024	0.882624253	0.771382395
845	1.52974868	0.776937606	0.831307622	0.881486676	0.772472831
846	1.55513235	0.766776633	0.835903409	0.878919974	0.773672096
847	1.58073841	0.756526637	0.840322538	0.876330785	0.774846683
848	1.5926596	0.751754633	0.842339631	0.875125359	0.775863058
849	1.58299286	0.754578048	0.841109939	0.876206408	0.776686531
850	1.56118822	0.761058093	0.83819211	0.878644774	0.777413923
851	1.53919254	0.767873096	0.834887068	0.881104504	0.778102341
852	1.5289522	0.771701914	0.832495527	0.882249659	0.778808877
853	1.53485217	0.772626103	0.831018994	0.881701078	0.779541844
854	1.54816232	0.773242616	0.829673215	0.880370916	0.780272771
855	1.56158909	0.773726701	0.828690134	0.878796549	0.781007518
856	1.56784008	0.774252858	0.828301993	0.877515178	0.781751956
857	1.55995224	0.774957944	0.828637161	0.876498466	0.782477013
858	1.5421625	0.775724134	0.829514761	0.875481272	0.783188442
859	1.52421689	0.776341471	0.830705986	0.874695975	0.783948661
860	1.51586211	0.77659999	0.831982034	0.874375089	0.784820099
861	1.51821897	0.774186636	0.833836662	0.874887246	0.785922881
862	1.52353885	0.768744825	0.836341039	0.876042262	0.787231772
863	1.52890533	0.763255337	0.838550559	0.877207397	0.788581919
864	1.53140376	0.760699643	0.839520396	0.877749839	0.789808445
865	1.52743886	0.764543732	0.838644293	0.876994265	0.790877964
866	1.51823795	0.773213126	0.836608862	0.875257946	0.791884894
867	1.50830456	0.781958474	0.834406296	0.873425215	0.792846119
868	1.50214272	0.786029972	0.833028778	0.872380477	0.793778494
869	1.50011918	0.785014286	0.832557486	0.872077072	0.794679554
870	1.49887722	0.78272138	0.83225871	0.871838652	0.795545165
871	1.49765588	0.780408385	0.831972956	0.871682226	0.796391548
872	1.4956951	0.779331544	0.831540922	0.871625015	0.797234932
873	1.49004591	0.781708289	0.830511872	0.87226986	0.79807875
874	1.48083591	0.787068111	0.828953404	0.873815766	0.798914805
875	1.47221157	0.792474893	0.827525182	0.875606309	0.799742862
876	1.46832016	0.794992082	0.826886979	0.876984886	0.800562691
877	1.47928583	0.791046186	0.828305055	0.877960286	0.801399342
878	1.50401389	0.782147265	0.831502963	0.87889225	0.802246046
879	1.52895859	0.773170377	0.834728889	0.879593081	0.803051561
880	1.54057188	0.768991085	0.836230756	0.879874922	0.80376464
881	1.53352541	0.772367132	0.834876055	0.878506073	0.80434225
882	1.51749699	0.779982272	0.831820458	0.875370005	0.80483591
883	1.50099564	0.78766413	0.82873809	0.872082188	0.805337669
884	1.49252914	0.791240508	0.827303059	0.87025845	0.805939581
885	1.4913183	0.790955389	0.828264088	0.869797508	0.806719751
886	1.49041594	0.790192883	0.830554684	0.869440432	0.807646661
887	1.48984997	0.789128832	0.833173994	0.869208912	0.808646665
888	1.48965042	0.7879381	0.835121292	0.869125022	0.809646111
889	1.49490392	0.785958134	0.836305946	0.87058585	0.810646946
890	1.50674967	0.783110411	0.837334336	0.873879783	0.811683859
891	1.5186992	0.780543073	0.838177834	0.877202576	0.812725603
892	1.52426244	0.77940452	0.838807612	0.87874954	0.813740913
893	1.51698275	0.780433319	0.839314744	0.877686147	0.81471852
894	1.50056472	0.782931005	0.839768956	0.875165768	0.815676587
895	1.48400286	0.785896298	0.840096984	0.87231744	0.816626728
896	1.47629229	0.788327938	0.840225529	0.870270071	0.817580553
897	1.4790661	0.790286859	0.838991903	0.869025332	0.818552848
898	1.485473	0.792259541	0.836131491	0.867896281	0.81953412
899	1.49230663	0.793787955	0.83304794	0.867074064	0.820498665
900	1.49636207	0.794413814	0.831145245	0.866750088	0.821420774
901	1.49776312	0.792315986	0.830387073	0.868514403	0.822264383
902	1.4988885	0.787422345	0.829764335	0.87249279	0.823054432
903	1.49963998	0.782075681	0.829341254	0.876506033	0.823859217
904	1.49991857	0.778619265	0.829182373	0.878374444	0.82474704
905	1.49835176	0.777023484	0.830373165	0.877995559	0.825774667
906	1.49481873	0.775675326	0.833058267	0.877139991	0.826908663
907	1.49125475	0.774740068	0.835766894	0.876276928	0.828080993
908	1.4895955	0.774383517	0.837027927	0.87587512	0.829223617
909	1.4903353	0.775541407	0.837007643	0.87652005	0.830329618
910	1.49200452	0.778431864	0.836945477	0.877974515	0.831432236
911	1.49368836	0.782050526	0.836843562	0.879441722	0.832518567
912	1.49447229	0.785392776	0.836703664	0.880124797	0.833575699
913	1.48608237	0.788816149	0.834936143	0.878379569	0.834577847
914	1.46716418	0.792681007	0.831165663	0.874443961	0.835539656
915	1.44808025	0.795851889	0.827402744	0.870473871	0.836511098
916	1.43919551	0.797192968	0.825658413	0.86862555	0.837542157
917	1.44630157	0.794507179	0.827061489	0.869463209	0.838695691
918	1.46233034	0.788383225	0.830226323	0.871412539	0.839936592
919	1.47849953	0.782036684	0.833418884	0.873528192	0.841164238
920	1.48602729	0.778683597	0.834905218	0.874865106	0.842277999
921	1.48328533	0.778064435	0.833757201	0.875441025	0.843329155
922	1.47677437	0.777596391	0.831126358	0.875920823	0.844362264
923	1.46939304	0.777299178	0.828368603	0.876250282	0.845251378
924	1.46403859	0.777193293	0.82683977	0.876374967	0.845870509
925	1.46071387	0.780635734	0.826454587	0.874990039	0.846215276
926	1.45767807	0.788397835	0.826156288	0.871867219	0.846446413
927	1.45545788	0.796227941	0.825962925	0.868717039	0.84667753
928	1.45458065	0.799873337	0.825892875	0.867250436	0.847022214
929	1.46191404	0.796069694	0.827475568	0.869868146	0.847693812
930	1.47844994	0.787490769	0.831044274	0.875771559	0.848698089
931	1.49513072	0.778836681	0.834644247	0.881726694	0.849822342
932	1.50289665	0.774807671	0.836320256	0.884499175	0.850853824
933	1.49879669	0.776541617	0.835414783	0.883494438	0.851743829
934	1.48842285	0.781033433	0.833334109	0.880992596	0.852605113
935	1.47513072	0.787022054	0.831139911	0.877878974	0.853454759
936	1.46227478	0.793247102	0.829893652	0.875038377	0.854309815
937	1.44774698	0.801589877	0.829558196	0.872201841	0.855179682
938	1.43049309	0.812409882	0.829313994	0.869040476	0.856053901
939	1.41601583	0.821815484	0.82913895	0.866462218	0.856920014
940	1.40981948	0.825914108	0.829011212	0.865375308	0.857765561
941	1.42265954	0.822137999	0.828902276	0.867518844	0.858562951
942	1.45161539	0.813124992	0.828806779	0.872352798	0.859326484
943	1.48082494	0.80278549	0.828738797	0.877229104	0.860109062
944	1.49442378	0.795029878	0.828712413	0.879499325	0.860963588
945	1.49247923	0.789841013	0.830566819	0.8773941	0.861929874
946	1.48755618	0.784983076	0.834748162	0.872645702	0.862983979
947	1.48125848	0.781374401	0.838966139	0.867855703	0.864082939
948	1.47518649	0.779934237	0.840929867	0.865625663	0.86518379
949	1.46837189	0.780215695	0.840699086	0.8677309	0.866335687
950	1.46030742	0.781014872	0.840060399	0.872479298	0.867545008
951	1.45355109	0.7822327	0.839121799	0.877269297	0.868694454
952	1.45066165	0.783770434	0.837990761	0.879499337	0.869666699
953	1.45247735	0.788445147	0.835435486	0.878054848	0.870404577
954	1.45657326	0.796728748	0.831287519	0.874767481	0.871014463
955	1.46070506	0.804658657	0.827407977	0.871378793	0.871622334
956	1.46262866	0.808271358	0.825658408	0.869630135	0.872354163
957	1.45975417	0.807525491	0.826719191	0.869365726	0.873325186
958	1.45327146	0.805602264	0.829270138	0.869168133	0.87448173
959	1.44673195	0.803060892	0.832240696	0.869043903	0.875693378
960	1.4436874	0.800459747	0.834560499	0.869000011	0.876829705
961	1.44796097	0.797107148	0.836251495	0.869405097	0.877886833
962	1.45759909	0.792844666	0.837885727	0.870365904	0.878928066
963	1.46732165	0.789167484	0.83912291	0.871454335	0.879912818
964	1.4718481	0.787571156	0.839622503	0.872242181	0.880800474
965	1.46886797	0.790121944	0.837875678	0.872627688	0.881553343
966	1.46195233	0.795874513	0.833928045	0.872897548	0.882216615
967	1.45449066	0.801677482	0.829924277	0.873183236	0.882875711
968	1.44987201	0.804379121	0.82800946	0.873616163	0.883616059
969	1.44801197	0.802926594	0.827931749	0.874808096	0.884474931
970	1.44648138	0.799580453	0.827875905	0.876745132	0.885415553
971	1.44544006	0.796031026	0.827841886	0.878557376	0.886415267
972	1.44504861	0.793968294	0.827830192	0.87937476	0.887451418
973	1.45104917	0.793314694	0.829533207	0.877838262	0.888576814
974	1.46457953	0.792795727	0.833373185	0.874373215	0.889792589
975	1.47822842	0.792452359	0.837246807	0.87087781	0.890989841
976	1.48458282	0.792325954	0.839050215	0.869250484	0.892059644
977	1.47602601	0.795554638	0.838087884	0.870198604	0.892957842
978	1.4567278	0.802834772	0.835916802	0.872337521	0.89376359
979	1.4372605	0.810178689	0.833726698	0.874495179	0.894549491
980	1.42819728	0.813597733	0.83270707	0.875499701	0.895388136
981	1.42866067	0.810706819	0.833194855	0.874684201	0.896297507
982	1.42993445	0.803898338	0.834404832	0.872844732	0.89724229
983	1.43177998	0.796306429	0.835900681	0.870989146	0.89821926
984	1.43396117	0.79106511	0.837246236	0.870125257	0.899225203
985	1.43712707	0.788635388	0.838551678	0.871814887	0.900282999
986	1.44190118	0.78687867	0.839985749	0.875685696	0.90139026
987	1.44792063	0.785231839	0.841147341	0.879742454	0.902502676
988	1.45482233	0.783132328	0.8416352	0.881989658	0.903575924
989	1.46607446	0.779553459	0.84138834	0.882553383	0.904633094
990	1.48166444	0.774905909	0.840753325	0.882989776	0.905689383
991	1.49554365	0.770864001	0.83991634	0.883272557	0.906681759
992	1.50166222	0.769102275	0.839063503	0.883374973	0.90754717
993	1.49049729	0.773073754	0.838195098	0.882369042	0.908248826
994	1.46508756	0.782411286	0.837196369	0.879948091	0.908850741
995	1.43887423	0.792790188	0.836096527	0.877121793	0.909440904
996	1.42530024	0.799885052	0.834924821	0.874900103	0.910107301
997	1.4231809	0.803692915	0.833666704	0.873401044	0.910878716
998	1.42159632	0.807017525	0.832293099	0.872051395	0.911718052
999	1.42060227	0.809382642	0.830815469	0.870896006	0.912618755
1000	1.4202578	0.810311042	0.829245283	0.86997992	0.913574278
