kimg	g_loss	d_loss	real_sign_proxy	fake_sign_proxy	ada_p
0	0.661903977	2.19091201	0.5	0.21875	0
1	4.4827767	1.53021077	0.663178208	0.494726411	0.00145279244
2	7.7235053	0.943064422	0.808206838	0.739297991	0.00296939432
3	9.94976549	0.520116695	0.912115296	0.912724935	0.00452502987
4	10.7925727	0.341013163	0.954646016	0.979856847	0.00611821392
5	10.4499056	0.318386129	0.957754748	0.97816754	0.007763005
6	9.67674025	0.30188739	0.959757166	0.974317498	0.009458694
7	8.89679733	0.29174607	0.961141237	0.970433705	0.0111797435
8	8.53368137	0.288232061	0.962384655	0.968625539	0.0129006109
9	8.66237636	0.291264501	0.963584378	0.96997506	0.0146222648
10	8.95280642	0.298104148	0.964583363	0.973068559	0.0163562162
11	9.2457824	0.305003752	0.965509948	0.976313276	0.0180903598
12	9.38218244	0.308215982	0.966492556	0.978116563	0.0198125838
13	8.71144774	0.297596719	0.967761412	0.978577101	0.0215206442
14	7.19895869	0.273649855	0.969193305	0.978934216	0.0232208148
15	5.67321073	0.249493066	0.970367827	0.979165953	0.0249129867
16	4.96287139	0.238246439	0.97086452	0.979249978	0.0265970492
17	5.10624872	0.249801551	0.970805708	0.978960689	0.0282920779
18	5.43001878	0.278203598	0.970627797	0.978147743	0.0299928321
19	5.75662719	0.31273971	0.970335183	0.976923699	0.0316602323
20	5.90868561	0.342696851	0.969932135	0.975401173	0.0332551924
21	5.81252641	0.364260061	0.965932607	0.97256015	0.0348118372
22	5.56794413	0.383536403	0.956455003	0.967666475	0.0363436806
23	5.25164876	0.404251421	0.94429566	0.961380924	0.0377729526
24	4.94033372	0.430129452	0.93225196	0.954364595	0.039021862
25	4.61115431	0.468519958	0.919998333	0.945785053	0.0401095455
26	4.23069258	0.518614132	0.906150324	0.934895907	0.0411023093
27	3.86940798	0.571341359	0.892201375	0.922637687	0.0419846371
28	3.59778603	0.617629516	0.879645699	0.909951332	0.0427409895
29	3.40458931	0.661506489	0.86710795	0.893929446	0.0433497204
30	3.23558635	0.706597274	0.854146028	0.874820608	0.0438567423
31	3.10384339	0.74191509	0.843961514	0.858758231	0.0443500967
32	3.02244588	0.756469609	0.839756819	0.851876969	0.0449178309
33	2.98399173	0.75424201	0.841310471	0.854720771	0.0457022033
34	2.96094673	0.749209947	0.844816359	0.861137511	0.0466352018
35	2.93774413	0.744133775	0.848352978	0.867610496	0.0474789925
36	2.89882138	0.741770478	0.84999951	0.870624103	0.0479957132
37	2.78724287	0.761905776	0.845052545	0.863896959	0.0482355758
38	2.59375559	0.809212781	0.833401123	0.848375937	0.0484231992
39	2.37958298	0.861723068	0.820400567	0.831837425	0.0485579596
40	2.20596271	0.897462656	0.811407248	0.822059023	0.0486391674
41	2.08337169	0.91354138	0.807402566	0.819176742	0.0486892909
42	1.97543351	0.925106457	0.804685308	0.817275038	0.0487301387
43	1.87700978	0.935782514	0.801908786	0.815666151	0.048757717
44	1.78297269	0.949190223	0.79772718	0.813663976	0.0487680259
45	1.68008375	0.968206146	0.787748155	0.810473938	0.0485632697
46	1.57362796	0.991031156	0.772124471	0.806588356	0.0480445615
47	1.48751661	1.01423299	0.756740472	0.803293413	0.0473778983
48	1.44566439	1.03437927	0.747481619	0.801875407	0.0467293352
49	1.43794121	1.04973184	0.744402955	0.802520041	0.046140224
50	1.43395887	1.06275235	0.742550589	0.803974502	0.0455158435
51	1.43013372	1.07624176	0.74075401	0.805441712	0.0448272229
52	1.42288991	1.09300082	0.737843948	0.806124797	0.044045416
53	1.38540372	1.1208311	0.731414967	0.804958994	0.0431226158
54	1.31475415	1.15774063	0.721123902	0.802069431	0.0420490338
55	1.24610622	1.19110623	0.709067566	0.798499478	0.040855545
56	1.21463274	1.20830273	0.697343234	0.795292655	0.039573032
57	1.22003701	1.21232293	0.684086038	0.792190203	0.0381030507
58	1.23390474	1.21537077	0.668832776	0.788786822	0.0364316536
59	1.25207227	1.21731053	0.656210494	0.78603194	0.0347313538
60	1.27038363	1.21800287	0.650847392	0.784875327	0.0331747044
61	1.28854729	1.21387868	0.65595341	0.787924075	0.0317868669
62	1.30905111	1.20353007	0.668002432	0.794883697	0.0304701754
63	1.33159195	1.19045241	0.681496195	0.802116791	0.0292245972
64	1.35586579	1.17814217	0.690936379	0.805985323	0.0280501313
65	1.38429527	1.16654303	0.695565386	0.80661082	0.0269690269
66	1.41682719	1.15403832	0.699062076	0.806937761	0.0259657152
67	1.44911315	1.14209877	0.702219681	0.807257721	0.0249803436
68	1.47680385	1.13219596	0.705830448	0.807861447	0.0239530507
69	1.49739439	1.1252356	0.710056117	0.810379858	0.0227743208
70	1.51431873	1.11984832	0.714520536	0.815335375	0.0215010918
71	1.53209665	1.11409424	0.719258678	0.821196107	0.0203321441
72	1.5552478	1.10603347	0.72430565	0.826429734	0.0194662823
73	1.58903369	1.09163613	0.729997171	0.830635871	0.0188464161
74	1.63334697	1.07056983	0.736279728	0.834639283	0.0183037469
75	1.68445032	1.04673792	0.742565316	0.838662685	0.0178922129
76	1.73860587	1.02404457	0.748265822	0.842928565	0.0176658136
77	1.8104381	0.999418699	0.753302611	0.84845951	0.0175791696
78	1.89877561	0.971940568	0.758028061	0.854885116	0.0175264292
79	1.97398131	0.949485828	0.762460452	0.860225219	0.0174792842
80	2.00641216	0.939932148	0.766617951	0.862499351	0.017409449
81	1.99345234	0.939829194	0.770113526	0.862101592	0.0172597113
82	1.96420911	0.939783521	0.77308821	0.861203249	0.017045758
83	1.93470955	0.939738671	0.776405281	0.860297031	0.0168532904
84	1.92097554	0.939640842	0.780928161	0.859875126	0.0167680221
85	1.97868071	0.921281333	0.790952659	0.864257487	0.0169680204
86	2.10880547	0.880078446	0.806187705	0.874139266	0.0174577109
87	2.24007085	0.83855118	0.820164561	0.884107664	0.018048971
88	2.30118363	0.819224299	0.826413268	0.888748618	0.0185536421
89	2.24924762	0.829859691	0.823318432	0.887435927	0.0189488763
90	2.13197424	0.853853706	0.816098561	0.884271683	0.0193309828
91	2.01335772	0.87805804	0.8082182	0.880573519	0.019677015
92	1.95739057	0.889326771	0.803141033	0.877658091	0.0199639894
93	1.95624864	0.887762429	0.800820345	0.875490862	0.020206014
94	1.95543866	0.883828089	0.798863889	0.873380148	0.0204249725
95	1.95494796	0.878854482	0.797508705	0.871775098	0.0206060507
96	1.95478011	0.874169456	0.796992619	0.87112518	0.0207344252
97	1.97166606	0.870170041	0.797332471	0.871742427	0.0208098381
98	2.00974114	0.866123466	0.798277121	0.873343192	0.0208600267
99	2.04814998	0.861727909	0.799677874	0.875482641	0.020911393
100	2.06603185	0.856681722	0.801386078	0.877715937	0.0209903367
101	2.06385396	0.849490608	0.805503582	0.880741798	0.0211399735
102	2.05802398	0.840468924	0.812332486	0.884687826	0.0213736264
103	2.04986098	0.832190209	0.818757517	0.888125153	0.0216706251
104	2.04067929	0.827228441	0.82166268	0.889624567	0.0220102927
105	2.02514345	0.825025664	0.819253513	0.889093789	0.0224757657
106	2.00262468	0.823240836	0.813809186	0.887895998	0.023093167
107	1.98227152	0.822041006	0.808291655	0.886687707	0.0237446133
108	1.97323459	0.821593947	0.805662782	0.886125168	0.02431219
109	1.97463093	0.82260213	0.805570845	0.886546856	0.0247489565
110	1.9785954	0.824875682	0.805504961	0.88764861	0.0251305518
111	1.98463219	0.827169163	0.805464888	0.889138695	0.0255188536
112	1.99224775	0.828236931	0.805451131	0.890725422	0.0259757287
113	2.01150525	0.823030384	0.808446676	0.892800618	0.0265771657
114	2.04575916	0.810843131	0.815201139	0.895507143	0.0272930354
115	2.08324236	0.797425552	0.822014808	0.898105976	0.028022055
116	2.11218449	0.788529328	0.825187025	0.899857892	0.028662931
117	2.1317171	0.784852651	0.823691811	0.900883451	0.0291724105
118	2.14899193	0.782329372	0.82031822	0.901765983	0.0296195056
119	2.16338102	0.779950906	0.816915059	0.90238628	0.0300682792
120	2.17425399	0.776709713	0.815330661	0.902624936	0.0305827858
121	2.18309597	0.770507869	0.817033585	0.902511169	0.0311883102
122	2.19107432	0.761986928	0.821031406	0.9022545	0.031862226
123	2.19686429	0.754423177	0.825459059	0.90199558	0.0325994091
124	2.19914053	0.751093371	0.828451421	0.901875036	0.0333947426
125	2.19484632	0.751500191	0.8300144	0.903278909	0.0343166324
126	2.18516218	0.752545716	0.83137306	0.906444492	0.035364045
127	2.17539314	0.753917439	0.832334819	0.90963783	0.0364187233
128	2.17084495	0.755303701	0.832706666	0.911124557	0.0373623862
129	2.17846664	0.757036021	0.832533166	0.909455504	0.0381984783
130	2.19565556	0.759203736	0.83204886	0.905691025	0.038992522
131	2.21299522	0.761062162	0.831326721	0.901893533	0.0397087676
132	2.22106808	0.761866426	0.830439669	0.900125527	0.0403114367
133	2.22036262	0.760665395	0.828208662	0.901168435	0.0407744292
134	2.21876646	0.757670578	0.824458818	0.903521234	0.0411504941
135	2.21715631	0.753929721	0.820917978	0.905894667	0.0415230773
136	2.21640667	0.750490702	0.819314382	0.906999671	0.041975627
137	2.21883796	0.747508304	0.820131431	0.906525711	0.0425784303
138	2.22432066	0.744458437	0.822076217	0.905456257	0.0432976056
139	2.22985145	0.741442915	0.824293101	0.904377424	0.0440591301
140	2.23242643	0.738563746	0.825926666	0.90387515	0.0447889782
141	2.22762833	0.735394202	0.826880556	0.905506553	0.0454524682
142	2.21680755	0.731999344	0.827684706	0.909185475	0.0460935151
143	2.20589187	0.729283302	0.828362923	0.912896661	0.0467539851
144	2.20080983	0.728150378	0.828938852	0.914624485	0.0474757391
145	2.20270399	0.728366102	0.829393407	0.913904081	0.0483073343
146	2.20697846	0.728853252	0.82975358	0.912278511	0.0492263362
147	2.21129042	0.729344674	0.830117494	0.910638685	0.0501657317
148	2.21329795	0.729573466	0.830583285	0.909875228	0.0510585014
149	2.21304816	0.729527944	0.831207806	0.910083687	0.0518817163
150	2.21248357	0.729390864	0.831978511	0.910554247	0.0526742946
151	2.21191403	0.729166346	0.832891857	0.911028933	0.0534591076
152	2.21164887	0.728858456	0.833944306	0.911249934	0.0542590191
153	2.21942672	0.725131597	0.835612404	0.9105018	0.05510144
154	2.23696485	0.717200871	0.837854415	0.908625452	0.0559683676
155	2.25465679	0.709289894	0.839829146	0.906256568	0.0568129923
156	2.26289366	0.705623349	0.840695238	0.904030984	0.0575885005
157	2.25596844	0.706386927	0.839661326	0.901668516	0.0582462721
158	2.24034749	0.708111147	0.837329433	0.898952143	0.0588296379
159	2.22458954	0.709850488	0.83497709	0.896704949	0.0594321187
160	2.21725309	0.710660276	0.833881905	0.895750272	0.0601472418
161	2.2263207	0.710031783	0.835182458	0.897305666	0.0610758737
162	2.24677182	0.708614075	0.838115757	0.900813476	0.062184613
163	2.2674023	0.707183935	0.841074781	0.904352049	0.0633616022
164	2.27700727	0.706518101	0.84245242	0.905999509	0.0644949732
165	2.2595356	0.707590482	0.841807432	0.904747878	0.0655660938
166	2.22013299	0.71019352	0.840325682	0.901924519	0.0666315719
167	2.18038483	0.713283548	0.838764359	0.8990764	0.067684963
168	2.16187921	0.715816768	0.837880444	0.897750395	0.0687198027
169	2.16375511	0.71785633	0.837667204	0.898644301	0.069735687
170	2.16870663	0.719909714	0.837533014	0.900751173	0.0707363405
171	2.17548554	0.721500446	0.837419189	0.903103787	0.0717209896
172	2.18284855	0.722151785	0.837267214	0.90473504	0.0726888594
173	2.19358254	0.719023503	0.837082785	0.90546217	0.0736439072
174	2.20822286	0.711696932	0.836882272	0.90595321	0.0745860656
175	2.2216941	0.703621091	0.836617043	0.906459958	0.075507954
176	2.22891962	0.698245795	0.836238451	0.90723406	0.0764021908
177	2.2305676	0.695972743	0.834836031	0.909327142	0.077249469
178	2.231472	0.694378247	0.832288087	0.912693946	0.0780603307
179	2.23233527	0.692908288	0.829833826	0.915834761	0.0788740751
180	2.23385858	0.691009482	0.828712737	0.917249585	0.0797300062
181	2.23947497	0.6877269	0.829851787	0.915959935	0.0806535148
182	2.24928626	0.683454884	0.832583089	0.91305102	0.0816224246
183	2.25864473	0.679736535	0.835746247	0.910116594	0.0826049189
184	2.2629017	0.678115153	0.838180843	0.908750407	0.0835691814
185	2.24780338	0.679854439	0.839902205	0.908941313	0.0844979158
186	2.21375595	0.683777342	0.841546489	0.909473801	0.0854107449
187	2.17940993	0.687734648	0.842782792	0.91026528	0.0863306832
188	2.16341939	0.689577058	0.843279938	0.911233514	0.0872807442
189	2.16397884	0.685945394	0.842898564	0.913609918	0.0882916048
190	2.16544743	0.67775526	0.8419367	0.917573915	0.0893456066
191	2.16742287	0.669493301	0.840710802	0.921309314	0.0903913267
192	2.16950747	0.665646765	0.839537305	0.922999503	0.0913773372
193	2.17241426	0.667528135	0.838285907	0.922241138	0.0922528939
194	2.17626005	0.671772946	0.83684151	0.920530011	0.0930602924
195	2.17962804	0.676054983	0.835588089	0.918803879	0.0938898506
196	2.18110108	0.678048579	0.834909743	0.91800024	0.0948318925
197	2.17267605	0.674393523	0.834683169	0.919460809	0.0960142928
198	2.15367781	0.666150542	0.834507239	0.922754728	0.097385923
199	2.13451297	0.657835273	0.834392975	0.926077534	0.0987605347
200	2.12559035	0.653963917	0.834351515	0.927624539	0.0999518578
201	2.13317146	0.654964973	0.834393558	0.927093797	0.100894282
202	2.1502718	0.657224816	0.834510985	0.925896008	0.101717915
203	2.1675221	0.659504477	0.834686292	0.924687715	0.102522822
204	2.17555336	0.660565824	0.834901975	0.924125168	0.103409051
205	2.17147997	0.659106803	0.835449696	0.925054606	0.10444798
206	2.16228963	0.655816201	0.836373016	0.927150736	0.105582047
207	2.15301871	0.652496741	0.837245561	0.929265249	0.106717613
208	2.14870242	0.650951294	0.837640861	0.930249707	0.107761037
209	2.14961021	0.65121947	0.836749458	0.929832626	0.108651523
210	2.15166004	0.651825206	0.834739205	0.928891506	0.109457484
211	2.15372786	0.652436255	0.832711323	0.927942133	0.110278967
212	2.15469057	0.652720742	0.831767199	0.927500132	0.111216019
213	2.15011264	0.648676447	0.834605785	0.927708687	0.112368663
214	2.13978939	0.639556935	0.841007036	0.928179247	0.113689192
215	2.12937561	0.630357447	0.847464424	0.928653933	0.115052481
216	2.12452725	0.626074424	0.850470802	0.928874934	0.116333394
217	2.12745544	0.630835954	0.847668491	0.928609398	0.117482767
218	2.13499224	0.641575418	0.84134765	0.928010504	0.11857523
219	2.1449367	0.652409063	0.834971378	0.927406357	0.119666798
220	2.15508846	0.657452904	0.832002765	0.927125084	0.120813469
221	2.16697801	0.654696713	0.834070206	0.928033993	0.122050352
222	2.18154443	0.647997949	0.838733991	0.930155902	0.123345381
223	2.19531542	0.640031635	0.843438677	0.932478174	0.124654247
224	2.20481763	0.633472134	0.845629046	0.933987974	0.125932644
225	2.209611	0.628144048	0.845362311	0.934696645	0.127172602
226	2.21280494	0.622759219	0.844759387	0.935297473	0.128397184
227	2.21603507	0.618578934	0.844151175	0.935715356	0.129605765
228	2.22093642	0.616865171	0.843868009	0.935874957	0.130797713
229	2.23356426	0.616898491	0.844812868	0.933693273	0.131951467
230	2.25346813	0.61699446	0.846943584	0.928773783	0.133073972
231	2.27192782	0.61714097	0.849092986	0.923811151	0.134210129
232	2.28022153	0.617326383	0.850093687	0.921500689	0.135404844
233	2.26268247	0.61790022	0.849911998	0.922562406	0.136704876
234	2.22312887	0.618921638	0.849495593	0.924957984	0.138081282
235	2.18322839	0.619900546	0.849060323	0.92737457	0.1394634
236	2.16465185	0.620346741	0.848821795	0.928499665	0.140780561
237	2.17643534	0.620177667	0.848765538	0.927987768	0.142026775
238	2.20301796	0.619696161	0.848722228	0.926832758	0.143239376
239	2.22983369	0.618958961	0.848694293	0.925667618	0.144407302
240	2.24231835	0.618022717	0.848684213	0.925125162	0.145519477
241	2.23928351	0.615039977	0.848969497	0.925175161	0.146556202
242	2.23134805	0.609693136	0.849612778	0.925322487	0.147533639
243	2.22061637	0.604559815	0.8502617	0.925557178	0.148496232
244	2.20919006	0.602218245	0.85056382	0.925869425	0.14948843
245	2.19286311	0.604119298	0.850354673	0.927587869	0.150504603
246	2.17099906	0.608407466	0.849833899	0.93099078	0.151526657
247	2.1517668	0.612733241	0.84918537	0.9343344	0.152585013
248	2.14333715	0.6147472	0.848592928	0.935874543	0.15371011
249	2.14763449	0.614734791	0.847999738	0.934660821	0.154919204
250	2.15820578	0.614695893	0.847337715	0.931923018	0.156202522
251	2.17107304	0.614632589	0.846797454	0.929161206	0.157550608
252	2.1822594	0.614546369	0.846569614	0.927875383	0.158954006
253	2.19239079	0.61406548	0.847167229	0.928046973	0.160463829
254	2.2031532	0.612934678	0.848557843	0.928515659	0.162077385
255	2.21172839	0.61137011	0.850068639	0.929191981	0.163697191
256	2.21529699	0.609588029	0.851026678	0.929986813	0.165225746
257	2.20682721	0.606500082	0.851443927	0.931580784	0.166629271
258	2.18772724	0.601997941	0.851792275	0.934058965	0.167967548
259	2.16845992	0.597921063	0.852031848	0.936348103	0.169279357
260	2.1594898	0.596109324	0.852122617	0.9373747	0.170603471
261	2.16801507	0.596119732	0.851734806	0.936988115	0.171947474
262	2.18724392	0.596152948	0.850845774	0.936078979	0.173291485
263	2.20664123	0.596207987	0.849912379	0.935069346	0.174635495
264	2.21567188	0.596284386	0.84939158	0.934381092	0.175979505
265	2.20998347	0.598238365	0.849282481	0.93401344	0.177315056
266	2.19607553	0.602526162	0.849222878	0.933692009	0.17864454
267	2.17934007	0.60682923	0.84916444	0.933463579	0.179985331
268	2.16516814	0.608828432	0.849058937	0.933375024	0.181354811
269	2.15299024	0.606669366	0.848597092	0.934797905	0.18278841
270	2.14036862	0.60179975	0.847754087	0.938006282	0.184269242
271	2.13043815	0.59688747	0.846941166	0.941242768	0.185733153
272	2.1263352	0.594600502	0.846569658	0.942749552	0.187115978
273	2.12687612	0.595591591	0.847166792	0.942339465	0.188377317
274	2.12839497	0.597847476	0.848594966	0.94128775	0.189564111
275	2.13067318	0.600172516	0.850240676	0.939909776	0.190742966
276	2.1334932	0.601371438	0.851490342	0.938520586	0.19198049
277	2.1409338	0.60151445	0.852348883	0.93707939	0.193310564
278	2.15362045	0.601585344	0.853160314	0.935415155	0.194696359
279	2.1656457	0.601655792	0.853766551	0.93367971	0.196099948
280	2.17110073	0.601797183	0.854009367	0.932024976	0.197483408
281	2.16775891	0.603252458	0.853415161	0.930365977	0.198817655
282	2.15936245	0.606259301	0.852075189	0.928655587	0.200128382
283	2.14873488	0.609240634	0.850723477	0.927126923	0.201460287
284	2.13869917	0.610618998	0.850094172	0.926013167	0.202858071
285	2.12851128	0.610433169	0.851163839	0.925200794	0.204356664
286	2.11705782	0.609897748	0.853576152	0.924476157	0.205931365
287	2.10695268	0.609067124	0.8560096	0.923954225	0.207536943
288	2.10081066	0.60799533	0.85714252	0.923750055	0.209128168
289	2.09781607	0.6040402	0.857021527	0.924869352	0.210736121
290	2.09537246	0.596714934	0.856692231	0.927393275	0.212372714
291	2.09372081	0.589626317	0.85621989	0.929939311	0.213955921
292	2.09310291	0.586381994	0.855669459	0.931124647	0.215403694
293	2.10075	0.590551074	0.854890735	0.930954251	0.21666412
294	2.11807826	0.599953705	0.853749639	0.930569246	0.217806894
295	2.1357726	0.609438716	0.852357054	0.930180868	0.218932341
296	2.14451565	0.613854571	0.850823925	0.930000054	0.220140787
297	2.14529041	0.613096638	0.848583999	0.93009486	0.221487828
298	2.14585733	0.611215351	0.845653224	0.930308752	0.222918164
299	2.14620737	0.608891632	0.843097127	0.930524518	0.224367523
300	2.14632913	0.606805319	0.841981454	0.93062497	0.225771641
301	2.14504599	0.604788935	0.843840265	0.930347807	0.227101859
302	2.1421527	0.602578078	0.848154837	0.929596464	0.228396786
303	2.13923407	0.600788926	0.852815569	0.928520766	0.229691158
304	2.13787526	0.600037873	0.855712601	0.927270591	0.231019704
305	2.13935389	0.600128833	0.85669273	0.924890268	0.232387938
306	2.1434243	0.600334409	0.857320044	0.921259337	0.233779516
307	2.14938037	0.600541785	0.857908059	0.917910402	0.235198752
308	2.15651599	0.600638332	0.858769879	0.916376418	0.236649969
309	2.17216791	0.600080028	0.860371431	0.916321461	0.238141827
310	2.19731673	0.598645993	0.86262929	0.91628211	0.239671716
311	2.2207702	0.596758935	0.865004066	0.916258201	0.241226351
312	2.23133348	0.594841697	0.866956291	0.916250002	0.242792442
313	2.22897396	0.592414852	0.868599289	0.916686358	0.244382698
314	2.22241322	0.58935789	0.870212508	0.91767026	0.246000032
315	2.21269219	0.586730244	0.871444925	0.918662782	0.247613651
316	2.20084938	0.585591612	0.87194535	0.919124863	0.249192752
317	2.17246459	0.588987577	0.870567008	0.918271257	0.250756214
318	2.12547441	0.596791176	0.86722218	0.916346231	0.252313765
319	2.08128551	0.605029438	0.86325284	0.914404339	0.253815719
320	2.06130952	0.60972865	0.860001245	0.913500269	0.255212378
321	2.06514386	0.611097542	0.857627601	0.914878441	0.256471826
322	2.0739334	0.61217361	0.855410388	0.918020653	0.257638252
323	2.08312854	0.612879807	0.853465204	0.921276154	0.258776197
324	2.08818434	0.613138148	0.851907912	0.922994032	0.259950203
325	2.08915002	0.61199427	0.850557164	0.923308266	0.261165579
326	2.08965784	0.609414896	0.84929294	0.923545661	0.262391845
327	2.09016831	0.606812923	0.848354059	0.923696331	0.263644862
328	2.09114094	0.605601544	0.847979426	0.923749986	0.264940508
329	2.09771869	0.605962918	0.849712015	0.923643394	0.26627586
330	2.11069476	0.606778559	0.853756717	0.923348153	0.267647626
331	2.12343403	0.607601346	0.858183523	0.922912312	0.269072981
332	2.12929985	0.607984404	0.861061992	0.922383939	0.270569109
333	2.12894967	0.605197459	0.862413726	0.92137848	0.272217834
334	2.12792337	0.598913179	0.863559873	0.919746039	0.273996886
335	2.12630253	0.592573842	0.864357085	0.917935277	0.275758374
336	2.12416709	0.58962249	0.864661573	0.916394984	0.277354384
337	2.11406199	0.596269011	0.8623793	0.915252873	0.278718593
338	2.0944873	0.61125761	0.857233031	0.91424313	0.279956398
339	2.07534745	0.626377528	0.852041675	0.913246589	0.281173528
340	2.06654927	0.63341678	0.849624779	0.91214414	0.282475702
341	2.07238733	0.629886435	0.851799012	0.91061964	0.283913009
342	2.08691544	0.621396444	0.856853842	0.908803869	0.2854288
343	2.10498818	0.611511401	0.862332119	0.907278474	0.286971624
344	2.12146099	0.603794889	0.865776737	0.906625187	0.288490037
345	2.13787913	0.598174623	0.867237344	0.907478743	0.290000299
346	2.15615997	0.592744754	0.868450531	0.909403769	0.291521464
347	2.17106229	0.588634874	0.869281722	0.911345661	0.29299963
348	2.17734309	0.586975432	0.869595781	0.912249731	0.294380878
349	2.16507517	0.591724103	0.868585954	0.912022335	0.295627699
350	2.13740937	0.602432475	0.866180755	0.911508995	0.296785556
351	2.10950118	0.613234667	0.863432386	0.910991157	0.297925362
352	2.0965082	0.618263751	0.861393281	0.910750072	0.299118031
353	2.09663088	0.616909258	0.860061389	0.911333966	0.300380172
354	2.09691621	0.613514426	0.858824757	0.912826275	0.301676785
355	2.09720404	0.609241289	0.857910824	0.91477332	0.303005513
356	2.09733804	0.605250794	0.85754727	0.916721319	0.304364007
357	2.096866	0.60106828	0.85798507	0.919098335	0.305768428
358	2.09580154	0.596290509	0.858972449	0.922036336	0.307217225
359	2.09472776	0.59234957	0.85996848	0.924542736	0.30867922
360	2.09422785	0.590677996	0.860432193	0.92562469	0.310123229
361	2.09909375	0.593493551	0.860137616	0.923405268	0.311531877
362	2.11006576	0.599843157	0.859473092	0.9184002	0.312924461
363	2.12113389	0.606248394	0.858802746	0.913351281	0.31432432
364	2.12628679	0.609230425	0.858490659	0.911000699	0.315754796
365	2.12410935	0.607559091	0.859447938	0.911607106	0.317211244
366	2.11919618	0.603615632	0.861672141	0.912976014	0.318685332
367	2.11423996	0.599202644	0.864080632	0.914356915	0.320197547
368	2.11193254	0.596122352	0.865590569	0.914999809	0.321768385
369	2.11678687	0.59437619	0.866224767	0.914330185	0.323449334
370	2.12773398	0.592824788	0.866750602	0.912710834	0.325221528
371	2.13877701	0.591710218	0.867110391	0.910802993	0.32699516
372	2.14391821	0.591274962	0.867246204	0.90926791	0.328680405
373	2.12734137	0.595657201	0.866812243	0.908234305	0.330247371
374	2.08996035	0.605538568	0.865833663	0.907323952	0.331750671
375	2.05225183	0.61550651	0.86484651	0.906478247	0.33322334
376	2.03469619	0.620147199	0.864386929	0.905638695	0.334698403
377	2.04191693	0.618169791	0.864856451	0.904652404	0.336171033
378	2.05854403	0.613708003	0.865915442	0.903587682	0.337627596
379	2.07615684	0.609207124	0.86698371	0.902732558	0.339091449
380	2.08633766	0.607111689	0.867481055	0.902375101	0.34058596
381	2.08948878	0.608165744	0.867026971	0.90319666	0.342116972
382	2.09198354	0.610543842	0.86594023	0.905066587	0.343673131
383	2.0936303	0.612942774	0.864686665	0.906996271	0.345253331
384	2.09423543	0.614059625	0.863732097	0.907996942	0.346856467
385	2.09082414	0.612936391	0.863179566	0.908141563	0.348507376
386	2.0828938	0.610402965	0.862738787	0.908236641	0.350200472
387	2.07429488	0.607847344	0.862312078	0.908306145	0.351885715
388	2.06887872	0.606657545	0.861801824	0.908373803	0.353513055
389	2.06700899	0.607011839	0.861182141	0.908454901	0.355089854
390	2.06584378	0.607993152	0.860485886	0.908536298	0.35663957
391	2.0646945	0.609439999	0.859697862	0.908599246	0.358130983
392	2.06287326	0.611191149	0.858802858	0.908624993	0.35953286
393	2.05779105	0.615239923	0.85745625	0.907202095	0.360822972
394	2.04958948	0.621863835	0.855712597	0.903993718	0.362031841
395	2.04193142	0.628072619	0.854197813	0.900757232	0.363207749
396	2.03848039	0.630875323	0.853537926	0.899250448	0.36439898
397	2.03974575	0.62892136	0.854106204	0.899932995	0.365586919
398	2.04260116	0.624513698	0.85545321	0.901473015	0.366754736
399	2.04548159	0.620067419	0.856976074	0.903026529	0.367960067
400	2.04682261	0.617997403	0.858071942	0.903749785	0.36926057
401	2.03950033	0.618196762	0.858739945	0.90375	0.370729871
402	2.0229891	0.618659112	0.859346358	0.90375	0.372335301
403	2.00633321	0.619154308	0.859788201	0.90375	0.373970915
404	1.99857887	0.619452755	0.859962358	0.90375	0.375530752
405	2.01320065	0.619537461	0.859713913	0.903022983	0.377001149
406	2.04617514	0.619583718	0.859070907	0.901356376	0.378437255
407	2.07943854	0.619633915	0.858214237	0.899606441	0.379828844
408	2.09492469	0.619730397	0.857324822	0.898629664	0.381165668
409	2.08046525	0.620901716	0.856136537	0.898383829	0.382409384
410	2.04694639	0.623584303	0.85459784	0.898201709	0.383580101
411	2.01085679	0.626820133	0.85326108	0.89807631	0.384759456
412	1.98868504	0.629650884	0.852678739	0.898000838	0.3860291
413	1.97998185	0.632251103	0.85424769	0.897962698	0.387427591
414	1.97285161	0.63501983	0.85778575	0.897941368	0.388916624
415	1.96801684	0.6372285	0.861354807	0.897918548	0.390464959
416	1.96620382	0.638148264	0.863016423	0.897875942	0.392041362
417	1.97438078	0.636775945	0.862452629	0.897582513	0.393689326
418	1.99364365	0.633636333	0.861172037	0.896956839	0.395413488
419	2.01514886	0.630356736	0.859859518	0.896229775	0.397115969
420	2.03005077	0.628564638	0.859199627	0.895632242	0.398698872
421	2.03834795	0.628149041	0.859140236	0.895145595	0.400166067
422	2.04568289	0.627829552	0.859111799	0.89465721	0.401572362
423	2.05093489	0.627623734	0.859083309	0.894279526	0.402887397
424	2.05298128	0.627549543	0.859023925	0.894125043	0.40408079
425	2.0329199	0.63200718	0.857604976	0.894466497	0.405090742
426	1.98768412	0.642058333	0.85452199	0.895236508	0.405969504
427	1.94205202	0.652197548	0.851433993	0.896013264	0.406863644
428	1.92080747	0.656917975	0.850000426	0.896374892	0.407919744
429	1.92243625	0.655145476	0.852367943	0.895881726	0.409286106
430	1.926943	0.651043411	0.857707196	0.894769489	0.410901455
431	1.93355166	0.646648191	0.863093229	0.893647507	0.412592776
432	1.94149203	0.643995376	0.865600758	0.893125155	0.414187035
433	1.95916409	0.643205439	0.864602974	0.894396129	0.415614795
434	1.98770329	0.642734862	0.862351481	0.897262279	0.416977658
435	2.01435688	0.642272939	0.860080263	0.90015354	0.418353019
436	2.02636917	0.64150937	0.859022871	0.9014996	0.419818256
437	2.02116795	0.63936314	0.859514555	0.900418592	0.421463217
438	2.00926583	0.635780474	0.860623915	0.897980226	0.423235822
439	1.99684073	0.632093271	0.861742995	0.895520496	0.424995883
440	1.99006873	0.629633705	0.862263996	0.894375341	0.426603194
441	1.98884404	0.628314777	0.861661291	0.894678553	0.428011618
442	1.98820895	0.627182328	0.860093215	0.895363007	0.42931434
443	1.98756742	0.626387602	0.857986312	0.896053457	0.430574184
444	1.98632479	0.626082166	0.855767153	0.896374904	0.431853961
445	1.97630355	0.629172112	0.852688211	0.896350536	0.433157508
446	1.95608918	0.636427602	0.848624879	0.896277933	0.434455004
447	1.93614756	0.644471293	0.845069678	0.896160822	0.435763798
448	1.92694705	0.649924967	0.843515486	0.896002839	0.437101256
449	1.92724474	0.652797616	0.844784655	0.89485707	0.438477778
450	1.92811565	0.655300065	0.847801852	0.892514121	0.439883586
451	1.92948103	0.657074075	0.85123401	0.890196074	0.441305975
452	1.93126474	0.657760642	0.853748116	0.889125317	0.442732244
453	1.93830041	0.654246956	0.855344121	0.889536361	0.44417517
454	1.95177446	0.646323855	0.85681191	0.890569103	0.445637073
455	1.96556454	0.638331338	0.857890237	0.891875523	0.447086774
456	1.97354674	0.63461033	0.858317552	0.893107796	0.448493092
457	1.97618354	0.634844654	0.857377409	0.894426926	0.449814196
458	1.97827603	0.635475307	0.855257304	0.895950251	0.451078121
459	1.97965984	0.636362533	0.853118625	0.897212896	0.452361221
460	1.98016907	0.637367613	0.852122938	0.897749847	0.453739858
461	1.97596731	0.639111324	0.852818812	0.895757932	0.455250645
462	1.96649284	0.641666588	0.854443062	0.891266205	0.456859643
463	1.95693536	0.643984278	0.856218684	0.886735124	0.458539626
464	1.95248577	0.64501503	0.857368751	0.884625628	0.460263375
465	1.96023847	0.643359623	0.857902711	0.886142766	0.462093558
466	1.97772229	0.639626324	0.858354352	0.889565034	0.464029609
467	1.9953593	0.635860316	0.858667939	0.893017286	0.465939015
468	2.00357041	0.634107008	0.858787562	0.894624522	0.467689232
469	1.98643142	0.638892807	0.857453843	0.893448732	0.469246086
470	1.94769392	0.649685037	0.854446492	0.890796473	0.470697012
471	1.90839846	0.660571821	0.851412794	0.888120978	0.472085068
472	1.88958856	0.665640289	0.85000042	0.886875371	0.473453294
473	1.88880039	0.664726576	0.8507275	0.887368274	0.474789277
474	1.88823365	0.662662931	0.852367874	0.888480511	0.476078775
475	1.88788827	0.660581206	0.854022618	0.889602493	0.477367541
476	1.88776951	0.659612035	0.854793004	0.890124845	0.478701343
477	1.88907488	0.659765651	0.85432963	0.8901171	0.480111866
478	1.89201829	0.660112674	0.853284294	0.890093336	0.481571155
479	1.8949875	0.660462738	0.8522298	0.890054396	0.483035475
480	1.89636984	0.660625714	0.851738868	0.890000968	0.484461087
481	1.8917715	0.660007471	0.852239486	0.889339986	0.485820625
482	1.8814022	0.658532503	0.853400136	0.887931664	0.487142916
483	1.87094206	0.656841261	0.854650251	0.886526504	0.48846825
484	1.86607221	0.655574339	0.855419254	0.885875193	0.489836914
485	1.87254931	0.654729142	0.855722461	0.887639403	0.491303181
486	1.88715717	0.653938645	0.855971056	0.89161779	0.492835176
487	1.90189302	0.653351794	0.856139717	0.895631033	0.494340494
488	1.90875346	0.653117683	0.856202991	0.897499444	0.495726722
489	1.90502309	0.656603024	0.854330831	0.896282298	0.496951191
490	1.89660723	0.664461941	0.850109434	0.893497706	0.498080981
491	1.88811763	0.672389712	0.845851053	0.890590839	0.499186018
492	1.8841652	0.676080577	0.843868514	0.889006699	0.500336221
493	1.88653398	0.67607622	0.844190286	0.888713964	0.501520629
494	1.89187779	0.676059562	0.845040938	0.88855445	0.502711593
495	1.89726842	0.676031797	0.846210427	0.88840205	0.503961628
496	1.89977809	0.675993019	0.847489205	0.888130985	0.505323271
497	1.88859317	0.673611619	0.84946352	0.887098719	0.506913656
498	1.86337166	0.668302124	0.852207903	0.885280115	0.508697878
499	1.83792918	0.662957462	0.85465389	0.883541713	0.51049032
500	1.82608414	0.660471301	0.85573277	0.882750233	0.512105339
501	1.83687356	0.662778286	0.853717451	0.883072525	0.51348803
502	1.86120955	0.668254969	0.849172592	0.883799757	0.514757822
503	1.88575876	0.674466884	0.844587915	0.884533361	0.515981819
504	1.89718793	0.678979592	0.842453465	0.884874898	0.517227105
505	1.88935442	0.681790959	0.843683902	0.884476586	0.518483186
506	1.8716837	0.684360736	0.846459731	0.883578241	0.519722334
507	1.85385817	0.686241376	0.84925988	0.882672025	0.520993058
508	1.84555928	0.686984775	0.850563522	0.882250126	0.522343887
509	1.85613519	0.681846048	0.850468963	0.883729822	0.523832475
510	1.8799874	0.670258754	0.850210073	0.887066533	0.525429823
511	1.90404858	0.65856994	0.849836217	0.890432479	0.527051476
512	1.91525054	0.653128079	0.849396399	0.891999534	0.528612972
513	1.89811414	0.657207904	0.848510387	0.889362882	0.530100139
514	1.85946734	0.666410773	0.847130505	0.883416691	0.531557407
515	1.82048195	0.675694271	0.845855233	0.877418403	0.532982652
516	1.80233185	0.68001631	0.845283186	0.874625831	0.534373739
517	1.8125981	0.678613495	0.845307321	0.875447191	0.535729645
518	1.83686506	0.675338342	0.845377335	0.877501566	0.53705358
519	1.86412766	0.671759865	0.845486244	0.88007827	0.538349742
520	1.88338302	0.66944623	0.845627222	0.8824672	0.539622331
521	1.89461516	0.668377667	0.846083773	0.88460863	0.540845911
522	1.90467695	0.667474848	0.846946991	0.886846296	0.542026938
523	1.91194506	0.6668485	0.847887969	0.889020522	0.543221165
524	1.91479365	0.666609706	0.848577713	0.890971488	0.544484353
525	1.90390859	0.666724013	0.848945257	0.892925354	0.545832696
526	1.87936313	0.666981898	0.849215699	0.894922787	0.547242267
527	1.85460263	0.667242043	0.849485696	0.896482932	0.548711597
528	1.8430751	0.667363156	0.849851859	0.89712482	0.550239226
529	1.84805684	0.666710929	0.85057411	0.895114067	0.551887427
530	1.85929744	0.665240202	0.851594516	0.890528762	0.553646085
531	1.87063652	0.66375659	0.852508999	0.885774897	0.55539708
532	1.87591556	0.663065877	0.852913416	0.883258918	0.55702227
533	1.87106018	0.665783394	0.852908367	0.882788177	0.558486427
534	1.86010869	0.671911332	0.852892696	0.882432027	0.559864438
535	1.84906126	0.67809296	0.852866771	0.882205701	0.561197771
536	1.843918	0.680970887	0.852830843	0.882125021	0.562527882
537	1.8530768	0.677523662	0.852035343	0.884079123	0.563841229
538	1.87373156	0.669680571	0.850297109	0.888485294	0.565123168
539	1.89456729	0.661596873	0.848554123	0.892930069	0.566418935
540	1.90426761	0.657428058	0.847744601	0.894999384	0.567773778
541	1.90286066	0.656801418	0.848600244	0.894390227	0.569237146
542	1.89889848	0.656333269	0.850530094	0.892924971	0.570778628
543	1.89293127	0.656039014	0.852476853	0.891219646	0.57232134
544	1.88550676	0.655935074	0.853383189	0.889889854	0.57378839
545	1.86523689	0.660974725	0.851509667	0.888923472	0.575157561
546	1.83033498	0.672338226	0.847284629	0.887990639	0.576474585
547	1.79716755	0.683801286	0.843022575	0.887284933	0.577760712
548	1.78210496	0.689138045	0.841038326	0.887000079	0.579037184
549	1.79487513	0.684188199	0.842305277	0.888195241	0.58031516
550	1.82373503	0.673023674	0.845163337	0.890890277	0.58158229
551	1.85298768	0.661761333	0.848046438	0.893608925	0.582824977
552	1.86693652	0.656518021	0.849388698	0.894874623	0.584029629
553	1.86734511	0.658036418	0.849195448	0.89377462	0.585175812
554	1.86754197	0.661463629	0.848758804	0.891293475	0.586277779
555	1.8677256	0.664920866	0.848318334	0.888790592	0.58737548
556	1.86809055	0.666530423	0.848113269	0.887625347	0.588508868
557	1.8703	0.664876158	0.848378181	0.888440799	0.589708164
558	1.87456968	0.661145032	0.848975646	0.890280268	0.590947831
559	1.87874225	0.657381216	0.849578345	0.892135854	0.592183808
560	1.88065986	0.655628928	0.849858939	0.892999743	0.593372032
561	1.86610917	0.660608508	0.848789169	0.892279061	0.594478474
562	1.83329891	0.671837675	0.846376856	0.890653484	0.595535233
563	1.80020118	0.683165224	0.843943407	0.889013664	0.596598041
564	1.78479216	0.688438895	0.842810487	0.888250227	0.597722635
565	1.79461959	0.685613614	0.843550403	0.888838134	0.598939743
566	1.8167889	0.679177193	0.845235025	0.890164263	0.600220257
567	1.83915244	0.672527362	0.846973383	0.891502011	0.601531188
568	1.84956405	0.669061174	0.84787461	0.892124815	0.602839551
569	1.84487227	0.668578363	0.847988507	0.890986676	0.604120661
570	1.83428625	0.668303671	0.848046355	0.888419974	0.605396716
571	1.82360748	0.668066232	0.848102684	0.885830785	0.606705367
572	1.81863585	0.66769598	0.848211815	0.884625359	0.608084264
573	1.82351864	0.666846011	0.848675486	0.886104822	0.609563216
574	1.83453171	0.665603439	0.849635486	0.889441533	0.611123995
575	1.84564127	0.664477279	0.850877792	0.892807479	0.612731808
576	1.85081345	0.663976621	0.852188305	0.894374534	0.614351861
577	1.84551909	0.66490415	0.853980447	0.893786866	0.61602297
578	1.83357784	0.667243409	0.856301951	0.892460737	0.617751015
579	1.82153198	0.670225817	0.85831907	0.891122989	0.619443696
580	1.81592388	0.673082663	0.85919786	0.890500185	0.621008693
581	1.81766699	0.67585423	0.857370025	0.890708693	0.622446792
582	1.82160113	0.678898704	0.853181239	0.891179255	0.623813593
583	1.82556974	0.68185165	0.848787719	0.891653939	0.62509109
584	1.82741737	0.684348436	0.846346005	0.891874934	0.626261254
585	1.82536684	0.686619683	0.845722429	0.890964341	0.627288315
586	1.82017327	0.68885359	0.845238892	0.888910979	0.628208421
587	1.81350343	0.690561812	0.844925119	0.886839628	0.629114928
588	1.80702415	0.691255839	0.84481135	0.885875287	0.630101202
589	1.79963111	0.690985708	0.845934062	0.885891007	0.631208064
590	1.79080652	0.690217119	0.848465625	0.885938889	0.632388892
591	1.78338619	0.689041679	0.851019368	0.886016848	0.63360898
592	1.7802067	0.687550882	0.852208293	0.886123081	0.634833634
593	1.78486825	0.682854159	0.852038001	0.887140842	0.636054028
594	1.79565589	0.674457685	0.85164911	0.889273094	0.637289083
595	1.80722904	0.666401969	0.851246451	0.891393317	0.638543819
596	1.81424656	0.662728479	0.851034557	0.892374709	0.639823253
597	1.81647447	0.663205819	0.851004238	0.892301446	0.641144292
598	1.81792248	0.664438887	0.850988699	0.892093555	0.642501022
599	1.81921104	0.666070938	0.850973453	0.891778094	0.643862495
600	1.82095953	0.667746167	0.85094406	0.891381847	0.645197759
601	1.82400578	0.669920757	0.85082989	0.890224588	0.646492555
602	1.82798721	0.6726956	0.850588918	0.888194994	0.647765584
603	1.83167185	0.675092792	0.850255883	0.886257123	0.649034477
604	1.83382758	0.676134187	0.84986554	0.88537526	0.650316864
605	1.83469935	0.675713434	0.849131644	0.886873794	0.651605487
606	1.83539757	0.674764041	0.848028511	0.890253284	0.65289446
607	1.83586269	0.673806329	0.847019902	0.893662383	0.654205973
608	1.83603481	0.673360456	0.84656968	0.895249528	0.655562222
609	1.82912543	0.673417929	0.847949324	0.89410307	0.656971369
610	1.81311708	0.673584408	0.851060449	0.891450214	0.658423949
611	1.79588954	0.673844387	0.854198832	0.88860621	0.659916692
612	1.78532469	0.674182476	0.855659943	0.886886195	0.661446326
613	1.78120332	0.675101145	0.855396016	0.886247694	0.663054905
614	1.77783033	0.67690351	0.854698782	0.885729312	0.664734728
615	1.77554504	0.679218944	0.853741	0.885380254	0.666402199
616	1.77468857	0.681676666	0.852695072	0.885250034	0.667973704
617	1.78060391	0.685073248	0.851086633	0.886274492	0.669413901
618	1.79394236	0.689482732	0.848855002	0.888584523	0.670778142
619	1.80739766	0.693317221	0.846867293	0.890914793	0.672116269
620	1.81366194	0.69498846	0.84599082	0.891999677	0.673478117
621	1.81279962	0.693938019	0.846399398	0.891792907	0.674913184
622	1.81040744	0.691568391	0.847321236	0.891263915	0.676384798
623	1.80687839	0.689178003	0.84825115	0.890574233	0.677811487
624	1.80260385	0.68806513	0.848684082	0.889885134	0.679111769
625	1.79268023	0.690290698	0.847436048	0.889046897	0.68021127
626	1.77642267	0.695309673	0.844621682	0.888012511	0.681184696
627	1.76117821	0.70037262	0.841782659	0.887130658	0.682177094
628	1.75429557	0.702729733	0.84046092	0.886750109	0.683333522
629	1.77660995	0.693701956	0.842874897	0.888248794	0.684808433
630	1.82692913	0.673344483	0.848318835	0.891628284	0.686536136
631	1.87768917	0.652808651	0.85381047	0.895037383	0.688325209
632	1.90132109	0.643247959	0.856367164	0.896624528	0.689984212
633	1.88940403	0.64789095	0.855094731	0.895942005	0.691445623
634	1.86251751	0.65836641	0.852223927	0.894401985	0.692823078
635	1.83539542	0.668933649	0.84932797	0.892848471	0.69418897
636	1.82276843	0.673853348	0.847979724	0.892125215	0.695615668
637	1.82709038	0.673090829	0.849833736	0.893604822	0.697163735
638	1.83684404	0.671368197	0.854015079	0.896941533	0.698785746
639	1.84668314	0.669630471	0.858233057	0.900307479	0.700390652
640	1.85126385	0.668821453	0.860196784	0.901874534	0.7018874
641	1.83995267	0.671627276	0.858542258	0.90022443	0.703238718
642	1.81442883	0.677954405	0.854810303	0.896502713	0.704506301
643	1.78864046	0.684336969	0.851045651	0.892748389	0.70574461
644	1.77653795	0.687308445	0.849292974	0.89100052	0.7070081
645	1.77638849	0.687143931	0.84936858	0.891664023	0.708307591
646	1.77628374	0.68669727	0.849564701	0.893161265	0.70961524
647	1.77622041	0.686061255	0.849824088	0.894671625	0.710930891
648	1.77619879	0.685327842	0.85008999	0.895374791	0.712254397
649	1.78107907	0.6839681	0.850434036	0.895290418	0.713575
650	1.79208317	0.681918895	0.850872323	0.895053393	0.714895933
651	1.80318369	0.680043761	0.851250717	0.894697801	0.71623943
652	1.80835166	0.679206431	0.851415047	0.894257543	0.717627728
653	1.79877033	0.67966309	0.851045495	0.893094211	0.719134882
654	1.77716282	0.680693319	0.850149664	0.891109809	0.72073272
655	1.755366	0.681732574	0.849088881	0.889228647	0.722282519
656	1.74521824	0.682216411	0.848224539	0.888375251	0.723645537
657	1.75194938	0.68112144	0.847537151	0.888982106	0.724762778
658	1.76713362	0.678652167	0.846848765	0.890351014	0.725744129
659	1.78245089	0.67616126	0.84631703	0.891731915	0.726700347
660	1.78958202	0.67500159	0.846099685	0.892374809	0.727742176
661	1.78541118	0.677229605	0.846655813	0.891312564	0.728910651
662	1.77576595	0.682474379	0.847909913	0.888916976	0.730150707
663	1.76544257	0.688319143	0.849175	0.8865004	0.731433529
664	1.75923646	0.692346776	0.849763976	0.885375335	0.732730318
665	1.75735549	0.694558329	0.849314947	0.886171827	0.734031603
666	1.75617169	0.696506001	0.848302079	0.887968518	0.735354398
667	1.75508899	0.697897027	0.847280337	0.88978095	0.736708353
668	1.75351234	0.698438096	0.846804653	0.890624749	0.738103113
669	1.75017819	0.696139207	0.848159659	0.890017894	0.739587219
670	1.74541923	0.690776616	0.851215256	0.888648986	0.74114547
671	1.74113969	0.684917509	0.854297624	0.887268085	0.742686498
672	1.73924407	0.68112964	0.855732656	0.886625191	0.744118921
673	1.74784733	0.679380588	0.85572858	0.88808585	0.745397648
674	1.76740684	0.677902901	0.855714917	0.891379783	0.746587182
675	1.78753911	0.676877762	0.855692303	0.894702576	0.747758595
676	1.79785849	0.67648694	0.855660949	0.89624954	0.748982954
677	1.79931992	0.677353998	0.854938155	0.895984391	0.750259579
678	1.80040853	0.679309282	0.853356812	0.895385494	0.751558233
679	1.80109102	0.681281698	0.85177076	0.89478135	0.75291205
680	1.80133158	0.682199978	0.851034054	0.894500084	0.75435418
681	1.79347242	0.68010126	0.852630944	0.89459293	0.755945823
682	1.77575139	0.675362756	0.856232119	0.89485449	0.75766781
683	1.7578751	0.67056844	0.859864844	0.895249193	0.759428006
684	1.74955259	0.668302676	0.861556101	0.895741528	0.761134268
685	1.76353676	0.668261325	0.860387435	0.897109099	0.762789611
686	1.79507393	0.668242377	0.857751187	0.899475278	0.764436257
687	1.82688741	0.668224032	0.855091841	0.901726691	0.766032373
688	1.84169855	0.66818514	0.853853752	0.902749699	0.767536103
689	1.82895568	0.667713589	0.853883231	0.901782424	0.768887559
690	1.80021304	0.666612132	0.853972821	0.899600728	0.770132109
691	1.77121858	0.66522592	0.854119269	0.897399918	0.771390124
692	1.75771987	0.663900221	0.854319681	0.896375305	0.772781987
693	1.76946391	0.662440587	0.856550577	0.896526777	0.774436944
694	1.7959535	0.660737573	0.861273391	0.896869003	0.776284697
695	1.82267518	0.659319562	0.86597952	0.897214229	0.7781406
696	1.83511576	0.658715087	0.86815973	0.897374952	0.77981999
697	1.82423038	0.660639798	0.866439125	0.897117502	0.781282878
698	1.7986512	0.665401397	0.862469398	0.896461159	0.782643246
699	1.77026598	0.671264624	0.858241935	0.895608561	0.783936762
700	1.75096219	0.676493809	0.855748011	0.894762373	0.785199066
701	1.74071376	0.681479812	0.854906647	0.893748932	0.786412234
702	1.73176802	0.686910227	0.854233061	0.892508396	0.787568329
703	1.7254175	0.691290676	0.853784448	0.891454261	0.788723525
704	1.72295744	0.693126227	0.853618465	0.89100013	0.789934013
705	1.72850497	0.691855355	0.853999935	0.892309073	0.791231715
706	1.74101508	0.688988614	0.854860175	0.89526078	0.792585203
707	1.75363479	0.686096756	0.855727952	0.898238347	0.793956512
708	1.75951004	0.684750419	0.856131955	0.899624588	0.795307679
709	1.7535918	0.685957669	0.855857547	0.898296955	0.796609655
710	1.74024337	0.688680689	0.855238538	0.89530247	0.797888145
711	1.72677799	0.691427565	0.854614106	0.89228175	0.799187762
712	1.72050903	0.692706405	0.854323395	0.890875418	0.800553122
713	1.72670273	0.690335432	0.855564339	0.891918464	0.802016373
714	1.74067255	0.684988487	0.858362622	0.894271274	0.803553763
715	1.75476475	0.679594696	0.861185422	0.896644697	0.805125935
716	1.76132554	0.677083555	0.862499609	0.897749671	0.806693534
717	1.75777119	0.67713497	0.86189759	0.897525836	0.80827732
718	1.74913437	0.677290162	0.860387711	0.89695733	0.809889542
719	1.73886723	0.677541237	0.858483361	0.896225219	0.811471899
720	1.73042107	0.677881036	0.856697721	0.895510306	0.812966078
721	1.72421551	0.680266873	0.854810065	0.894685042	0.814318869
722	1.71840344	0.685280687	0.852644255	0.893694012	0.815579417
723	1.71328192	0.690624035	0.850854248	0.892858556	0.816844905
724	1.70914865	0.693997858	0.850094201	0.892500103	0.818212525
725	1.7055252	0.695477016	0.850291381	0.892841497	0.819757432
726	1.70211666	0.696708376	0.850815101	0.893611508	0.821425263
727	1.69957746	0.697553421	0.851541197	0.894388264	0.823117972
728	1.6985623	0.697873098	0.852345666	0.894749892	0.824737516
729	1.70757668	0.693307266	0.853640049	0.894218782	0.826268294
730	1.72790301	0.683012003	0.855474167	0.893020988	0.827762267
731	1.74840742	0.672626541	0.857119543	0.8918127	0.829216183
732	1.75795348	0.66779147	0.857847533	0.891250167	0.830626771
733	1.75373541	0.670246481	0.85741956	0.892100851	0.83198186
734	1.74421806	0.675785301	0.856415886	0.894031107	0.833289384
735	1.73461733	0.681372648	0.855307323	0.896007832	0.834577609
736	1.7301476	0.683973902	0.854564606	0.896997825	0.835874806
737	1.73457207	0.682295813	0.854265598	0.897104958	0.837189461
738	1.74455139	0.678510301	0.854075475	0.897183872	0.838506242
739	1.75461813	0.674691624	0.853874926	0.897232869	0.839819071
740	1.75930483	0.672913794	0.85354472	0.897249996	0.841121876
741	1.75525621	0.675108382	0.852341654	0.897209005	0.842399558
742	1.74612422	0.680057947	0.850222517	0.897097816	0.843659292
743	1.73691222	0.685050876	0.848196926	0.89693848	0.844929851
744	1.73262346	0.687375391	0.847274708	0.896753057	0.846240012
745	1.73303992	0.686671389	0.848125977	0.896396415	0.847590183
746	1.73427077	0.684802552	0.850253195	0.895850898	0.848969071
747	1.73623927	0.682213293	0.852920149	0.89534945	0.850390428
748	1.73886983	0.679347541	0.855390637	0.895125066	0.851868013
749	1.75452568	0.674751981	0.857936597	0.896415101	0.853439482
750	1.78584147	0.668250147	0.860819854	0.899324029	0.855093279
751	1.81667895	0.662420395	0.863188772	0.902258443	0.85676579
752	1.83089593	0.659841673	0.864191445	0.903624594	0.858393388
753	1.82088604	0.661187488	0.863835111	0.902555305	0.859968019
754	1.79742185	0.664474027	0.863031007	0.900086073	0.861522021
755	1.77152753	0.66841897	0.862219858	0.897451128	0.863047819
756	1.7542262	0.671740335	0.861842218	0.895884633	0.864537825
757	1.74546015	0.674485255	0.8625147	0.895339659	0.865996208
758	1.73789698	0.677262851	0.864031271	0.894901478	0.867427077
759	1.73257108	0.679515861	0.86556113	0.894608652	0.868821588
760	1.73051932	0.680686703	0.866273373	0.894500029	0.87017089
761	1.73256122	0.681067082	0.864484961	0.895543464	0.871427211
762	1.73716657	0.681359311	0.860419278	0.897896274	0.872611246
763	1.74181227	0.681547397	0.856235764	0.900269697	0.873822369
764	1.74397513	0.681615148	0.854094214	0.901374671	0.875159967
765	1.73877599	0.680865819	0.853856492	0.900597145	0.876802602
766	1.7270515	0.679176187	0.853739379	0.898843232	0.878676571
767	1.71522429	0.677471751	0.853623207	0.897073953	0.880488897
768	1.709718	0.676678231	0.853388818	0.896250245	0.881946569
769	1.71136241	0.678271879	0.850855773	0.896548485	0.882956951
770	1.71549839	0.68186578	0.845600145	0.897265022	0.883760837
771	1.72073831	0.685491168	0.840384586	0.898097281	0.884553558
772	1.72569567	0.687179008	0.837972414	0.898742844	0.885530409
773	1.73103643	0.682623056	0.841194654	0.899206823	0.886854945
774	1.73722425	0.672349131	0.848715113	0.899652788	0.888451367
775	1.74236067	0.661985193	0.856938666	0.899989328	0.890153295
776	1.74454668	0.657160142	0.8622699	0.900124962	0.89179434
777	1.74189521	0.658348753	0.86475171	0.899176396	0.893354533
778	1.73591526	0.661275967	0.866852104	0.897037479	0.894915757
779	1.72988291	0.664842322	0.868311069	0.894879821	0.89645234
780	1.72707448	0.667949427	0.868867775	0.893875299	0.897938578
781	1.72813193	0.67042679	0.867872893	0.894557995	0.899331617
782	1.73051813	0.672836085	0.86562929	0.896098015	0.900658197
783	1.73292525	0.675102835	0.86336603	0.897651529	0.902000393
784	1.73404591	0.677152364	0.862312344	0.898374785	0.903440288
785	1.73348111	0.679245363	0.863346222	0.897862754	0.905049571
786	1.73220684	0.681378723	0.865678125	0.896707738	0.906781295
787	1.73092142	0.683042404	0.868030458	0.895542603	0.908537754
788	1.73032297	0.683726258	0.869125614	0.895000161	0.910221233
789	1.73619489	0.678853843	0.868209296	0.896233185	0.911833245
790	1.74943533	0.667867059	0.865959929	0.899013778	0.913420654
791	1.76279177	0.656784015	0.863231755	0.901818733	0.914945032
792	1.76901001	0.651624177	0.860878968	0.903124611	0.916367925
793	1.76157978	0.65600801	0.858782085	0.902897335	0.917630494
794	1.74482186	0.665896167	0.856571569	0.902383995	0.918779103
795	1.72791712	0.675870958	0.854817087	0.901866157	0.919937668
796	1.72004693	0.680514836	0.854088551	0.901625072	0.921230117
797	1.72176267	0.678642779	0.854944229	0.901928553	0.92276339
798	1.72581427	0.674353798	0.856874079	0.902613007	0.924473293
799	1.73034823	0.669864396	0.858820838	0.903303457	0.926224592
800	1.73351286	0.667390284	0.859727174	0.903624904	0.927882046
801	1.73497575	0.666806726	0.859468122	0.903188642	0.929414644
802	1.73600112	0.666374546	0.858883401	0.90220474	0.930896865
803	1.73702016	0.666080926	0.858293558	0.901212218	0.932343916
804	1.73846376	0.665913568	0.85801895	0.900750137	0.933770983
805	1.74156514	0.665814449	0.858450802	0.901489911	0.935164892
806	1.74610524	0.665735077	0.859466124	0.903158267	0.936523476
807	1.75022182	0.665682224	0.860594466	0.90484124	0.937881503
808	1.7520523	0.665662671	0.861365326	0.905624767	0.939273752
809	1.75111617	0.66668166	0.861779424	0.905321447	0.940711153
810	1.74877813	0.668979294	0.862141993	0.904636993	0.942175757
811	1.74585101	0.671297058	0.862399916	0.903946543	0.943660701
812	1.74314741	0.67237612	0.862499973	0.903625096	0.945159124
813	1.74037802	0.670965963	0.862293162	0.903947525	0.946675977
814	1.73725138	0.667785608	0.861826781	0.904674757	0.948213443
815	1.73468614	0.664577388	0.861356314	0.905408361	0.949759273
816	1.73360119	0.663083765	0.861137283	0.905749898	0.951301215
817	1.73463779	0.664405732	0.861137218	0.904213262	0.952842835
818	1.73697582	0.667387516	0.861137218	0.900748215	0.95438873
819	1.73933433	0.670395424	0.861137218	0.89725281	0.955926654
820	1.74043236	0.671795791	0.861137218	0.895625484	0.957444352
821	1.739182	0.671037059	0.860807111	0.896953045	0.95892556
822	1.73612438	0.669325327	0.860062783	0.89994753	0.960380924
823	1.73244236	0.667598597	0.859311934	0.90296825	0.961839613
824	1.72931885	0.666794698	0.858962368	0.904374582	0.963330795
825	1.72662535	0.666864551	0.859330968	0.904204251	0.964864226
826	1.72382918	0.667064851	0.86023741	0.903819246	0.966424791
827	1.72162734	0.667373201	0.861340674	0.903430868	0.968005679
828	1.72071717	0.667767421	0.862299727	0.903250054	0.969600083
829	1.72130648	0.669098506	0.863168191	0.90325	0.971212937
830	1.72274166	0.671517062	0.864090667	0.90325	0.972846379
831	1.72445558	0.673846739	0.864825639	0.90325	0.974488175
832	1.72588121	0.674910907	0.865131493	0.90325	0.976126088
833	1.72706308	0.672664567	0.864302611	0.903951967	0.977760671
834	1.72826831	0.667588783	0.862433447	0.905534766	0.979397367
835	1.72920849	0.662443344	0.860547907	0.907131432	0.981030121
836	1.72959501	0.659988433	0.859670072	0.907874779	0.982652876
837	1.72955147	0.659897588	0.859877821	0.907824462	0.984261631
838	1.72942003	0.659832419	0.860393079	0.907696883	0.985860392
839	1.72920433	0.659792758	0.86102916	0.907533916	0.987455099
840	1.72890794	0.659779136	0.861599573	0.907377227	0.989051691
841	1.72498384	0.661344635	0.862127469	0.907246516	0.990651309
842	1.71659137	0.66487454	0.862691856	0.907116018	0.992250914
843	1.70821142	0.668435371	0.863170576	0.90696028	0.993850546
844	1.70432601	0.670093157	0.863441421	0.906753852	0.995450247
845	1.71476026	0.666478312	0.863553273	0.906292387	0.997093632
846	1.73829006	0.658326423	0.863641849	0.905578546	0.998768355
847	1.76202601	0.650103112	0.863700315	0.904920152	1.00038484
848	1.77307656	0.646274656	0.863721799	0.904625086	1.00185349
849	1.76848271	0.649175547	0.863365187	0.904853631	1.00312584
850	1.75811707	0.655719064	0.862561082	0.905450202	1.00427682
851	1.74766061	0.662319912	0.861749933	0.906255882	1.00540085
852	1.74279248	0.665393012	0.861372293	0.907111773	1.0065923
853	1.745914	0.662167879	0.861969626	0.908327145	1.00786631
854	1.75295568	0.654893766	0.863318517	0.909949679	1.00917871
855	1.76005906	0.647555922	0.864683671	0.911375307	1.01054142
856	1.76336612	0.644139705	0.865329714	0.911999819	1.01196636
857	1.76204161	0.645240584	0.865345782	0.911062036	1.01349569
858	1.75864979	0.64786348	0.865357224	0.908788443	1.01511931
859	1.75421427	0.65085733	0.865364164	0.906095819	1.01676647
860	1.74975809	0.653071748	0.865366541	0.903901048	1.01836644
861	1.74443454	0.654508332	0.865152571	0.90215435	1.01988909
862	1.73790075	0.655839089	0.864670108	0.900404579	1.02137629
863	1.73213318	0.656821176	0.864183418	0.899052761	1.02286293
864	1.72910883	0.657211483	0.863956834	0.898500154	1.02438391
865	1.72827405	0.657066721	0.864679824	0.899364546	1.02595875
866	1.72763514	0.656660245	0.866341423	0.90146107	1.02756695
867	1.72722519	0.656049415	0.868096178	0.903946087	1.02918387
868	1.7270779	0.655291523	0.869098474	0.905975846	1.0307849
869	1.73321151	0.653260592	0.869392317	0.907598015	1.03233832
870	1.74704171	0.649782136	0.86962347	0.909225965	1.03386447
871	1.76099308	0.646481126	0.869775259	0.910484913	1.03541875
872	1.7674883	0.644982916	0.869830813	0.910999856	1.03705657
873	1.75800403	0.647667267	0.869326717	0.90989962	1.03884825
874	1.73661448	0.653720953	0.868190048	0.907418475	1.04075646
875	1.71503752	0.659827678	0.867043419	0.904915592	1.04267109
876	1.70499213	0.662670734	0.866509593	0.903750347	1.04448201
877	1.71094861	0.659668134	0.867263176	0.90418232	1.0461831
878	1.72477871	0.652895945	0.868962719	0.905261251	1.04783264
879	1.73971771	0.646064423	0.870677152	0.90661158	1.04940846
880	1.74900198	0.642883929	0.871475326	0.907857962	1.05088831
881	1.75253626	0.64372843	0.871067237	0.909132894	1.05222
882	1.7552235	0.645695948	0.870040165	0.910571265	1.05344008
883	1.75725681	0.647834646	0.868736521	0.911750993	1.05466448
884	1.75882779	0.649193367	0.867498596	0.912249858	1.05600919
885	1.75989706	0.649788537	0.866154334	0.911168592	1.05755459
886	1.76059264	0.650285986	0.864590483	0.908730226	1.05924126
887	1.76138427	0.650628385	0.863290005	0.906270496	1.06097554
888	1.76274179	0.650758191	0.862736007	0.905125341	1.06266379
889	1.77115012	0.647608573	0.864454613	0.906358185	1.06427936
890	1.78765584	0.640506713	0.868330093	0.909138778	1.06587303
891	1.80384276	0.633342631	0.872239527	0.911943733	1.06746254
892	1.81129271	0.630007311	0.874059609	0.913249611	1.0690656
893	1.81125474	0.630192835	0.873287056	0.912377285	1.07069465
894	1.81113294	0.63071313	0.871441885	0.91040948	1.07233817
895	1.81093152	0.631488864	0.86932399	0.908424435	1.07397786
896	1.8106525	0.632441648	0.867732963	0.907500275	1.07559542
897	1.80467458	0.634836468	0.866664983	0.908012246	1.07717063
898	1.79162621	0.638860799	0.865663957	0.909167262	1.07871799
899	1.77854487	0.6426606	0.864919827	0.910332397	1.08027232
900	1.7724698	0.644381397	0.864622723	0.910874839	1.08186846
901	1.78121093	0.642862594	0.865538719	0.910267894	1.0835074
902	1.80092455	0.63902804	0.867920118	0.908898986	1.08517456
903	1.82081089	0.634131554	0.871116818	0.907518085	1.08688439
904	1.8300692	0.629426904	0.874478527	0.906875191	1.08865135
905	1.81781783	0.624454735	0.879123039	0.909341369	1.09052506
906	1.79018713	0.618738071	0.885239568	0.914902556	1.09248941
907	1.76231435	0.6136738	0.890587043	0.920512465	1.09445519
908	1.74933786	0.610659264	0.892923854	0.923124223	1.09633316
909	1.75984948	0.609285048	0.89179351	0.922993688	1.09808717
910	1.78355986	0.608174304	0.888983166	0.922625427	1.09977278
911	1.80747797	0.607429069	0.885493888	0.922072382	1.10143536
912	1.81861332	0.607151798	0.882326409	0.921386756	1.10312025
913	1.81435328	0.613186444	0.879257138	0.919559447	1.10484838
914	1.80474023	0.62679357	0.875891364	0.916434653	1.10659317
915	1.79504296	0.640519912	0.873090484	0.913470485	1.10833005
916	1.79052828	0.646910367	0.87171621	0.912125395	1.11003443
917	1.79328996	0.643932631	0.871412711	0.912580088	1.11168516
918	1.79980711	0.637214124	0.871185011	0.913667531	1.11330034
919	1.80710353	0.630436754	0.871041432	0.914918721	1.11491497
920	1.81220348	0.627281471	0.870990579	0.915864906	1.11656402
921	1.81510429	0.627452262	0.871148721	0.916423664	1.11825548
922	1.81768401	0.627839478	0.871574888	0.916883749	1.11997199
923	1.81953853	0.628230087	0.872179765	0.917303834	1.12171254
924	1.82026305	0.628411939	0.872873999	0.917742514	1.12347614
925	1.81591862	0.627767664	0.874137917	0.91829681	1.12529398
926	1.80612234	0.626314826	0.876028443	0.91891249	1.12715857
927	1.79624023	0.624849258	0.877754345	0.919413794	1.12900665
928	1.7916395	0.624166947	0.878524212	0.91962494	1.13077499
929	1.79532441	0.624345241	0.877237786	0.919404571	1.1324244
930	1.80363628	0.624747719	0.874336638	0.918822087	1.13399969
931	1.81202097	0.625153722	0.871410072	0.918019528	1.13556319
932	1.81592455	0.625342742	0.870047575	0.91713894	1.13717725
933	1.81527634	0.6238095	0.871155511	0.91576491	1.13889959
934	1.81342091	0.620352208	0.873654607	0.913845419	1.14068698
935	1.81056514	0.616864626	0.876175598	0.912131716	1.14244834
936	1.8069149	0.615240942	0.877349275	0.911375219	1.14409263
937	1.79461552	0.618539575	0.876062301	0.911463615	1.14555512
938	1.77227827	0.625978444	0.873159635	0.911707567	1.14690644
939	1.75076435	0.633482487	0.870231539	0.912064694	1.14825916
940	1.74093754	0.636976081	0.86886833	0.912492808	1.14972583
941	1.75784032	0.633227141	0.870832822	0.913434734	1.15139551
942	1.79595938	0.624771662	0.875263286	0.9149498	1.15320428
943	1.8344124	0.616242102	0.879732566	0.91636316	1.15503394
944	1.85231465	0.612271068	0.881813291	0.916999813	1.15676626
945	1.83845608	0.617541475	0.880102144	0.915140737	1.15834624
946	1.80719569	0.629427889	0.876242443	0.910948458	1.15984849
947	1.77566141	0.641418444	0.872348925	0.906719449	1.16134606
948	1.76098026	0.647000784	0.870536254	0.904750586	1.162912
949	1.76597263	0.642232689	0.870714385	0.907102537	1.1645819
950	1.77723931	0.631477809	0.871154522	0.912407053	1.16631595
951	1.78860469	0.620628703	0.871692267	0.917758044	1.16807603
952	1.79389597	0.615577777	0.872163706	0.920249259	1.16982401
953	1.79342104	0.618823934	0.87254633	0.919022335	1.17158112
954	1.79210913	0.626146778	0.872922719	0.916169649	1.17335878
955	1.79018837	0.63353378	0.873275106	0.91307932	1.17509811
956	1.78788543	0.636972883	0.873585696	0.911139108	1.17674018
957	1.78281441	0.635943188	0.873891078	0.910320362	1.17824205
958	1.77465546	0.633619118	0.874197037	0.909640922	1.17965137
959	1.76704361	0.631274686	0.874433417	0.90917573	1.18104567
960	1.76361469	0.630183209	0.874530048	0.909000047	1.18250248
961	1.76514944	0.63029669	0.873992861	0.909853873	1.18404047
962	1.76933186	0.6305533	0.872781546	0.911962657	1.18562164
963	1.77536101	0.630812159	0.871559618	0.914551416	1.18724296
964	1.7824365	0.630932673	0.870990735	0.916844954	1.18890144
965	1.79653767	0.626089414	0.872134031	0.919002701	1.19062263
966	1.81840869	0.615168718	0.874712324	0.921337348	1.19240317
967	1.83859697	0.604152344	0.877313205	0.923214563	1.19419313
968	1.84764779	0.599023544	0.878524076	0.923999778	1.19594257
969	1.8458138	0.600385495	0.87827588	0.923262576	1.19761989
970	1.84167253	0.603726383	0.877715435	0.921425152	1.19925777
971	1.83749499	0.607766937	0.877150079	0.919132242	1.20090234
972	1.83555008	0.611228999	0.876886871	0.917028583	1.20259972
973	1.83942504	0.61427471	0.877848584	0.914903457	1.20438499
974	1.84816364	0.617465954	0.880017239	0.912521063	1.20622952
975	1.85697879	0.619990959	0.882204893	0.910572784	1.20808345
976	1.86108279	0.621037589	0.883223381	0.909750233	1.2098969
977	1.85597634	0.619937087	0.883009713	0.910319162	1.21166122
978	1.84326906	0.617455005	0.882527251	0.911602513	1.21340252
979	1.82745586	0.614951177	0.882040561	0.912897107	1.21511982
980	1.81303196	0.613785491	0.881813977	0.913499821	1.2168121
981	1.79951007	0.617534125	0.881817812	0.912968782	1.2184522
982	1.78497082	0.625987352	0.881826612	0.911770988	1.22004915
983	1.77222101	0.63451464	0.881835489	0.9105627	1.22165973
984	1.76406869	0.638484616	0.881839621	0.910000167	1.22334076
985	1.75949358	0.637239647	0.881838066	0.910265609	1.22524154
986	1.75567199	0.634429818	0.881833295	0.910864506	1.22729856
987	1.75304305	0.631595371	0.881825311	0.91146865	1.22923512
988	1.75204681	0.630275762	0.881814115	0.911749916	1.23077443
989	1.75500578	0.693913322	0.869574726	0.902984903	1.23182696
990	1.76238757	0.837404611	0.841994657	0.883221302	1.23264561
991	1.77161824	0.982153069	0.814176234	0.863284547	1.23345699
992	1.78012319	1.04954237	0.801225658	0.854002762	1.2344877
993	1.78676275	0.976229793	0.816428799	0.866711288	1.23594891
994	1.7930402	0.810878875	0.850717633	0.895372787	1.23776681
995	1.80026705	0.644079268	0.885306881	0.924285397	1.23973522
996	1.80975461	0.566423797	0.901410303	0.937745995	1.24164792
997	1.82419474	0.566488895	0.901283611	0.937600628	1.24346472
998	1.84460519	0.567123652	0.900337375	0.936525655	1.24529149
999	1.8696086	0.5688604	0.897748395	0.933584442	1.24712817
1000	1.89782712	0.572254575	0.892688679	0.927836345	1.24897468
