kimg	g_loss	d_loss	real_sign_proxy	fake_sign_proxy	ada_p
0	0.752097994	1.91329974	0.5	0.28125	0
1	4.2106889	1.30604528	0.665641517	0.533390101	0.00166886457
2	7.04033085	0.78110183	0.812892021	0.757012534	0.00336486512
3	8.93063967	0.415382623	0.91768531	0.915670584	0.00506086566
4	9.63166106	0.275538903	0.958704886	0.977108383	0.00675686617
5	9.1743757	0.308270263	0.959299203	0.976179375	0.00847144023
6	8.09935898	0.38215877	0.959717587	0.973923197	0.0101993388
7	6.90550439	0.456694985	0.959970216	0.971335455	0.0119024069
8	6.0916631	0.491396613	0.96005637	0.969395427	0.0135424832
9	5.65692596	0.487300382	0.956811892	0.968098971	0.0150984177
10	5.27684308	0.476554299	0.949496077	0.966885692	0.0165974078
11	5.00672973	0.461974926	0.942116131	0.965984641	0.0180732951
12	4.90201433	0.446369694	0.938680269	0.965625099	0.01955992
13	5.01366119	0.428934267	0.939230716	0.966919459	0.0210351468
14	5.26547058	0.407330433	0.940752424	0.970121395	0.0224897473
15	5.5194874	0.382386201	0.942987352	0.974063633	0.0239827927
16	5.63774949	0.35493045	0.945678324	0.977578608	0.0255733701
17	5.42655534	0.315751808	0.951732418	0.980928242	0.0273264495
18	4.95026686	0.265916963	0.961546002	0.984575445	0.0292086665
19	4.46980298	0.222917691	0.970720871	0.987517083	0.0311286401
20	4.24611437	0.204249134	0.974857808	0.988749651	0.032994981
21	4.30627586	0.209755279	0.973773638	0.987415286	0.0348763741
22	4.44208064	0.225125012	0.970709093	0.983766952	0.0367960558
23	4.57907596	0.248030298	0.966065202	0.978479836	0.0385774714
24	4.6428566	0.276146924	0.960242083	0.972229159	0.0400440205
25	4.45959119	0.33912242	0.944756852	0.959826114	0.0412249693
26	4.03740897	0.444545885	0.917649827	0.94041704	0.0422696249
27	3.58912507	0.553296886	0.890145878	0.921867093	0.0431639171
28	3.32759315	0.626244961	0.873472682	0.912043287	0.0438937281
29	3.25879079	0.663491152	0.867645742	0.910102978	0.044479301
30	3.2182876	0.693537337	0.863717975	0.908999752	0.04497358
31	3.17973537	0.716647484	0.860369185	0.908009361	0.04540888
32	3.11683043	0.733076869	0.856281606	0.906409494	0.0458175089
33	2.93700693	0.745129561	0.850761682	0.902298121	0.0462306539
34	2.64606293	0.755012413	0.844534797	0.895958756	0.0466311437
35	2.37420121	0.762629146	0.838384002	0.890117463	0.0469776885
36	2.2516487	0.76788292	0.833092271	0.887500765	0.0472289959
37	2.3039167	0.770964609	0.828843362	0.890459602	0.0473913863
38	2.42185342	0.772929725	0.825088401	0.897133011	0.0475160749
39	2.54082391	0.77497077	0.821553156	0.903864916	0.0476254717
40	2.59621261	0.77828023	0.817963505	0.906999067	0.0477419768
41	2.5334859	0.78922831	0.813610471	0.903167695	0.0478564484
42	2.39201044	0.80798838	0.808819124	0.894526486	0.0479612207
43	2.24929487	0.825793567	0.804934633	0.885809532	0.048084075
44	2.18285125	0.833875206	0.803302349	0.881751209	0.0482528007
45	2.27117848	0.820483585	0.806873264	0.886739585	0.0486398827
46	2.4703863	0.790282346	0.814926125	0.897990269	0.0492503526
47	2.67134027	0.759816379	0.823049573	0.90933957	0.0498424008
48	2.76489774	0.745632439	0.82683158	0.914623426	0.0501741678
49	2.73059165	0.753915868	0.822701352	0.912553989	0.0502780759
50	2.64160504	0.775227953	0.812443824	0.907161925	0.0503594236
51	2.52273638	0.803329447	0.799726794	0.89990573	0.050412626
52	2.39876643	0.831982868	0.78821818	0.89224294	0.0504320362
53	2.23119875	0.868570344	0.776914514	0.881536468	0.0500027401
54	2.01293454	0.914865125	0.764420576	0.867357391	0.0489626716
55	1.82289299	0.954728555	0.754270891	0.854935435	0.0477322074
56	1.74001233	0.972017953	0.75000121	0.849501571	0.0467318508
57	1.76051441	0.969611216	0.750132551	0.851624465	0.0460537208
58	1.80733117	0.963621775	0.75051352	0.856720873	0.0454576268
59	1.85590162	0.956192735	0.75110432	0.862631914	0.0448901559
60	1.88168227	0.949462956	0.751866327	0.867199626	0.0442979612
61	1.88562891	0.944160767	0.753903095	0.87032133	0.0436045107
62	1.88767651	0.939101489	0.757773435	0.873210145	0.0428555747
63	1.88967878	0.933648151	0.762495039	0.875509658	0.0421865245
64	1.89348382	0.927164036	0.767085252	0.876862987	0.0417327459
65	1.90958597	0.918773613	0.771359357	0.877422692	0.041446166
66	1.94165912	0.908558755	0.775843759	0.877753666	0.0411997143
67	1.98029719	0.897365749	0.78056051	0.87807695	0.0410265777
68	2.01609135	0.886041009	0.785531492	0.878613476	0.0409599871
69	2.0529721	0.872350564	0.791946225	0.879974381	0.041018251
70	2.09413545	0.856494423	0.799497261	0.882239458	0.0411496668
71	2.12772882	0.84333471	0.805808859	0.884781021	0.0412822346
72	2.14189599	0.837734534	0.808504869	0.886971243	0.0413439537
73	2.12058563	0.841613136	0.804243644	0.888949689	0.0412468357
74	2.07252525	0.850362337	0.794633555	0.890989368	0.0410278093
75	2.02404359	0.859188229	0.784939228	0.892589677	0.0408068631
76	2.00147215	0.863297271	0.780425872	0.893249815	0.0407039978
77	2.01082973	0.859878703	0.783402717	0.892453184	0.0407918593
78	2.03327942	0.851298255	0.790118037	0.890656497	0.0410158918
79	2.0592834	0.840455687	0.796892219	0.888844061	0.0413069139
80	2.07930769	0.830250565	0.800046053	0.888000251	0.0415957486
81	2.09134357	0.82108151	0.799512073	0.889042643	0.0418651399
82	2.1012171	0.811482172	0.798305919	0.891597987	0.0421571445
83	2.11058929	0.801757746	0.797089192	0.89468979	0.0424878377
84	2.12111964	0.792213978	0.796522725	0.897341486	0.0428732843
85	2.13594182	0.781262868	0.799735033	0.899678767	0.0433822153
86	2.1535243	0.769211421	0.806978633	0.902129936	0.0440170187
87	2.16826938	0.759441779	0.814285727	0.904070272	0.0446874111
88	2.17457866	0.755336718	0.817687666	0.904874774	0.04530309
89	2.15764363	0.760225854	0.816009638	0.903471086	0.0458256103
90	2.11945391	0.771252663	0.81222368	0.900305495	0.0463098403
91	2.08092944	0.782376128	0.808404536	0.897112155	0.0468025612
92	2.06299373	0.787554843	0.806626469	0.895625443	0.0473505462
93	2.07725749	0.782141729	0.807695779	0.897009942	0.0480387603
94	2.10943194	0.769932582	0.810108087	0.900132755	0.0488316817
95	2.14188842	0.757616416	0.81254154	0.903282941	0.049588643
96	2.15699908	0.75188242	0.813674475	0.904749563	0.050168959
97	2.13806088	0.759253955	0.812386834	0.90222675	0.0505288501
98	2.09534823	0.775879391	0.809482658	0.896537241	0.0507920455
99	2.05226119	0.792650558	0.806553025	0.89079786	0.0510635611
100	2.0322013	0.800458654	0.805189085	0.888125796	0.0514483977
101	2.15155767	0.76987616	0.811041303	0.89358888	0.052257329
102	2.42069989	0.700912487	0.824237993	0.90590902	0.0534588938
103	2.69220128	0.631344313	0.83755036	0.918337152	0.0546160235
104	2.81860328	0.598955689	0.843748154	0.924123277	0.0552915719
105	2.71604256	0.623338918	0.838787772	0.919173359	0.055503621
106	2.48470034	0.678340788	0.827543477	0.908008232	0.0556335282
107	2.25133029	0.733824778	0.816061527	0.896745237	0.0557526709
108	2.14268097	0.759656275	0.810387903	0.891501562	0.0559323278
109	2.14946031	0.75769911	0.809884914	0.89244859	0.0562553838
110	2.16481955	0.753227601	0.809516853	0.894587504	0.0567103126
111	2.18031342	0.748613555	0.8092896	0.896745165	0.057223337
112	2.18752685	0.746221706	0.809210546	0.897749701	0.0577206706
113	2.17935506	0.745844546	0.810209042	0.897427479	0.0582230192
114	2.16055378	0.745562072	0.81246053	0.896700249	0.0587586528
115	2.14065592	0.745384135	0.814731753	0.895966644	0.0592559341
116	2.12919482	0.745321167	0.815789159	0.895625102	0.0596432012
117	2.12570306	0.746638784	0.815648174	0.895700887	0.0598929501
118	2.1229439	0.749609827	0.815329567	0.895872	0.0600761175
119	2.12112542	0.752606913	0.815008168	0.896044613	0.0602667029
120	2.12045798	0.754002256	0.814858535	0.896124976	0.0605387008
121	2.12294668	0.752304253	0.817024595	0.895062579	0.0610074544
122	2.1295319	0.748187818	0.82200887	0.892666996	0.0616875181
123	2.13862293	0.743313903	0.827288555	0.890250415	0.0624951571
124	2.14862854	0.739343569	0.83034021	0.889125335	0.0633466186
125	2.16439086	0.736187722	0.831284449	0.889390604	0.0643590165
126	2.1865091	0.73302799	0.832031981	0.889989499	0.0655605451
127	2.20628619	0.730587581	0.832525403	0.890593643	0.0667119792
128	2.21502307	0.729590123	0.832706719	0.890874916	0.067574034
129	2.20286819	0.733302639	0.829425167	0.890248939	0.0681160983
130	2.1754549	0.741674469	0.822025617	0.888837259	0.068536506
131	2.14780122	0.750119718	0.814561176	0.8874132	0.0689242137
132	2.13492643	0.754051589	0.811085942	0.886750198	0.0693681369
133	2.14350178	0.751051282	0.813047057	0.887444883	0.0699237175
134	2.16284665	0.743739289	0.817471433	0.889178682	0.0705398242
135	2.18236116	0.73499457	0.821934609	0.891347607	0.0711462546
136	2.19144657	0.727695827	0.824012538	0.89334766	0.0716728079
137	2.189572	0.721603485	0.822122598	0.895389444	0.072075202
138	2.18493443	0.715371642	0.817859649	0.897690656	0.0724106008
139	2.17923849	0.710502393	0.813559315	0.899577203	0.0727608579
140	2.17418668	0.708498598	0.811557201	0.900374773	0.0732078267
141	2.17075313	0.710150632	0.81369679	0.899777993	0.073966294
142	2.16787736	0.714518764	0.818522609	0.898253071	0.0749919642
143	2.16423297	0.720539535	0.82339075	0.896265127	0.0759585853
144	2.15849361	0.727149562	0.825657219	0.894279229	0.0765398525
145	2.12468325	0.737482178	0.822698049	0.891864613	0.0767452797
146	2.05829936	0.751928998	0.816024011	0.88888563	0.0768700151
147	1.99319445	0.764830805	0.809291444	0.886346154	0.0769897763
148	1.96322906	0.770527078	0.806156949	0.885250315	0.0771802088
149	1.99343841	0.761903865	0.807050251	0.887526585	0.0775668471
150	2.06248714	0.742235767	0.80941131	0.892659966	0.078164872
151	2.13443259	0.721841211	0.812660109	0.897838364	0.07887677
152	2.17333142	0.711039696	0.816217305	0.900249281	0.0796050071
153	2.18177507	0.709008146	0.821731912	0.899611734	0.080375205
154	2.18823139	0.707470597	0.829412406	0.897975168	0.0812361206
155	2.19237172	0.706493227	0.836262405	0.895827788	0.0821132516
156	2.19385874	0.706144724	0.839284836	0.893657266	0.082932064
157	2.18565705	0.709736932	0.837811194	0.890943763	0.0836728332
158	2.16688738	0.717837061	0.834282214	0.887547519	0.0843787174
159	2.14726098	0.726008226	0.830208766	0.884635598	0.085065588
160	2.1364913	0.72981249	0.8271013	0.883375363	0.0857493054
161	2.13431809	0.729761495	0.824945298	0.883609935	0.0864106775
162	2.13301029	0.729604471	0.822900245	0.884247927	0.0870481134
163	2.13188469	0.729346764	0.821369026	0.885163807	0.0877077833
164	2.13026027	0.728992598	0.820754887	0.88623234	0.088435868
165	2.12701787	0.725352703	0.823353245	0.888046706	0.0892649782
166	2.12257441	0.717109985	0.829212562	0.89078589	0.0901781322
167	2.11863364	0.707439468	0.835123263	0.893621963	0.0911472685
168	2.11689951	0.69951716	0.83787512	0.895726781	0.092144326
169	2.13842615	0.693126371	0.837644318	0.897180546	0.0931918115
170	2.18696684	0.68671383	0.837061957	0.898512485	0.0943003481
171	2.23593322	0.681755232	0.836323345	0.899488655	0.0954187379
172	2.2587306	0.679727098	0.835623042	0.899874894	0.0964957688
173	2.23162022	0.683037923	0.834865083	0.898603907	0.0974847738
174	2.17047478	0.690504646	0.8339848	0.895737769	0.0984238187
175	2.10879312	0.69803685	0.833253313	0.892846497	0.0993903936
176	2.08007587	0.701543632	0.832941818	0.891500401	0.100461992
177	2.11069339	0.697188539	0.834867412	0.892141829	0.101754305
178	2.17975092	0.687366056	0.839209557	0.893743729	0.103219497
179	2.24941406	0.677457433	0.843589782	0.89574873	0.104682023
180	2.28184726	0.672844257	0.845629091	0.89759967	0.105966316
181	2.26553449	0.673544392	0.844774365	0.899493574	0.107024744
182	2.2280868	0.675266822	0.842757696	0.90163061	0.107975271
183	2.18869357	0.677358091	0.840501953	0.903383507	0.108882033
184	2.16653967	0.679165905	0.838929663	0.904124789	0.109809138
185	2.16130622	0.680449559	0.838041488	0.903358205	0.110760791
186	2.15796028	0.681584315	0.837253153	0.901419333	0.111706469
187	2.15519606	0.682815874	0.836687161	0.898935571	0.112663301
188	2.15171203	0.684389866	0.836466226	0.896534336	0.113648431
189	2.14609452	0.68731902	0.838041095	0.893823406	0.114652368
190	2.13925884	0.691439286	0.841723355	0.890605336	0.115671444
191	2.13346457	0.695126422	0.845767468	0.887905693	0.116734312
192	2.13097144	0.696755903	0.848427466	0.886750331	0.117869637
193	2.1502042	0.692961826	0.849718146	0.887809259	0.119133094
194	2.19357299	0.684405645	0.850820502	0.890250412	0.120507111
195	2.2373221	0.675774428	0.851591251	0.89284547	0.12190602
196	2.25769046	0.671755976	0.851886713	0.894366108	0.12324414
197	2.24730735	0.672189837	0.851391372	0.894798566	0.124528781
198	2.2238812	0.67329948	0.850106806	0.895082293	0.125799171
199	2.20024961	0.674742456	0.848389726	0.895321264	0.12700904
200	2.1892474	0.676177384	0.846596912	0.895619185	0.128112098
201	2.19508847	0.677903676	0.844166407	0.89598809	0.129061466
202	2.20836366	0.680021759	0.840995813	0.896383921	0.129907391
203	2.22199933	0.681823315	0.838233634	0.896834002	0.130751687
204	2.22892323	0.682599838	0.83702865	0.897365677	0.131696171
205	2.22981012	0.676817923	0.839795848	0.898070029	0.132835949
206	2.23046776	0.663780013	0.846036279	0.89895639	0.134113375
207	2.23087843	0.650627763	0.852331436	0.899921164	0.135398112
208	2.2310227	0.644504445	0.855262284	0.900860732	0.136559815
209	2.23092128	0.645322389	0.854193334	0.901923253	0.13753055
210	2.23061687	0.64727574	0.851781031	0.903114451	0.138401779
211	2.23011954	0.649510057	0.849347573	0.904088596	0.139279912
212	2.22943936	0.651172471	0.848214623	0.904499883	0.140271353
213	2.22237218	0.652265094	0.848369828	0.904348228	0.141463006
214	2.20729805	0.653281737	0.848724903	0.904006002	0.142803105
215	2.19183154	0.654034083	0.849094035	0.903660776	0.144188626
216	2.18358922	0.654333616	0.849291697	0.903500048	0.145516542
217	2.18190928	0.653599538	0.84932378	0.903936345	0.146753453
218	2.18063237	0.651694634	0.8493404	0.904920243	0.147957128
219	2.1798177	0.649145479	0.849356851	0.90591277	0.14915659
220	2.17952633	0.646478784	0.849388387	0.906374862	0.150380846
221	2.19464103	0.643221926	0.849592379	0.905919683	0.151660905
222	2.22872272	0.63911685	0.849991954	0.904893007	0.152975267
223	2.26310331	0.635116568	0.850383624	0.903857327	0.154272707
224	2.27910994	0.632174375	0.850563856	0.903375144	0.155501999
225	2.27677806	0.630106691	0.849905598	0.904095919	0.156606881
226	2.27056038	0.628236167	0.848421197	0.905721489	0.157631772
227	2.26190131	0.626876385	0.846923779	0.907361315	0.158679403
228	2.25224121	0.626341203	0.846226623	0.908124772	0.159852516
229	2.23634363	0.630421525	0.846385476	0.906759049	0.161256285
230	2.21358443	0.639622412	0.846744135	0.903679021	0.162838935
231	2.19309733	0.648903987	0.84710594	0.900571981	0.164463736
232	2.18401811	0.653225228	0.847274386	0.899125431	0.165993945
233	2.19417382	0.648978392	0.846936399	0.9015913	0.167375762
234	2.21707949	0.639399465	0.846174172	0.907152463	0.168691136
235	2.24018603	0.629736534	0.84540526	0.912762395	0.170001996
236	2.25094379	0.625237745	0.845047277	0.915374221	0.171370256
237	2.24523268	0.625466552	0.84777448	0.913098415	0.172822742
238	2.23206508	0.625989133	0.853924184	0.907965034	0.174326476
239	2.2180711	0.626525423	0.860127818	0.902786636	0.175855704
240	2.20987946	0.626796626	0.863016056	0.900375719	0.177384677
241	2.20741113	0.626829765	0.860556323	0.900739722	0.178923578
242	2.20563508	0.62685429	0.855008026	0.901661791	0.180481419
243	2.20429815	0.626869578	0.849411072	0.902842664	0.182027105
244	2.20314865	0.626874941	0.846805288	0.903983692	0.183529528
245	2.20196723	0.623993638	0.848708192	0.905195338	0.184953839
246	2.20084666	0.617406767	0.853065491	0.906592924	0.186325935
247	2.20000774	0.610535909	0.857623919	0.907844578	0.187707674
248	2.1996713	0.606803553	0.860130386	0.908618315	0.189160917
249	2.207896	0.606058641	0.860631361	0.909006755	0.190742331
250	2.22644177	0.605573054	0.860921233	0.909326185	0.192412983
251	2.24515018	0.605196139	0.861182773	0.90954337	0.194089533
252	2.25386029	0.604778041	0.861598245	0.909624978	0.195688637
253	2.25244319	0.604203951	0.862632853	0.908923048	0.197177573
254	2.24869468	0.603574679	0.864210088	0.907340248	0.19860764
255	2.24353662	0.603065532	0.865658419	0.905743573	0.200018527
256	2.2378887	0.602851825	0.866306202	0.905000221	0.201449919
257	2.22913168	0.603655445	0.865155928	0.906954123	0.202909727
258	2.21693466	0.605722687	0.862561857	0.911360294	0.204377674
259	2.20605635	0.608449719	0.859945058	0.915805069	0.205853623
260	2.20125656	0.611232535	0.858726778	0.917874384	0.207337445
261	2.20282147	0.614792906	0.859342211	0.915503491	0.208820945
262	2.20635318	0.619302438	0.86074974	0.910156197	0.210306611
263	2.20991584	0.623187015	0.862217459	0.904762053	0.211811396
264	2.21157447	0.624872132	0.863013635	0.902250747	0.213352256
265	2.20616948	0.623425529	0.863190152	0.904336928	0.214951889
266	2.19398115	0.619892131	0.863325348	0.909042547	0.216597827
267	2.18168603	0.615647359	0.86341217	0.913789394	0.218252853
268	2.1759619	0.612066588	0.863443388	0.915999342	0.219879747
269	2.18534028	0.609570439	0.862701093	0.915981028	0.221468763
270	2.20675324	0.607373879	0.861027342	0.91593825	0.223040103
271	2.2290146	0.605109341	0.859338927	0.915895096	0.22459947
272	2.24093689	0.602409438	0.858552865	0.915875006	0.226152564
273	2.24336646	0.59813471	0.859551162	0.916197525	0.227691966
274	2.24521542	0.592626107	0.861802654	0.916924757	0.229217273
275	2.24639633	0.587849298	0.864073873	0.917658361	0.230746176
276	2.24681906	0.585770259	0.865131264	0.917999898	0.232296367
277	2.22706018	0.588517132	0.865038279	0.917317005	0.233877585
278	2.18250747	0.594712151	0.864798057	0.915776985	0.235479408
279	2.13756443	0.600961446	0.864480649	0.914223471	0.237089591
280	2.11664068	0.603870877	0.864155817	0.913500215	0.238695887
281	2.12510535	0.603394513	0.86379136	0.913689721	0.240295901
282	2.14420558	0.602318452	0.863352196	0.914117504	0.241895914
283	2.16347316	0.601232964	0.862913819	0.914549036	0.243495926
284	2.1724434	0.600727603	0.86255175	0.91474994	0.245095938
285	2.17170065	0.60130098	0.862315638	0.914730308	0.246735769
286	2.1695624	0.602872766	0.862142752	0.914676096	0.248404167
287	2.16625461	0.605159108	0.861939895	0.914596735	0.250019327
288	2.16200082	0.60787614	0.861613866	0.914501598	0.251499433
289	2.14682436	0.613606951	0.860110438	0.914292281	0.252802455
290	2.11891384	0.622686541	0.857291568	0.9139556	0.253994795
291	2.09195044	0.631120012	0.854555864	0.91364152	0.255155952
292	2.07961862	0.634911553	0.853302257	0.913500041	0.256365427
293	2.09871078	0.627838873	0.855418313	0.914031218	0.257634989
294	2.14176813	0.611888841	0.860190445	0.915229012	0.258926127
295	2.18520271	0.595799067	0.865004388	0.9164373	0.260248418
296	2.20542418	0.588308288	0.867245574	0.916999833	0.261611455
297	2.19590632	0.59188379	0.86566676	0.916575251	0.263018331
298	2.17443181	0.599950882	0.862105336	0.915560304	0.264466785
299	2.15276915	0.608088653	0.858512709	0.914392527	0.265958885
300	2.14268386	0.611877285	0.85684012	0.913509421	0.267496705
301	2.14846869	0.605640881	0.85995256	0.912908062	0.269099197
302	2.16151915	0.591576453	0.866971634	0.912341514	0.270763892
303	2.17468394	0.577388802	0.874052203	0.911919051	0.272458534
304	2.18081296	0.570783579	0.877348643	0.911750047	0.274150863
305	2.17486215	0.574272912	0.876852394	0.912907296	0.275823642
306	2.16144011	0.582145116	0.875634312	0.915516776	0.277496604
307	2.14790048	0.59008629	0.874161748	0.918149118	0.279192342
308	2.14159694	0.593783395	0.872901226	0.919374635	0.280933447
309	2.15010865	0.592811694	0.872022262	0.91882481	0.282787842
310	2.16930513	0.590618218	0.871254893	0.917584238	0.284728343
311	2.1886698	0.588405524	0.870425255	0.916332796	0.286628088
312	2.19768524	0.587375379	0.869359532	0.915750173	0.288360194
313	2.18969809	0.587826338	0.867360713	0.915769692	0.289853222
314	2.17168257	0.588843854	0.864542444	0.915823904	0.29120548
315	2.1535092	0.589870284	0.862018432	0.915903265	0.292543323
316	2.14504838	0.590348151	0.86090258	0.915998402	0.293993098
317	2.1581949	0.588418692	0.863291595	0.916207719	0.295641479
318	2.18784343	0.584067813	0.868679095	0.9165444	0.29741681
319	2.21775172	0.579678816	0.874113797	0.91685848	0.299208059
320	2.23167587	0.577635468	0.876643984	0.916999959	0.300904189
321	2.21366766	0.580318509	0.875607584	0.916165229	0.302451737
322	2.1730533	0.586369621	0.873269006	0.914282981	0.303921682
323	2.1320831	0.592473748	0.870909938	0.912384243	0.305386961
324	2.11300896	0.595315594	0.869811648	0.911500263	0.306920504
325	2.1179228	0.593849278	0.871062444	0.911842179	0.308549424
326	2.12962454	0.590541113	0.873883485	0.912694932	0.310236449
327	2.14296112	0.587203964	0.876729242	0.913759422	0.311960913
328	2.15278367	0.585650316	0.878054117	0.914736712	0.313702163
329	2.15909579	0.585708199	0.877974553	0.915725352	0.315508746
330	2.16492433	0.585880925	0.877741983	0.916834459	0.317377255
331	2.1692172	0.586158716	0.87737587	0.917741765	0.319200972
332	2.17092113	0.586532246	0.876895303	0.918124891	0.320873159
333	2.15940324	0.589050241	0.874733158	0.917138452	0.32232938
334	2.13343157	0.594160085	0.870578942	0.914913978	0.323654509
335	2.10723235	0.599207468	0.866524506	0.912670014	0.324965191
336	2.09503501	0.601537422	0.864662205	0.911625311	0.326378067
337	2.10193818	0.599314146	0.866658714	0.912408813	0.327942826
338	2.11864367	0.59395682	0.871161699	0.914285118	0.329600957
339	2.13834296	0.58769048	0.875704136	0.916451942	0.331310828
340	2.15422907	0.582740155	0.87781892	0.918107069	0.333030819
341	2.16660049	0.579044363	0.877500353	0.919258629	0.334771448
342	2.17888034	0.575438762	0.876702944	0.920352046	0.336549666
343	2.18831923	0.572694257	0.875703142	0.921171232	0.338328475
344	2.19216606	0.571582295	0.87477686	0.921499909	0.340070867
345	2.18571092	0.572454806	0.873822	0.921393418	0.341753219
346	2.17115342	0.574422843	0.872740474	0.921118611	0.343400021
347	2.15646837	0.576408124	0.871851818	0.920754648	0.345046263
348	2.14963158	0.577332394	0.871475671	0.920380631	0.346726936
349	2.15338613	0.577170488	0.872830712	0.919999047	0.348461493
350	2.16185651	0.57673179	0.875886309	0.919557705	0.350229304
351	2.1704011	0.576105588	0.878968677	0.919059969	0.352005808
352	2.17437913	0.575380943	0.880403708	0.918509219	0.353766445
353	2.1732872	0.574018608	0.879440729	0.917721927	0.355503585
354	2.17034257	0.571953793	0.877268433	0.91672724	0.357230719
355	2.16616506	0.570061069	0.875077105	0.915871249	0.358953795
356	2.16137359	0.569215207	0.874056907	0.915500107	0.360678757
357	2.15469378	0.569766344	0.874092804	0.915602175	0.36241272
358	2.14516406	0.571244988	0.874174428	0.915879611	0.364150953
359	2.13406802	0.573328671	0.874256767	0.916277832	0.36588123
360	2.12268979	0.575695014	0.874295101	0.916742331	0.367591326
361	2.10847791	0.579837206	0.874008338	0.917603709	0.369264893
362	2.09141666	0.585930702	0.873361717	0.918918904	0.370912541
363	2.07703573	0.591464477	0.87270943	0.920178084	0.372563535
364	2.07086603	0.593926934	0.872405751	0.920871296	0.374247145
365	2.08425264	0.591308731	0.872835082	0.921075624	0.375987762
366	2.11444083	0.58540357	0.873803345	0.921234372	0.37776598
367	2.14489351	0.579446673	0.874780092	0.92133754	0.379544789
368	2.15907111	0.576673371	0.875234827	0.92137499	0.381287181
369	2.15147322	0.57772649	0.87520401	0.920755613	0.382999966
370	2.13222888	0.580494705	0.875112522	0.919314634	0.384699032
371	2.10752576	0.584272672	0.874965654	0.917749389	0.386356853
372	2.08354962	0.588355558	0.874768569	0.916757399	0.387945895
373	2.05624561	0.594442328	0.87349568	0.916326144	0.389424259
374	2.02368772	0.602763327	0.870924799	0.915966229	0.39082166
375	1.99632259	0.610136739	0.86838791	0.915718766	0.392221142
376	1.98459971	0.613380009	0.867217328	0.915625025	0.393705755
377	2.0064003	0.608690176	0.867767769	0.916181902	0.395334219
378	2.05556398	0.59811339	0.869080215	0.917484983	0.397058758
379	2.10515839	0.587443938	0.870581569	0.91891865	0.398802511
380	2.12824764	0.582476652	0.871698906	0.919867135	0.400488617
381	2.12202828	0.582753601	0.872281001	0.920334896	0.402089138
382	2.10798932	0.5833814	0.872702593	0.920735897	0.403648775
383	2.09382736	0.5840147	0.8731506	0.921017011	0.405196536
384	2.0872341	0.58430954	0.873811861	0.921124971	0.406761418
385	2.10155772	0.580676011	0.875509598	0.920954251	0.408349233
386	2.13385913	0.572482907	0.878205959	0.920569246	0.409945176
387	2.16644355	0.564218021	0.880712186	0.920180868	0.411549122
388	2.1816136	0.560370208	0.881839293	0.920000054	0.41316095
389	2.17754891	0.561402076	0.881737619	0.920510794	0.414764534
390	2.16837363	0.563731318	0.881464513	0.92173469	0.41636459
391	2.15911796	0.566080968	0.88108058	0.923150813	0.417994357
392	2.15480888	0.567174874	0.880646126	0.924238128	0.419687077
393	2.15800802	0.56682407	0.880027524	0.925002995	0.421499586
394	2.16522433	0.566032341	0.879156186	0.925732213	0.423405304
395	2.17250387	0.565233674	0.8782108	0.926279873	0.42530799
396	2.17589294	0.564861846	0.877370108	0.926499939	0.427111388
397	2.16666523	0.565481115	0.876559727	0.925684201	0.428757991
398	2.14585625	0.566877695	0.875712339	0.923844732	0.430314281
399	2.12486496	0.568286511	0.875042571	0.921989146	0.431869149
400	2.11509222	0.568942402	0.874765115	0.921125257	0.433511485
401	2.13299666	0.566125216	0.875460847	0.921618274	0.435297361
402	2.17337425	0.559772565	0.87707746	0.922730511	0.437176444
403	2.21410561	0.553364257	0.878828219	0.923852493	0.4390787
404	2.23306856	0.550380795	0.87992625	0.924374845	0.440934093
405	2.22727601	0.55078723	0.880388038	0.924072884	0.442730015
406	2.21292544	0.55186614	0.880771014	0.923360309	0.444502905
407	2.19523751	0.553358173	0.881033103	0.922562603	0.446251792
408	2.17942899	0.555004744	0.881132049	0.922005185	0.447975695
409	2.16652506	0.557176525	0.880400656	0.921688342	0.449658041
410	2.15383963	0.560098971	0.878721006	0.921406623	0.451304842
411	2.14134857	0.563229724	0.876950069	0.921204126	0.452951084
412	2.12902863	0.566026251	0.875945021	0.921125021	0.454631758
413	2.11721954	0.568425093	0.875659267	0.921751078	0.456369317
414	2.10582949	0.570714662	0.875435244	0.923162764	0.458142283
415	2.09414149	0.572841209	0.875288548	0.924586818	0.459919929
416	2.08143842	0.574750881	0.875234976	0.925249803	0.461671527
417	2.06425344	0.576687165	0.87570045	0.923295877	0.4633771
418	2.0437378	0.578646297	0.876750034	0.918889706	0.465056739
419	2.02648604	0.580168053	0.877808813	0.914444931	0.466739728
420	2.01909378	0.580792115	0.87830174	0.912375616	0.46845535
421	2.04041218	0.579097866	0.87814349	0.914405012	0.470251042
422	2.08848582	0.575277269	0.877697956	0.918982296	0.47210086
423	2.13698064	0.571423198	0.877026207	0.923599683	0.473920436
424	2.15955797	0.569628892	0.876189206	0.92574936	0.475625392
425	2.13708774	0.572941526	0.873881648	0.925723199	0.477161472
426	2.08640657	0.580412079	0.869897435	0.925646584	0.478592856
427	2.03528137	0.587948083	0.866108521	0.925528583	0.480012691
428	2.01147945	0.591456557	0.864387299	0.925377635	0.481514128
429	2.01905905	0.589675336	0.866282923	0.925048111	0.483156439
430	2.03616556	0.585656675	0.870558331	0.924430072	0.48488542
431	2.05342194	0.581602805	0.874871197	0.923601648	0.486624613
432	2.06145584	0.579715479	0.876879102	0.922641009	0.488297564
433	2.05697011	0.582134334	0.875988155	0.920945363	0.489863476
434	2.04685027	0.587589652	0.873977893	0.918476981	0.491371446
435	2.03664176	0.593092766	0.87195002	0.916242879	0.492878496
436	2.03188908	0.595654803	0.87100592	0.915250289	0.494441644
437	2.0416459	0.591072001	0.871706119	0.916396073	0.496098324
438	2.06463752	0.580538589	0.873408069	0.918986278	0.49781445
439	2.09031753	0.569413923	0.875433083	0.92161435	0.499539967
440	2.10813792	0.563058039	0.877102538	0.92287366	0.501224822
441	2.11809556	0.561325255	0.878300244	0.922918594	0.502829742
442	2.12690704	0.56008552	0.879397899	0.92294117	0.504389648
443	2.13322046	0.559172118	0.88040472	0.922961451	0.505966501
444	2.13568151	0.558419547	0.881329806	0.922999148	0.507622263
445	2.13187784	0.557678566	0.882303287	0.923143801	0.509437814
446	2.12226768	0.55699192	0.883299483	0.923397501	0.51136813
447	2.10997712	0.556485121	0.884078002	0.923639735	0.513281391
448	2.09813272	0.55628369	0.884398407	0.923749968	0.515045762
449	2.08647095	0.559538235	0.883390992	0.922896257	0.516598731
450	2.07354237	0.567188252	0.880971049	0.920971231	0.51803274
451	2.0610024	0.575688909	0.87815707	0.919029339	0.519445264
452	2.05050726	0.58149442	0.87596777	0.918125269	0.520933769
453	2.04112243	0.584610382	0.874384348	0.918826967	0.522535872
454	2.03195093	0.587337983	0.872858718	0.920409766	0.524200179
455	2.02496323	0.589278041	0.871705793	0.922006432	0.525894427
456	2.02213048	0.590030571	0.87124073	0.922749779	0.527586361
457	2.02462996	0.588402311	0.871739597	0.922653279	0.529272692
458	2.03026759	0.584730442	0.872864737	0.922425995	0.530969205
459	2.03595461	0.581026402	0.873999734	0.922173587	0.532669853
460	2.03860227	0.579301944	0.874528145	0.922001523	0.534368579
461	2.03438784	0.58013477	0.874207615	0.921929166	0.536067145
462	2.02488335	0.58201379	0.873484528	0.921882392	0.537767825
463	2.01529559	0.583909273	0.872755105	0.921832725	0.539464565
464	2.01083189	0.584791737	0.872415515	0.921751706	0.541151308
465	2.0230416	0.582352985	0.873841885	0.921462397	0.542818323
466	2.05057512	0.576853477	0.877058303	0.920954999	0.544471231
467	2.07834986	0.571305786	0.880302901	0.920470531	0.546127741
468	2.09128072	0.568722995	0.88181346	0.920250065	0.547805568
469	2.0847609	0.569983401	0.880242772	0.920467135	0.549526545
470	2.07005129	0.572827104	0.876700161	0.920962391	0.551276791
471	2.05521281	0.575695723	0.873126512	0.921476223	0.553019169
472	2.04830459	0.577031241	0.871462759	0.921749013	0.554716537
473	2.04930853	0.575761745	0.872855093	0.921790716	0.556348698
474	2.05209498	0.572787737	0.875995651	0.921812212	0.557939961
475	2.05620917	0.569509354	0.879163726	0.92183339	0.559519339
476	2.0611981	0.567326729	0.880638659	0.921874082	0.561115842
477	2.07285141	0.566247173	0.880532112	0.922134939	0.562729664
478	2.09198148	0.565331304	0.880290881	0.92264508	0.56434758
479	2.10992955	0.564674491	0.880047536	0.923144949	0.565981007
480	2.11803485	0.564372413	0.879934244	0.923374932	0.567641367
481	2.10338673	0.564310885	0.880206201	0.922654061	0.569337678
482	2.07035268	0.564279825	0.880828735	0.921028484	0.571063058
483	2.03702921	0.564249576	0.881479984	0.919388664	0.572804941
484	2.02151509	0.564190528	0.881838036	0.918625227	0.574550762
485	2.0259724	0.563792136	0.881906906	0.91954985	0.576304024
486	2.03682513	0.563007812	0.881943727	0.921780529	0.578069583
487	2.04976506	0.562238145	0.881980054	0.924396294	0.579835335
488	2.06048723	0.561883815	0.882047372	0.926476123	0.581589174
489	2.06930787	0.562727358	0.88239204	0.928049686	0.583311956
490	2.07827224	0.564941523	0.883041624	0.929593109	0.585014727
491	2.0852523	0.567959658	0.883672802	0.930771532	0.586732092
492	2.08811887	0.571214971	0.883962179	0.931249867	0.588498662
493	2.07297218	0.576040253	0.882994282	0.930187564	0.590373585
494	2.03881752	0.582618517	0.88081167	0.927791976	0.592326617
495	2.00436362	0.588441987	0.878609934	0.9253754	0.594253681
496	1.98832322	0.5910023	0.877584891	0.924250335	0.596050688
497	2.00446649	0.586003872	0.878068719	0.92428266	0.597648399
498	2.04163849	0.574477423	0.879264308	0.924379535	0.599125813
499	2.08105109	0.56221034	0.880731888	0.924535699	0.600601334
500	2.10391587	0.554990835	0.882031846	0.924746219	0.602193365
501	2.11110661	0.552578747	0.883254346	0.926248484	0.603990977
502	2.11681078	0.550650211	0.884576811	0.929315391	0.605926625
503	2.120582	0.549367138	0.885640061	0.932348653	0.607882904
504	2.12196951	0.548892791	0.88608478	0.933749585	0.609742407
505	2.11286566	0.550588892	0.885365345	0.933185319	0.611463536
506	2.0907123	0.554820008	0.883742875	0.931756718	0.613116377
507	2.06427689	0.560110611	0.882106189	0.929924814	0.614746226
508	2.04232933	0.564984786	0.881344212	0.928150393	0.616398368
509	2.02525685	0.569609997	0.881379647	0.926138643	0.618093699
510	2.00861294	0.574616007	0.881460057	0.923745326	0.619805693
511	1.99463158	0.579068491	0.881541172	0.921735702	0.621509771
512	1.9855487	0.582032712	0.881578936	0.920875246	0.623181356
513	1.98002348	0.583836271	0.881475326	0.921862213	0.624788712
514	1.97537883	0.585372805	0.881241681	0.924169401	0.626352965
515	1.9721688	0.586445087	0.881005988	0.926701092	0.627930826
516	1.97094831	0.586855588	0.880896259	0.928361508	0.62957901
517	1.98806859	0.583368583	0.881044723	0.929160683	0.631328197
518	2.02667225	0.57519597	0.881451267	0.929842002	0.633148547
519	2.06561412	0.566172363	0.882041763	0.930317747	0.635007109
520	2.08374396	0.560133352	0.882742073	0.930499951	0.636870936
521	2.08071444	0.557314554	0.884205269	0.930018554	0.638739788
522	2.07387128	0.555097221	0.886515443	0.928916433	0.640629167
523	2.06696817	0.553323458	0.888659062	0.927763018	0.642526878
524	2.06375434	0.55183615	0.88962236	0.927127838	0.644420716
525	2.07195688	0.550395068	0.889428548	0.926973681	0.646343711
526	2.09045416	0.54903223	0.888899074	0.926854705	0.648292111
527	2.10911351	0.548013737	0.888133962	0.926777803	0.650193162
528	2.11780058	0.547605729	0.887233011	0.926750007	0.651974096
529	2.10949945	0.550265928	0.885410508	0.927679632	0.65358674
530	2.09077617	0.556264415	0.882567649	0.929775771	0.65508981
531	2.07188886	0.562315456	0.879939082	0.931890275	0.656571015
532	2.06309565	0.565132588	0.878759743	0.932874707	0.658118065
533	2.07268445	0.560851506	0.880408184	0.932552475	0.65976831
534	2.09431122	0.551196605	0.884125878	0.931825243	0.661473645
535	2.11612746	0.541457114	0.887876143	0.931091639	0.663196528
536	2.12628427	0.536922782	0.889622122	0.930750102	0.664899426
537	2.11620967	0.539328571	0.888901062	0.931357106	0.666553027
538	2.09348658	0.544756201	0.88727404	0.932726014	0.668182889
539	2.07056441	0.550231384	0.885632764	0.934106915	0.669834293
540	2.05989272	0.552780418	0.884868648	0.934749809	0.671552525
541	2.06325136	0.551096351	0.885549981	0.934705695	0.673393317
542	2.07187044	0.547207605	0.887180456	0.934578626	0.675324805
543	2.0831782	0.54305893	0.889060886	0.934382097	0.677257721
544	2.09460506	0.540594843	0.890492098	0.934129424	0.679102787
545	2.10888244	0.539740778	0.891480257	0.933230136	0.680835822
546	2.12674677	0.539054439	0.892415885	0.931577141	0.682509119
547	2.14206165	0.538595966	0.893115673	0.929980437	0.6841435
548	2.14868917	0.53842595	0.893396149	0.929250215	0.685759779
549	2.1268157	0.541112938	0.893131325	0.930274492	0.687330152
550	2.07749096	0.547488558	0.892517423	0.932584523	0.688853886
551	2.02773407	0.554717133	0.891856382	0.934914793	0.690397873
552	2.00456918	0.559962203	0.891450146	0.935999677	0.692029022
553	2.00481345	0.563221018	0.891325864	0.933647463	0.693806871
554	2.00556178	0.566197222	0.891255764	0.928342947	0.695691881
555	2.00677444	0.568374102	0.891180509	0.922991956	0.697600676
556	2.00841853	0.569234294	0.891040817	0.920500741	0.699449875
557	2.02196021	0.56656168	0.889850395	0.922530012	0.701218957
558	2.04998429	0.560436574	0.887428187	0.927107296	0.702953364
559	2.07777986	0.554010422	0.88503424	0.931724683	0.704664022
560	2.09063238	0.550435272	0.883928899	0.93387436	0.706361845
561	2.08899435	0.549516979	0.885212396	0.932812564	0.708029603
562	2.08493837	0.548804518	0.888107172	0.930416976	0.709667567
563	2.07995652	0.548341982	0.89102731	0.9280004	0.711316117
564	2.07553757	0.548174214	0.892386814	0.926875335	0.713015639
565	2.07137029	0.548329912	0.891215896	0.927165722	0.714777098
566	2.06685608	0.548681081	0.888574793	0.927930105	0.716581309
567	2.06322427	0.549035326	0.885910549	0.928975016	0.71842563
568	2.06170465	0.549200249	0.88467018	0.93010724	0.720307426
569	2.06606462	0.546872114	0.885907499	0.931808257	0.722264679
570	2.07589649	0.541622508	0.888720077	0.934142303	0.724290052
571	2.0858145	0.53632691	0.89161221	0.936213243	0.726307804
572	2.09043194	0.533861483	0.893088172	0.937124736	0.728242179
573	2.08885194	0.534316648	0.893264961	0.93647995	0.730059486
574	2.08467965	0.535539325	0.893374001	0.935025485	0.731808283
575	2.07894489	0.537262506	0.893458181	0.933558278	0.733533997
576	2.07267662	0.539219785	0.893560026	0.932875203	0.735282052
577	2.06301027	0.542648094	0.893669133	0.932950888	0.737061459
578	2.04958101	0.547692783	0.8937694	0.933122002	0.738848981
579	2.03761417	0.552274488	0.89389992	0.933294614	0.740644503
580	2.0323363	0.554313368	0.8940998	0.933374976	0.742447919
581	2.03339675	0.552995954	0.895084111	0.933014531	0.744259327
582	2.03624255	0.549772569	0.897025964	0.932201742	0.74607884
583	2.04024836	0.54588823	0.899071339	0.931381832	0.747906354
584	2.04479004	0.542587759	0.900365998	0.931000114	0.749741764
585	2.05269285	0.539732427	0.900945817	0.931501246	0.751591005
586	2.06428865	0.536763836	0.901429111	0.93263737	0.75345254
587	2.07481068	0.534424416	0.901761089	0.93379832	0.755314268
588	2.07949106	0.53345694	0.901886759	0.934373883	0.757164088
589	2.07680538	0.534227924	0.900944245	0.934420082	0.75899975
590	2.0707466	0.53605536	0.898818981	0.934446458	0.760827518
591	2.06463475	0.538121183	0.896675098	0.934467947	0.762647289
592	2.0617893	0.539607363	0.895676989	0.934499337	0.764458958
593	2.06344138	0.540512711	0.896140295	0.934561253	0.766265624
594	2.0673313	0.541334423	0.897185631	0.934644499	0.768066552
595	2.07166504	0.541933061	0.898240125	0.934717829	0.769855473
596	2.0746489	0.542169002	0.898731057	0.934749991	0.771626116
597	2.07593072	0.541846037	0.898243646	0.933687564	0.773360543
598	2.07676332	0.540956482	0.897144298	0.931291976	0.775067072
599	2.07765632	0.539653682	0.896035319	0.9288754	0.776780615
600	2.07911903	0.538091005	0.895519022	0.927750335	0.778536088
601	2.08457751	0.534642752	0.896933632	0.929267766	0.780362519
602	2.09426826	0.529090629	0.900123651	0.932690034	0.782237217
603	2.10354958	0.523909711	0.903341618	0.936142286	0.784116861
604	2.10777881	0.521575642	0.90483978	0.937749522	0.785958124
605	2.09474872	0.525771058	0.903270533	0.936858313	0.787741725
606	2.06536557	0.535232455	0.899712321	0.93484773	0.789493769
607	2.03572498	0.544776745	0.8960755	0.932819532	0.791237722
608	2.02192547	0.549220199	0.894270473	0.931875281	0.792997047
609	2.03055094	0.546485922	0.894098815	0.933620431	0.794765377
610	2.05074552	0.540003476	0.89397293	0.937556039	0.796533869
611	2.07296978	0.532673885	0.893895062	0.941526129	0.798325176
612	2.08768569	0.527397695	0.893867931	0.94337445	0.800161954
613	2.09372137	0.524655241	0.895374507	0.942767894	0.802080739
614	2.09783333	0.522550457	0.89881855	0.941398986	0.804063066
615	2.10173804	0.520601877	0.902410967	0.940018085	0.806046393
616	2.10715023	0.51832853	0.904362199	0.939375191	0.807968171
617	2.11788313	0.514959499	0.904798287	0.939420971	0.809795309
618	2.13289946	0.510892469	0.905132507	0.939550903	0.811568009
619	2.14631261	0.507456434	0.905347258	0.939748066	0.813332514
620	2.15223512	0.505980543	0.905424508	0.939995721	0.81513506
621	2.1431002	0.506631618	0.905371352	0.940719007	0.817016017
622	2.12044077	0.508473213	0.905213201	0.941987504	0.818943634
623	2.09240587	0.511268181	0.90495745	0.943198673	0.820854812
624	2.06714556	0.514779617	0.904611488	0.943749838	0.822686447
625	2.04255482	0.52505048	0.901926465	0.941871765	0.824381414
626	2.0154953	0.543070654	0.896399769	0.937636708	0.825989342
627	1.99355946	0.560278191	0.890924282	0.933364546	0.827609241
628	1.9843425	0.568109131	0.888393608	0.931375592	0.829340126
629	1.99710846	0.561450944	0.891049459	0.933458489	0.831287032
630	2.02589912	0.546432822	0.897039581	0.938168398	0.833385952
631	2.05494202	0.531283122	0.903082186	0.942949871	0.835477647
632	2.06846328	0.524230005	0.905895389	0.945247389	0.837402866
633	2.06476275	0.524808114	0.903917199	0.945356634	0.83908934
634	2.05640968	0.526116369	0.899454874	0.945435382	0.840645971
635	2.04798343	0.527436086	0.894953454	0.945483445	0.842181027
636	2.0440605	0.528050495	0.892857766	0.945499996	0.843802761
637	2.05294741	0.52744076	0.893722674	0.945365959	0.845549144
638	2.07363569	0.525843054	0.895822424	0.945003208	0.847364692
639	2.09613365	0.52367177	0.89831322	0.944485059	0.849222191
640	2.11044799	0.521341293	0.900351623	0.943884864	0.851094435
641	2.11575802	0.517935156	0.901987053	0.942752039	0.853000916
642	2.11932899	0.513323172	0.903631064	0.941032337	0.854949374
643	2.12258225	0.50925023	0.904903599	0.939455192	0.856890067
644	2.12693718	0.507461631	0.905424383	0.938750206	0.858773241
645	2.13486804	0.507673883	0.904515624	0.939408803	0.860573987
646	2.14541942	0.508206887	0.902466219	0.94095826	0.862324379
647	2.15467853	0.508878509	0.90039886	0.94268224	0.864059054
648	2.15873207	0.509507067	0.899436377	0.943864408	0.865812646
649	2.15138124	0.50996957	0.900130217	0.944505504	0.867578321
650	2.13253114	0.510385055	0.901695338	0.945068229	0.869342258
651	2.10779889	0.510934919	0.903274171	0.945469221	0.871132555
652	2.08280262	0.511800559	0.904009215	0.945624958	0.872977321
653	2.05156023	0.518882253	0.903616788	0.944562564	0.874914896
654	2.01246193	0.533372928	0.902703583	0.942166976	0.876924767
655	1.97894107	0.54771155	0.901712282	0.9397504	0.878944325
656	1.9644344	0.554335247	0.901085473	0.938625335	0.880910952
657	1.98148092	0.55163894	0.900814927	0.939124774	0.882805085
658	2.01992691	0.545214813	0.900589449	0.940350137	0.884662295
659	2.05870974	0.537879029	0.900434578	0.941833935	0.886499733
660	2.07676553	0.532446621	0.900375955	0.94310886	0.888334544
661	2.07048016	0.529006878	0.901285383	0.944236763	0.890167256
662	2.05629577	0.525891798	0.903336001	0.945421666	0.891989966
663	2.0419871	0.523508369	0.905404585	0.946360457	0.893808616
664	2.03532554	0.522264198	0.906367638	0.946749891	0.895629154
665	2.03815756	0.521794708	0.905244511	0.946284634	0.8974361
666	2.0445477	0.52143178	0.90271143	0.945189737	0.899231109
667	2.05099383	0.521196977	0.900156156	0.943970571	0.901048366
668	2.0539949	0.521112044	0.898966519	0.943132546	0.902922063
669	2.05147081	0.522315634	0.900285652	0.942675292	0.904901249
670	2.04577746	0.525029546	0.903260838	0.942273281	0.906959547
671	2.04003424	0.527767236	0.906262091	0.941986495	0.909014714
672	2.03736041	0.529041799	0.907659359	0.94187503	0.910984498
673	2.04510563	0.527147806	0.906604589	0.942823604	0.912822783
674	2.06257141	0.522876363	0.90422535	0.944962521	0.914584536
675	2.0801902	0.518567496	0.901825266	0.947120179	0.916337992
676	2.08839284	0.516561454	0.90070788	0.948124701	0.918151383
677	2.08109109	0.516561944	0.902048027	0.948010018	0.920070159
678	2.06462157	0.516565266	0.905070549	0.947710587	0.922052487
679	2.04800776	0.516570813	0.908119553	0.947307493	0.924035814
680	2.04027301	0.516578572	0.909539051	0.946881556	0.925957592
681	2.04056235	0.517350547	0.908807532	0.946285457	0.927787523
682	2.04138926	0.519079167	0.907157146	0.945495377	0.929565022
683	2.04264926	0.520820659	0.9054923	0.944803001	0.931330589
684	2.0442401	0.521631008	0.904717212	0.944500087	0.933124724
685	2.04730158	0.520716826	0.90519929	0.944935046	0.934961565
686	2.05282183	0.518325997	0.906286803	0.946018661	0.936818953
687	2.0603442	0.515086682	0.907383845	0.947370027	0.938684674
688	2.06941172	0.51162707	0.907894585	0.948608199	0.940546521
689	2.08765236	0.506641002	0.907702742	0.949855564	0.94239921
690	2.11565173	0.499935809	0.907219687	0.951251986	0.944249821
691	2.14141665	0.494028792	0.906606267	0.952393214	0.946104301
692	2.15295131	0.491437846	0.906023237	0.952874863	0.947968599
693	2.14285629	0.494822592	0.905388875	0.95238232	0.949855876
694	2.12008636	0.502456231	0.904650138	0.951189532	0.95175978
695	2.09711693	0.51015675	0.904035539	0.949780302	0.953655799
696	2.08642325	0.513741815	0.90377366	0.948638447	0.955519418
697	2.09345625	0.512812449	0.903796409	0.947740597	0.957329385
698	2.10992698	0.510343661	0.903865115	0.946845769	0.95910374
699	2.12806509	0.506920407	0.903977795	0.946156407	0.960877534
700	2.14010127	0.503126848	0.904132533	0.945875078	0.96268582
701	2.14608681	0.497018852	0.906123743	0.947506598	0.964547997
702	2.1512281	0.4883612	0.910375749	0.951185537	0.966443359
703	2.15483725	0.480593654	0.914620097	0.954896708	0.968347391
704	2.15622465	0.477156764	0.916587762	0.956624486	0.970235576
705	2.14644988	0.479278305	0.915788849	0.955547471	0.972115545
706	2.12440881	0.484268414	0.913986138	0.952983214	0.973996447
707	2.10217463	0.489815878	0.912167633	0.950057814	0.975852894
708	2.09182325	0.493609826	0.911321007	0.947897192	0.97765949
709	2.09926979	0.495653458	0.911407016	0.94650006	0.979379895
710	2.11606723	0.497444064	0.911601518	0.945207269	0.981038353
711	2.13301185	0.498718485	0.911797724	0.944253852	0.982702888
712	2.14090061	0.499213037	0.911889071	0.943875104	0.984441531
713	2.14015956	0.496588909	0.911670807	0.945354822	0.986298596
714	2.13812064	0.490671706	0.911172608	0.948691533	0.988234956
715	2.13515147	0.48470266	0.910654962	0.952057479	0.990193818
716	2.13161755	0.481923703	0.9103784	0.953624534	0.992118391
717	2.1241093	0.484626062	0.91032298	0.953019759	0.993986266
718	2.11218207	0.490721225	0.910280854	0.951603073	0.995830117
719	2.10109512	0.496869789	0.910253976	0.95004321	0.997673691
720	2.09610891	0.499732323	0.910244363	0.949008628	0.99954073
721	2.09756444	0.49928893	0.911292207	0.948494843	1.00143927
722	2.10084965	0.498264148	0.913762557	0.94805367	1.00335653
723	2.10416364	0.497172286	0.91652536	0.947744039	1.00528611
724	2.10570651	0.496526945	0.918450241	0.947625032	1.00722161
725	2.10118841	0.49630757	0.919536468	0.948402855	1.00934516
726	2.08857361	0.496131758	0.920500307	0.950156768	1.01160831
727	2.06974502	0.496014568	0.921192164	0.951926047	1.01363444
728	2.04658632	0.495971182	0.921462191	0.952749755	1.01504691
729	1.98787427	0.557296851	0.902641991	0.934366063	1.01581311
730	1.88895283	0.695574413	0.86020591	0.892913835	1.01633133
731	1.7954847	0.835063467	0.817398034	0.851098433	1.01684754
732	1.75314317	0.900004196	0.797468336	0.831630792	1.01760759
733	1.8042965	0.833622627	0.816862419	0.851526703	1.01903186
734	1.92260482	0.683843023	0.860605701	0.896401199	1.0211217
735	2.0493436	0.532604193	0.90473223	0.941668854	1.02346697
736	2.12578473	0.461846652	0.925275843	0.96274373	1.02565747
737	2.15387766	0.461301775	0.924642446	0.961866308	1.0276202
738	2.17665012	0.460926037	0.923059453	0.959798083	1.02956424
739	2.19196562	0.460699187	0.921107852	0.957521387	1.03147591
740	2.19767411	0.460621835	0.919362713	0.95601256	1.03334147
741	2.18413115	0.464896595	0.917689852	0.955335093	1.03513741
742	2.15359098	0.474535396	0.915863091	0.954813978	1.03687894
743	2.12278324	0.484258645	0.914387661	0.954390501	1.03861228
744	2.10844035	0.488785415	0.913768972	0.954006148	1.04038366
745	2.12003969	0.485647959	0.914757503	0.953645817	1.04220319
746	2.14620358	0.478570564	0.916986845	0.953326432	1.0440477
747	2.1725967	0.471431162	0.919235718	0.953033982	1.04591625
748	2.18488432	0.468107331	0.920282707	0.952754442	1.0478079
749	2.17825967	0.468844821	0.919950005	0.952499323	1.04973499
750	2.16331413	0.470509947	0.919153384	0.952269521	1.05169524
751	2.14823765	0.472189661	0.918234732	0.952032306	1.05366416
752	2.14121863	0.472971672	0.917535724	0.95175494	1.05561724
753	2.15760724	0.470031088	0.917076972	0.951330209	1.05755892
754	2.19456511	0.463400116	0.916660879	0.950791255	1.05949926
755	2.23184679	0.456711047	0.916328388	0.950326666	1.06141938
756	2.2492037	0.453596875	0.916120509	0.950125058	1.0633004
757	2.24084854	0.455680413	0.915998075	0.95077005	1.0651255
758	2.22059058	0.460487849	0.915896916	0.952224515	1.06690953
759	2.19661574	0.465607488	0.915827895	0.953691722	1.06868161
760	2.17710734	0.468627909	0.915801894	0.954374797	1.07047087
761	2.16190976	0.469484686	0.916527503	0.954245318	1.07230128
762	2.14690461	0.470021711	0.918163628	0.95393084	1.07415285
763	2.13506255	0.470503379	0.919814088	0.953558087	1.07598813
764	2.12935621	0.471193576	0.920582478	0.953253623	1.07776968
765	2.12800448	0.472590988	0.919940795	0.953010298	1.07945633
766	2.1269907	0.474537918	0.918493407	0.952766105	1.08107923
767	2.1263517	0.476274498	0.917033338	0.952577263	1.08271159
768	2.12612546	0.477040752	0.916353586	0.952500022	1.08442664
769	2.13718086	0.475925827	0.916380083	0.953315799	1.08626525
770	2.16293013	0.473118929	0.916457903	0.955155268	1.08818834
771	2.19097109	0.469551777	0.916580723	0.957010854	1.09015042
772	2.20889815	0.466156205	0.916742415	0.957874743	1.09210601
773	2.21690415	0.462449654	0.91748427	0.957673024	1.0940463
774	2.22362147	0.458125967	0.91892222	0.957173213	1.09599469
775	2.2282582	0.454526181	0.920347485	0.956557347	1.09795108
776	2.23001958	0.452991724	0.921051112	0.956007269	1.09991538
777	2.21810773	0.456321494	0.921125732	0.955481205	1.10191892
778	2.19124777	0.463830468	0.921180573	0.954907406	1.10395297
779	2.16415247	0.471405231	0.921214555	0.954444221	1.10595326
780	2.15153795	0.474931748	0.921226412	0.954250055	1.10785549
781	2.16700887	0.472595184	0.920379818	0.954838134	1.10960913
782	2.20263265	0.466912545	0.918470904	0.956164263	1.11126524
783	2.24040827	0.46014432	0.916545266	0.957502011	1.112913
784	2.2623336	0.454550664	0.915648763	0.958124815	1.11464161
785	2.2692429	0.449973032	0.917609895	0.957878363	1.11649954
786	2.27472519	0.445331517	0.922032469	0.957322244	1.1184368
787	2.27835047	0.441721913	0.926493791	0.956761253	1.12039657
788	2.27968448	0.4402406	0.928570811	0.956500078	1.12232204
789	2.27453371	0.440248728	0.92758035	0.956540995	1.12419086
790	2.26217789	0.440274648	0.925298404	0.956652184	1.1260357
791	2.24784982	0.440317543	0.922877597	0.95681152	1.12788016
792	2.23678354	0.440377012	0.921470246	0.956996943	1.12974784
793	2.22890146	0.441738059	0.921023612	0.957333812	1.13164102
794	2.22135144	0.444715126	0.920668909	0.957845372	1.1335486
795	2.21566545	0.447700933	0.920434187	0.958339297	1.13547595
796	2.21337671	0.449087788	0.920347767	0.958623216	1.13742842
797	2.22122027	0.446409969	0.921239289	0.958723548	1.13942558
798	2.23890741	0.440371076	0.92324955	0.958803097	1.1414602
799	2.25674952	0.434279273	0.925277424	0.958855663	1.14349542
800	2.26505611	0.431443165	0.926221524	0.958874995	1.14549434
801	2.25985503	0.434151028	0.925177251	0.958815451	1.14743322
802	2.24812202	0.440314887	0.922821983	0.958652006	1.1493364
803	2.23628621	0.44667424	0.92044608	0.958413742	1.15123902
804	2.23077592	0.449968573	0.919339952	0.958129754	1.15317621
805	2.23268968	0.450484877	0.919760951	0.957522263	1.15516733
806	2.23700853	0.450871438	0.92075842	0.956554854	1.1571916
807	2.24136523	0.451114871	0.921884	0.955654962	1.15922452
808	2.24339354	0.451200996	0.922689533	0.955250119	1.16124161
809	2.23609109	0.45117846	0.923174306	0.955572525	1.1632602
810	2.21962411	0.451127595	0.923612644	0.956299757	1.1652867
811	2.20301286	0.451076285	0.923931212	0.957033361	1.16727574
812	2.19527931	0.451052396	0.92405657	0.957374898	1.16918194
813	2.19648619	0.453873121	0.922281185	0.95691967	1.17095976
814	2.19921265	0.460233327	0.918277959	0.95589299	1.17264859
815	2.201963	0.466649257	0.914239659	0.954857314	1.17433258
816	2.20324346	0.469636266	0.912359582	0.954375143	1.17609587
817	2.20299424	0.465224892	0.914570053	0.954489581	1.17799836
818	2.20243144	0.455276091	0.919555501	0.95479852	1.17998908
819	2.20186371	0.445240126	0.924584628	0.955237395	1.18198558
820	2.2015994	0.440567767	0.926925995	0.955741755	1.18390542
821	2.20554272	0.442898906	0.924701262	0.95666453	1.18570429
822	2.21511521	0.448158307	0.919683346	0.958047621	1.18743567
823	2.22648433	0.453463787	0.914621468	0.959311083	1.18916242
824	2.23581639	0.455933815	0.912264852	0.959874836	1.19094738
825	2.242103	0.454607589	0.914596567	0.959533503	1.19281688
826	2.24755516	0.451264125	0.919855713	0.958763492	1.194737
827	2.25296589	0.447007374	0.925160936	0.957986736	1.19668236
828	2.25912764	0.44294095	0.927630844	0.957625108	1.19862762
829	2.26805716	0.438468003	0.927292598	0.957947525	1.20057979
830	2.27895677	0.433229589	0.926499617	0.958674757	1.20254858
831	2.2882077	0.428860661	0.925627633	0.959408361	1.2045095
832	2.29219068	0.426996645	0.925051749	0.959749898	1.20643802
833	2.29030922	0.427407369	0.92476911	0.959617195	1.20831851
834	2.28519326	0.428534893	0.92452708	0.959317747	1.21016739
835	2.27784139	0.430175945	0.924357544	0.959015675	1.21200815
836	2.2692516	0.432127666	0.92429247	0.958875042	1.21386431
837	2.25245273	0.436259589	0.924552897	0.959140609	1.21574058
838	2.22658793	0.442814856	0.92517672	0.959739506	1.21762495
839	2.20276541	0.448906024	0.925898004	0.96034365	1.21951733
840	2.1920959	0.451644988	0.926450749	0.960624916	1.22141761
841	2.20088891	0.450343949	0.926837991	0.960112754	1.22332024
842	2.22072247	0.447408551	0.927206624	0.958957738	1.22522691
843	2.2407298	0.444447435	0.927483225	0.957792603	1.22714915
844	2.25004444	0.443068853	0.927594309	0.957250161	1.22909846
845	2.2403434	0.44326604	0.926886756	0.957515609	1.23110184
846	2.2184632	0.44380687	0.925291291	0.958114506	1.23314717
847	2.1963913	0.444592127	0.923681848	0.95871865	1.23518476
848	2.18611547	0.445522948	0.922932554	0.958999916	1.23716492
849	2.19408307	0.447132106	0.923752552	0.958944353	1.23906263
850	2.21205536	0.449624232	0.925601992	0.958797804	1.24090985
851	2.23018512	0.452337635	0.927467636	0.958596959	1.2427413
852	2.23862563	0.454610437	0.928336208	0.958378438	1.2445917
853	2.225942	0.45657026	0.928039002	0.95810886	1.24647381
854	2.19733719	0.458534583	0.927275226	0.957757961	1.24836821
855	2.16848176	0.460052578	0.926270694	0.957374063	1.25026282
856	2.15504779	0.460673218	0.925251045	0.957005505	1.25214551
857	2.17090499	0.458321637	0.924097991	0.956599006	1.25402008
858	2.20666892	0.453018884	0.922709096	0.956147507	1.2558911
859	2.24274619	0.447669673	0.921368298	0.955779884	1.25774602
860	2.25954238	0.445179286	0.920359626	0.955625044	1.25957233
861	2.25068087	0.447124193	0.919613911	0.956061358	1.26134568
862	2.22989715	0.451511255	0.918931146	0.95704526	1.26307952
863	2.2069404	0.455936753	0.918430977	0.958037782	1.26482007
864	2.19155758	0.457997095	0.918233137	0.958499863	1.26661357
865	2.18370298	0.457257126	0.919582309	0.958258197	1.26848891
866	2.17691345	0.455405628	0.922624555	0.957689987	1.27041906
867	2.17212605	0.453081026	0.925693455	0.957058966	1.27236665
868	2.17028007	0.450921358	0.927122216	0.956628808	1.27429431
869	2.18431095	0.449093172	0.926900759	0.956399025	1.27618336
870	2.21614477	0.447255299	0.926388726	0.956198131	1.27805626
871	2.24874995	0.445318687	0.925842695	0.956055362	1.27993652
872	2.26509099	0.443194374	0.925518891	0.956000015	1.28184765
873	2.26658155	0.440260942	0.925407351	0.957024492	1.28380675
874	2.26739103	0.436693611	0.925317795	0.959334523	1.28579902
875	2.26809588	0.433670501	0.925258012	0.961664793	1.28779994
876	2.26926847	0.432369924	0.925235855	0.962749677	1.28978502
877	2.27127304	0.432933076	0.925242847	0.962356491	1.29175561
878	2.2741998	0.434203713	0.925258625	0.96143598	1.29372263
879	2.27822396	0.435485484	0.925274542	0.960423827	1.29567357
880	2.28352079	0.436082226	0.925281953	0.959755517	1.29759594
881	2.29838538	0.435504014	0.924854013	0.959427714	1.29947078
882	2.32376519	0.433983095	0.923889088	0.959147049	1.30130996
883	2.34783054	0.431903599	0.922915709	0.958950469	1.30314858
884	2.35874904	0.429649647	0.922462541	0.95887502	1.30502173
885	2.35855627	0.426260298	0.923022695	0.959804632	1.30694298
886	2.35796616	0.421607588	0.924288103	0.961900771	1.3088932
887	2.356998	0.417478726	0.925569788	0.964015275	1.3108599
888	2.35566795	0.415661337	0.926178734	0.964999707	1.31283056
889	2.3382471	0.418864616	0.926193688	0.963975508	1.3148087
890	2.30101076	0.42608858	0.926200585	0.961665477	1.31679913
891	2.26383429	0.433375835	0.926207284	0.959335207	1.31878975
892	2.24659806	0.436768501	0.926221475	0.958250323	1.32076847
893	2.26458715	0.433900777	0.926483041	0.958441998	1.32272718
894	2.30516062	0.427432337	0.927044764	0.958945067	1.32467379
895	2.34608956	0.420907226	0.927606108	0.959629005	1.32662021
896	2.3651445	0.417869386	0.927866464	0.960363554	1.32857835
897	2.3605946	0.4182932	0.927826682	0.96143909	1.33057521
898	2.34958582	0.419365827	0.927716786	0.962896673	1.3325978
899	2.33662707	0.420737055	0.927555568	0.9641843	1.33459555
900	2.32622301	0.422057448	0.927361752	0.964749836	1.33651788
901	2.31954427	0.423385875	0.9270392	0.964048033	1.3383197
902	2.3139238	0.424875686	0.926528871	0.962465234	1.34004127
903	2.30834752	0.426280937	0.925917438	0.960868568	1.34176157
904	2.301802	0.42735558	0.925291606	0.960125221	1.34355961
905	2.29184192	0.42818583	0.924508091	0.960295749	1.34549097
906	2.27939445	0.428950951	0.923557184	0.960680754	1.34750816
907	2.26872865	0.42951375	0.922752008	0.961069132	1.34953541
908	2.26411418	0.429736951	0.92240576	0.961249946	1.35149691
909	2.26894977	0.428243766	0.923377141	0.960934353	1.35337448
910	2.28068858	0.424876786	0.925567643	0.960147559	1.35521012
911	2.29462431	0.421480306	0.927777337	0.959165033	1.35701411
912	2.30605055	0.419899036	0.928806085	0.958262284	1.3587967
913	2.3136206	0.423492222	0.927843523	0.95734757	1.36052773
914	2.32008318	0.431595224	0.925672441	0.956320551	1.36221188
915	2.32664079	0.439769218	0.923482337	0.955480079	1.36391651
916	2.33449531	0.443574715	0.922462709	0.955125101	1.365709
917	2.34408649	0.437047605	0.924386797	0.956358185	1.36764828
918	2.35515435	0.422092796	0.928725927	0.959138778	1.36969409
919	2.36790979	0.406416132	0.933103073	0.961943733	1.37176348
920	2.38256385	0.397724372	0.935140903	0.963249611	1.37377348
921	2.40530626	0.395533145	0.934500943	0.962870559	1.37568628
922	2.43533593	0.393836082	0.933056589	0.962014991	1.37755189
923	2.46161526	0.392735962	0.931599581	0.961151928	1.37941676
924	2.4731046	0.392337404	0.930921254	0.96075012	1.38132733
925	2.44976593	0.396451239	0.931705612	0.96084486	1.38331473
926	2.39632907	0.405727377	0.933474642	0.961058752	1.3853503
927	2.34039857	0.415084785	0.935259171	0.961274518	1.38739079
928	2.30958303	0.419441234	0.936089978	0.96137497	1.38939297
929	2.30208341	0.418903116	0.935517369	0.960938642	1.3913375
930	2.29629384	0.417686839	0.934129122	0.95995474	1.39325039
931	2.29255091	0.416459906	0.93248581	0.958962218	1.39515516
932	2.29119783	0.415888694	0.931147929	0.958500137	1.39707533
933	2.29748101	0.417486863	0.930085742	0.958639358	1.39902146
934	2.31164915	0.42109081	0.92902278	0.959011241	1.40097988
935	2.32594141	0.424726332	0.928202033	0.959531413	1.40293849
936	2.33259534	0.426418891	0.927866635	0.960115598	1.4048852
937	2.3245482	0.425426597	0.928397969	0.961098859	1.40681774
938	2.30639898	0.422992584	0.929596237	0.962520728	1.40874238
939	2.28809075	0.420045608	0.930805002	0.963804874	1.41065902
940	2.27956714	0.417514222	0.931367757	0.964374834	1.41256756
941	2.29933655	0.415623545	0.930765173	0.963957614	1.41446225
942	2.34391848	0.413869674	0.929406085	0.963016491	1.41634485
943	2.38889101	0.412139781	0.928035089	0.962067121	1.41822726
944	2.40982848	0.410321175	0.927396806	0.961625132	1.42012138
945	2.40413583	0.407997626	0.928537794	0.962137246	1.42221447
946	2.38806547	0.405334011	0.931110928	0.963292262	1.42444824
947	2.36375335	0.403133491	0.933706606	0.964457397	1.42644295
948	2.33333077	0.402199345	0.934915054	0.964999839	1.42781878
949	2.2764807	0.443910772	0.92117115	0.954927031	1.42871966
950	2.17681576	0.549781889	0.88554239	0.927829331	1.42950093
951	2.04468415	0.686311475	0.837934555	0.889463714	1.43005301
952	1.89044037	0.819986126	0.788257119	0.845589899	1.4302662
953	1.61615984	0.974385231	0.721015263	0.766802157	1.42943562
954	1.21692417	1.15994651	0.633368588	0.649630154	1.42738248
955	0.855592389	1.31746119	0.557035191	0.542853736	1.42485809
956	0.695058632	1.3877043	0.523740806	0.495263872	1.42261392
957	0.699647886	1.39171427	0.531207899	0.498570113	1.42079402
958	0.710610482	1.39460461	0.548724653	0.506056325	1.41901157
959	0.722950395	1.39636652	0.568050672	0.513608126	1.41726916
960	0.731716893	1.39697254	0.580952837	0.517123954	1.41556954
961	0.736882041	1.39631268	0.58747555	0.516978216	1.41392819
962	0.741511674	1.3948245	0.593100216	0.516542599	1.412337
963	0.744882182	1.39332327	0.597059574	0.51583993	1.41076145
964	0.746268836	1.39262436	0.598584495	0.514892031	1.40916702
965	0.746366158	1.39799651	0.595604388	0.509149946	1.40745226
966	0.746436344	1.41011014	0.588883895	0.497037209	1.40566153
967	0.746479104	1.4223299	0.582104522	0.483559855	1.40398923
968	0.746493804	1.42801895	0.578948307	0.473725338	1.40262975
969	0.744262889	1.419645	0.590089457	0.467459767	1.4016688
970	0.739232599	1.40075955	0.615212714	0.461729343	1.40091609
971	0.734158236	1.38170863	0.640556084	0.457534153	1.40015613
972	0.731795808	1.37283926	0.65235498	0.455875454	1.39917348
973	0.744187562	1.38193104	0.634298015	0.471090601	1.39773257
974	0.772130158	1.40243719	0.593575132	0.505398843	1.39588666
975	0.800317566	1.423123	0.552495463	0.54000767	1.39386253
976	0.813440538	1.43275352	0.533370352	0.556120206	1.39188699
977	0.795349355	1.42583985	0.535853376	0.546676908	1.38997311
978	0.754548428	1.41024438	0.542139853	0.525373287	1.38801263
979	0.713390033	1.39451228	0.550179102	0.503883018	1.38606857
980	0.69422827	1.38718802	0.557925389	0.493877977	1.38420401
981	0.704006201	1.38718882	0.566088858	0.494363371	1.38237949
982	0.726066401	1.38719789	0.575465545	0.495650723	1.38057279
983	0.748319877	1.387213	0.5838672	0.497417656	1.37888338
984	0.758680239	1.38723409	0.58910484	0.49934463	1.37741079
985	0.751564251	1.38838788	0.591177151	0.501214621	1.37598711
986	0.735512123	1.39095677	0.592337639	0.503444561	1.37457091
987	0.719319358	1.39354199	0.593617084	0.506671011	1.37348109
988	0.71178063	1.39474442	0.596045825	0.511530549	1.37303663
989	0.9435344	1.30569534	0.629287289	0.561694312	1.37324988
990	1.48493115	1.09193481	0.703564662	0.671210178	1.37382521
991	2.07844151	0.843672942	0.787436277	0.79129273	1.37464251
992	2.46646614	0.651146829	0.849451523	0.873143082	1.37558176
993	2.65155324	0.513092999	0.889658765	0.917301306	1.3769461
994	2.80902869	0.380614104	0.926653917	0.955869132	1.37891362
995	2.9188316	0.280421679	0.954131477	0.983258992	1.38113178
996	2.96084249	0.239248719	0.965778692	0.993872131	1.38324788
997	2.960584	0.23802447	0.96690872	0.993816009	1.38519306
998	2.95864268	0.237153039	0.967727682	0.993391474	1.38714831
999	2.95333107	0.236627341	0.968227233	0.992229912	1.3891136
1000	2.94295045	0.236451248	0.968396226	0.989959839	1.39108884
