kimg	g_loss	d_loss	real_sign_proxy	fake_sign_proxy	ada_p
0	0.661917716	2.21647364	0.5	0.21875	0
1	4.34928101	1.56624398	0.661792658	0.490866709	0.0014297169
2	7.4651561	0.988322936	0.805574829	0.732757069	0.00293920727
3	9.59965485	0.574614102	0.909077692	0.905157039	0.0045028404
4	10.4060895	0.406212357	0.952725257	0.973321377	0.00611776193
5	10.1354244	0.396040463	0.95798826	0.975309217	0.00782105187
6	9.47865915	0.390482963	0.961821527	0.976725206	0.00960850421
7	8.70048778	0.385910579	0.964175449	0.97758211	0.0114103709
8	8.06547248	0.37873488	0.964990397	0.977874927	0.0131568905
9	7.55893765	0.362739405	0.963323944	0.976622863	0.0148104205
10	7.05101074	0.339892635	0.959565902	0.973799498	0.0164150951
11	6.65838877	0.319342732	0.955774918	0.970951384	0.0180226104
12	6.49783629	0.310239099	0.95400996	0.969625395	0.0196846589
13	6.61094682	0.315775954	0.957780103	0.969958878	0.0214255542
14	6.86609366	0.328266632	0.966282346	0.970838166	0.0232172122
15	7.1234772	0.340866807	0.974859122	0.972043235	0.025034177
16	7.24330673	0.346733044	0.978852194	0.973354359	0.0268509969
17	6.88842442	0.332433197	0.978714109	0.975009466	0.028665705
18	6.08814107	0.299371545	0.97834076	0.977179504	0.0304905954
19	5.280842	0.26397287	0.977814946	0.979497217	0.0323196214
20	4.90498939	0.242664688	0.977218323	0.981595223	0.034146731
21	5.17945727	0.234891263	0.976438225	0.983687897	0.0359860124
22	5.7985909	0.228597145	0.975356986	0.985894989	0.0378362534
23	6.4231522	0.22436777	0.974067917	0.987647133	0.0396660809
24	6.71392795	0.222792387	0.972664387	0.988374795	0.0414441156
25	6.56397196	0.245450471	0.971150206	0.987517319	0.043143546
26	6.1996669	0.296541766	0.969418088	0.985300014	0.0447887019
27	5.76680899	0.348080956	0.967400953	0.982350461	0.0464257009
28	5.41115373	0.372075954	0.965031739	0.979296291	0.0481006626
29	5.17205079	0.363808301	0.962308588	0.976281029	0.0498993412
30	4.96525516	0.345149952	0.959034411	0.972833008	0.0517772779
31	4.7587	0.326328043	0.954838092	0.968690231	0.0535781831
32	4.52033901	0.317565188	0.949348486	0.963590791	0.0551457483
33	4.21399757	0.344202424	0.939468035	0.956360609	0.0566464731
34	3.85775171	0.410531565	0.923965743	0.946541971	0.0581462433
35	3.5026551	0.493190714	0.90558616	0.935055413	0.0593033474
36	3.19976604	0.568812542	0.887074692	0.922821767	0.0597759806
37	2.92259675	0.640388202	0.864952794	0.907547544	0.0597761124
38	2.64685606	0.717770236	0.838754351	0.889113215	0.0597761124
39	2.43464823	0.785433069	0.816434228	0.872072284	0.0597761124
40	2.3480985	0.827844488	0.805949157	0.86097926	0.0597761124
41	2.36217513	0.849882229	0.804522393	0.854810313	0.0597372579
42	2.39396998	0.86751798	0.803472498	0.849605825	0.0596496473
43	2.42604352	0.880103151	0.802821617	0.845999255	0.0595612688
44	2.44097589	0.886984391	0.802594397	0.844625368	0.0595201227
45	2.39163644	0.889761054	0.802992266	0.846351434	0.0595298035
46	2.27621125	0.891349137	0.803889523	0.850244256	0.0595568912
47	2.14930264	0.892878532	0.804794645	0.854171201	0.0595973763
48	2.06552387	0.895478611	0.80521604	0.855999456	0.0596472589
49	2.02445514	0.902659394	0.804092629	0.855411874	0.0597750838
50	1.98929676	0.914809398	0.801128117	0.854085748	0.0599911527
51	1.96467385	0.928063806	0.797053146	0.852747997	0.0601954881
52	1.95522396	0.938556956	0.792598557	0.852125185	0.0602880891
53	1.96907168	0.946646016	0.785726768	0.852671969	0.0599578526
54	2.00566266	0.954442434	0.776178335	0.85418232	0.0592131629
55	2.05605957	0.960335279	0.767669205	0.856402761	0.0584619457
56	2.11132359	0.962712599	0.763916184	0.859079843	0.0581122039
57	2.19739654	0.943899612	0.7695773	0.864814368	0.0581509543
58	2.31753578	0.901477975	0.78234463	0.874101285	0.0582385649
59	2.42476386	0.858684492	0.795223873	0.883194019	0.0583269434
60	2.47209246	0.838761271	0.801220019	0.888345092	0.0583680895
61	2.46110006	0.840227329	0.800686885	0.889692294	0.0583486744
62	2.43628303	0.843546425	0.799480731	0.890454221	0.0583048692
63	2.41124848	0.846894614	0.798264004	0.891193545	0.0582606799
64	2.39959322	0.84845342	0.797697537	0.892472094	0.0582401069
65	2.49132998	0.825643442	0.805098634	0.897028461	0.0586925478
66	2.69818892	0.774209693	0.821787254	0.904930781	0.0597514848
67	2.90686109	0.722325102	0.838622159	0.912454422	0.060917163
68	3.0040119	0.698169364	0.84645993	0.915873993	0.0616896929
69	2.9763919	0.704178609	0.843157319	0.915018452	0.0620725019
70	2.90537004	0.719447646	0.83503695	0.912823488	0.0624010417
71	2.8118962	0.739134274	0.825164401	0.909946235	0.0626315401
72	2.7168995	0.758401688	0.816603919	0.907043073	0.062720111
73	2.61219804	0.777928834	0.809745049	0.904148939	0.0626188188
74	2.48741032	0.799988849	0.803038774	0.90087183	0.0623612911
75	2.36300257	0.821627302	0.796860056	0.897279065	0.0620283641
76	2.25944871	0.839888386	0.791584447	0.8934381	0.0617008806
77	2.16860919	0.856383986	0.786621917	0.888322058	0.0613166019
78	2.07965569	0.872626342	0.781762093	0.882124104	0.0608511813
79	2.01180425	0.885054335	0.778055055	0.876879942	0.0604574212
80	1.98427842	0.890105612	0.77655117	0.874625646	0.0602881648
81	2.00298413	0.88193939	0.779751732	0.875847088	0.0606288912
82	2.04863619	0.861884019	0.787453147	0.878924733	0.061454279
83	2.10338319	0.837530689	0.796438889	0.882839433	0.0624302765
84	2.1493757	0.816471668	0.803491868	0.88657232	0.0632227758
85	2.18472381	0.799703722	0.808359683	0.890342315	0.0637374894
86	2.21865247	0.78337027	0.812838666	0.894572977	0.0641715226
87	2.24866948	0.768320718	0.816540157	0.898434482	0.0646111089
88	2.27227909	0.755405928	0.819074831	0.901096689	0.0651424364
89	2.29135719	0.743993378	0.820549141	0.902776115	0.065843109
90	2.30848031	0.73339416	0.821587054	0.904207323	0.0666825729
91	2.32178671	0.724520434	0.822538844	0.905245888	0.0675830116
92	2.32941351	0.718284759	0.823754685	0.905747138	0.0684666042
93	2.33317359	0.713828531	0.825815523	0.90590394	0.0693712435
94	2.336177	0.709944815	0.82846771	0.906022657	0.0703220253
95	2.33817315	0.707191059	0.830766399	0.906098099	0.0712101357
96	2.33891055	0.706125162	0.831766629	0.906124993	0.0719267288
97	2.32850236	0.710290528	0.829701792	0.90549893	0.0724401528
98	2.3050332	0.719683385	0.825045279	0.904087248	0.0728521937
99	2.28135832	0.729158574	0.820347949	0.902663191	0.0732497325
100	2.27033608	0.733569907	0.818161029	0.902000197	0.0737196381
101	2.28364443	0.726273906	0.820546454	0.902596962	0.0743142859
102	2.31365995	0.709819676	0.82592666	0.904030031	0.0749937439
103	2.34393857	0.693221217	0.831354026	0.90569455	0.0757076085
104	2.35803528	0.685493528	0.833880826	0.906985681	0.0764054793
105	2.34496604	0.685654431	0.83360226	0.907825065	0.0770904037
106	2.31548761	0.686093104	0.832898282	0.908564879	0.0777845816
107	2.28575078	0.686713399	0.832001588	0.909204258	0.0784614995
108	2.27190631	0.68742142	0.831144206	0.909742223	0.079094631
109	2.27746295	0.688547889	0.830236879	0.910249145	0.0796526824
110	2.29000156	0.690186287	0.829193699	0.910735573	0.0801610313
111	2.30265008	0.691838965	0.828283684	0.911102266	0.080680004
112	2.3085388	0.693008141	0.827775941	0.911249959	0.0812699318
113	2.30104939	0.693746177	0.827622594	0.910244494	0.0819949344
114	2.28359443	0.694401114	0.827536185	0.907977246	0.082825196
115	2.26456874	0.694871246	0.827452109	0.905690125	0.0836774933
116	2.25236769	0.695054739	0.82730583	0.904625317	0.0844685957
117	2.24686785	0.694935261	0.826769156	0.905296638	0.0851506573
118	2.24224452	0.694581129	0.82583085	0.906949721	0.085778914
119	2.23904877	0.694011044	0.824935659	0.908966063	0.086423744
120	2.23783356	0.693243687	0.824528422	0.910727274	0.0871555224
121	2.24982187	0.68795167	0.825983552	0.912337534	0.0880857726
122	2.27685424	0.677186065	0.829264898	0.914055842	0.0891708552
123	2.30412357	0.666546505	0.832575006	0.915428052	0.0902405573
124	2.31681926	0.661634011	0.834116082	0.915999839	0.0911246452
125	2.3034494	0.665443569	0.832690095	0.914577119	0.0917657741
126	2.27329406	0.674036781	0.829473692	0.911368758	0.0922940534
127	2.24287432	0.682705335	0.82622909	0.908132267	0.0928137644
128	2.22871176	0.686741167	0.824718495	0.906625449	0.0934291704
129	2.24110979	0.684807231	0.824751087	0.907839179	0.0942047522
130	2.26995443	0.680112338	0.824850071	0.910576982	0.0950972788
131	2.30126388	0.674542582	0.825011499	0.913338794	0.0960507874
132	2.32105667	0.669983446	0.825231862	0.914624617	0.0970093183
133	2.32959329	0.666324079	0.827472171	0.914608994	0.0979953508
134	2.33670682	0.662644824	0.832186144	0.914561112	0.0990297304
135	2.34159228	0.659796624	0.836877694	0.914483153	0.100046217
136	2.34344146	0.658630906	0.839050106	0.91437692	0.100978549
137	2.33804579	0.659133827	0.837884711	0.913359185	0.101805802
138	2.3250048	0.660443169	0.835255453	0.911226941	0.10257351
139	2.30965243	0.662203172	0.832603137	0.909106709	0.103312208
140	2.29732376	0.664058253	0.831368293	0.908125292	0.104052422
141	2.28931617	0.666636873	0.831785089	0.908295744	0.104806807
142	2.28249698	0.670043136	0.832725735	0.908680747	0.10555804
143	2.27584989	0.673024483	0.833674631	0.909069127	0.106292734
144	2.26835939	0.674328058	0.83411641	0.909249946	0.106997508
145	2.25888765	0.673168291	0.833795594	0.909210617	0.107616139
146	2.24810645	0.670495909	0.833071903	0.909102194	0.108172825
147	2.23777067	0.667658174	0.832341866	0.908943472	0.108781009
148	2.22963531	0.666002334	0.832001981	0.9087532	0.109554155
149	2.22306591	0.665585188	0.833769374	0.908334572	0.110753425
150	2.2168947	0.66536077	0.837830515	0.907661211	0.112366706
151	2.21230125	0.66512361	0.842117661	0.907033048	0.114076252
152	2.21046572	0.664668514	0.844562617	0.906750083	0.115564258
153	2.23179053	0.659779225	0.845134482	0.907698577	0.116739214
154	2.27987614	0.649561764	0.845453917	0.909837486	0.117794181
155	2.32838345	0.639273245	0.845767759	0.911995152	0.118822628
156	2.3509671	0.634172074	0.846322404	0.912999701	0.119917983
157	2.35079051	0.633737221	0.848545586	0.911956565	0.121125896
158	2.35037715	0.633505602	0.852523672	0.909603766	0.122394293
159	2.34996017	0.633301007	0.856341172	0.907230333	0.123672392
160	2.34976603	0.632948522	0.858082193	0.906125329	0.12490942
161	2.35485963	0.631912705	0.856712794	0.906145832	0.12607689
162	2.3663451	0.630239834	0.853623833	0.906202003	0.127207338
163	2.3779313	0.628677476	0.850507782	0.906281798	0.128340784
164	2.3833255	0.627973333	0.849057036	0.906373499	0.129517244
165	2.37840688	0.629092059	0.849534997	0.906490687	0.130750033
166	2.36616718	0.631786518	0.850613706	0.906655276	0.132019277
167	2.35093928	0.634935809	0.851701875	0.906865747	0.133317055
168	2.33705594	0.637418897	0.852208496	0.907120569	0.134635455
169	2.32488152	0.639265272	0.851773056	0.907470852	0.135988825
170	2.31233032	0.641063712	0.850671666	0.907956494	0.137377862
171	2.3003948	0.642431395	0.849260787	0.908553649	0.138771638
172	2.29006831	0.642985226	0.847896861	0.909238456	0.140139216
173	2.28025244	0.6420853	0.846357206	0.910110845	0.141484759
174	2.27049801	0.63980718	0.844529637	0.911222945	0.142821741
175	2.26299578	0.636883823	0.842996527	0.91246574	0.144129939
176	2.25993708	0.634048303	0.842340413	0.913730181	0.145389119
177	2.26999993	0.630823815	0.843151038	0.915277028	0.146570528
178	2.29269219	0.626981678	0.845137677	0.917090649	0.147694941
179	2.31558345	0.623753328	0.847540114	0.918603974	0.148818456
180	2.32624098	0.62237054	0.849598075	0.919249815	0.149997177
181	2.3179905	0.623353025	0.851328873	0.917504618	0.151246387
182	2.29881296	0.625693625	0.853089207	0.913569026	0.152539486
183	2.27804168	0.628367527	0.854558879	0.909598921	0.153872793
184	2.2650094	0.630350009	0.855417504	0.907750551	0.155242636
185	2.25963025	0.631642898	0.855802243	0.908755492	0.156657479
186	2.2552643	0.632842685	0.856095256	0.911022735	0.15811961
187	2.25218985	0.633729103	0.856304152	0.913309861	0.159614741
188	2.25068728	0.634081645	0.856436435	0.914374683	0.161128579
189	2.25014901	0.633305214	0.856526982	0.91289522	0.162715795
190	2.24973877	0.631337186	0.856602104	0.909558522	0.164368469
191	2.24947657	0.628805882	0.856653517	0.906192563	0.165970054
192	2.24938266	0.626339758	0.856672927	0.904625467	0.16740398
193	2.25009364	0.623507694	0.85562437	0.905270032	0.168603678
194	2.25187837	0.62011589	0.85326001	0.90672449	0.16966566
195	2.25413535	0.617259765	0.850874915	0.908191703	0.170716967
196	2.25626286	0.616035035	0.849764482	0.908874796	0.171884636
197	2.2579598	0.616686314	0.851561589	0.908479294	0.173233102
198	2.25959271	0.618373063	0.855614562	0.907483621	0.174701627
199	2.26154775	0.620621508	0.859703077	0.906219089	0.17623267
200	2.264211	0.622958031	0.861606575	0.905016925	0.177768699
201	2.26912285	0.626086997	0.860668793	0.903708298	0.179317262
202	2.27676218	0.630143503	0.858552945	0.902183962	0.18090354
203	2.28578251	0.633669243	0.856418543	0.90091563	0.182490413
204	2.29483693	0.635205556	0.855424825	0.900375154	0.184040744
205	2.30326411	0.633989671	0.855445115	0.901889639	0.185533796
206	2.31194952	0.630806957	0.85550564	0.905500322	0.186993413
207	2.32183588	0.626489366	0.855602174	0.909634157	0.188448771
208	2.33386585	0.621868764	0.855730785	0.912717779	0.189929048
209	2.35474232	0.615171405	0.856319392	0.914755949	0.19145529
210	2.38359855	0.606139626	0.857525194	0.916656076	0.193008645
211	2.40926719	0.598174951	0.858888723	0.918063912	0.194558277
212	2.42057884	0.594679698	0.859950379	0.918624846	0.196073349
213	2.39699727	0.596305316	0.860728665	0.91673914	0.197569301
214	2.34292448	0.600501396	0.861475056	0.91248072	0.199056889
215	2.28613313	0.606063084	0.862037564	0.908169685	0.200493545
216	2.2544	0.611786056	0.862264088	0.906126581	0.201836688
217	2.2465108	0.619260882	0.860203092	0.906071411	0.203048716
218	2.2408006	0.628829182	0.855555692	0.906032064	0.20417018
219	2.23675392	0.637105357	0.850867535	0.906008184	0.205277127
220	2.23386176	0.640702973	0.848684861	0.906000002	0.20644561
221	2.23198648	0.639556581	0.849395415	0.906483639	0.207694817
222	2.23081567	0.636608067	0.851134323	0.907630328	0.208987916
223	2.22953707	0.632725059	0.853228677	0.908928322	0.210321223
224	2.2273383	0.628774491	0.855005999	0.909865725	0.211691066
225	2.2161175	0.624296807	0.85638338	0.910422093	0.213114393
226	2.19481701	0.618892621	0.857707582	0.91091251	0.214591095
227	2.1740854	0.613652317	0.858902504	0.911287691	0.216089455
228	2.16457368	0.609666638	0.859891911	0.911498238	0.217577747
229	2.19090577	0.606664417	0.860785806	0.911577362	0.219068508
230	2.25028732	0.603896329	0.861642233	0.911620529	0.22057271
231	2.31018962	0.601859554	0.862287264	0.911665033	0.222051854
232	2.33807845	0.601051606	0.862546921	0.911748152	0.223467428
233	2.31869652	0.601525873	0.861823953	0.912308193	0.224775214
234	2.2739629	0.602801331	0.8601936	0.913413989	0.226009699
235	2.22629296	0.60460503	0.85854895	0.914499825	0.227252905
236	2.19809987	0.606664106	0.857783247	0.914999852	0.22858686
237	2.18849223	0.610337793	0.85814945	0.91376685	0.230089047
238	2.18078975	0.615786333	0.858975702	0.910986269	0.23170954
239	2.17565415	0.620747223	0.8598092	0.908181303	0.233336617
240	2.17375239	0.622957441	0.860197253	0.906875389	0.23485855
241	2.18736666	0.621313561	0.859893802	0.90835478	0.236226559
242	2.21806604	0.617605387	0.859180796	0.911691478	0.237512974
243	2.24903465	0.613864693	0.858389828	0.915057437	0.238784423
244	2.26345276	0.612123131	0.857852472	0.916624533	0.240107524
245	2.24809818	0.613031996	0.857609479	0.915524651	0.241524439
246	2.21217729	0.615082531	0.85743261	0.913043517	0.242994716
247	2.17269951	0.617151048	0.857272315	0.910540624	0.244461471
248	2.14667475	0.618114092	0.857079102	0.909375347	0.245867821
249	2.13396733	0.61731994	0.856780131	0.909988209	0.247177426
250	2.12309847	0.615243052	0.856413756	0.911510368	0.248429655
251	2.11549139	0.612429688	0.856102296	0.913396677	0.24968098
252	2.11257318	0.609426052	0.855968084	0.91510215	0.250987874
253	2.13148105	0.605101491	0.856387377	0.916774052	0.252355239
254	2.17411734	0.59928868	0.857471694	0.918620244	0.253758919
255	2.21712736	0.594168702	0.858914624	0.920119352	0.255216228
256	2.2371512	0.591923156	0.860409673	0.920749822	0.256744488
257	2.22855735	0.593308773	0.862396757	0.919440927	0.258382099
258	2.20916646	0.596434537	0.864963041	0.91648922	0.260118823
259	2.18960567	0.599587687	0.867190303	0.913511653	0.261895762
260	2.18049893	0.601055672	0.868160098	0.912125412	0.263654007
261	2.18284122	0.600912945	0.867339198	0.913320241	0.265410703
262	2.18812873	0.600590137	0.865260215	0.916015277	0.267187957
263	2.19346258	0.600264502	0.86259105	0.918733925	0.268926879
264	2.19594581	0.600112899	0.85999957	0.919999623	0.270568562
265	2.18146577	0.603342181	0.857046214	0.919586394	0.272086873
266	2.1488144	0.610623692	0.853523217	0.918570189	0.273524696
267	2.11587696	0.617968998	0.850561629	0.917334784	0.274925058
268	2.10054256	0.62138869	0.849292815	0.916263699	0.276330984
269	2.1037626	0.620166318	0.850242364	0.915298919	0.277731688
270	2.1122453	0.617026391	0.852514073	0.914276723	0.279110651
271	2.12385061	0.612899513	0.855132304	0.913463337	0.280507493
272	2.13644213	0.608715633	0.857121483	0.913125095	0.281961849
273	2.15543264	0.603447141	0.858356176	0.914187436	0.283506033
274	2.18153872	0.596828474	0.859420607	0.916583024	0.285116774
275	2.20471699	0.591145326	0.860336529	0.9189996	0.286749717
276	2.21492172	0.588683969	0.861125515	0.920124665	0.288360502
277	2.21281693	0.58904628	0.861844632	0.919214341	0.289937636
278	2.20806435	0.589892629	0.862504779	0.917160979	0.29150477
279	2.20327014	0.590816347	0.863053631	0.915089628	0.293067849
280	2.20103813	0.591411362	0.863438851	0.914125287	0.294632813
281	2.20443291	0.591621534	0.863715011	0.914883883	0.296192323
282	2.21208896	0.591744794	0.863955445	0.916595017	0.297745736
283	2.21981208	0.591880034	0.864125803	0.918321143	0.299310513
284	2.22340767	0.592126075	0.864191712	0.919124761	0.300904121
285	2.20545779	0.594155754	0.863728126	0.918498922	0.302551835
286	2.16498184	0.598275412	0.86268279	0.917087236	0.304239453
287	2.12415128	0.602344864	0.861628296	0.915663182	0.305923482
288	2.10514214	0.604223419	0.861137364	0.915000197	0.307560428
289	2.10812635	0.602424589	0.861262121	0.915121276	0.309128914
290	2.1155348	0.598367319	0.861587788	0.915431515	0.310656555
291	2.12468569	0.594274502	0.862027078	0.915837004	0.312172331
292	2.13290196	0.592369044	0.862492813	0.916243991	0.313705221
293	2.1408434	0.592444842	0.863116515	0.916744364	0.315250033
294	2.14955107	0.592640633	0.863933775	0.917365244	0.316795082
295	2.15659794	0.59289751	0.864689497	0.917895746	0.318362843
296	2.15955611	0.593157112	0.865128524	0.918124934	0.319975796
297	2.15839746	0.593481532	0.865301823	0.91702462	0.321670843
298	2.15578304	0.593887494	0.865440166	0.914543475	0.323429802
299	2.15314571	0.594235533	0.865532083	0.912040592	0.325189766
300	2.15191787	0.59438615	0.865566029	0.910875347	0.326887824
301	2.15926104	0.594002044	0.865179141	0.9129809	0.32849676
302	2.1758193	0.592929152	0.864306764	0.917729298	0.330055586
303	2.19252263	0.591326897	0.863426743	0.922519297	0.331598791
304	2.20029905	0.589354764	0.863017039	0.924749337	0.333160859
305	2.19165519	0.584333196	0.864336403	0.923554759	0.334745838
306	2.17215973	0.575861371	0.86731159	0.920859723	0.336336913
307	2.15249346	0.567853748	0.870312843	0.918141075	0.33793978
308	2.14333761	0.564225695	0.871710111	0.916875377	0.339560143
309	2.14909247	0.566958533	0.870921122	0.917178392	0.341205379
310	2.16207472	0.573122958	0.869141169	0.917903354	0.342871201
311	2.17517072	0.579341391	0.867345621	0.91873748	0.344545375
312	2.18126771	0.582236455	0.866509683	0.919368271	0.346215667
313	2.1808305	0.579270457	0.867370162	0.919797813	0.347895021
314	2.17954168	0.572580765	0.869310936	0.92020249	0.349585376
315	2.17748963	0.565832462	0.871268714	0.92050425	0.351255226
316	2.17476106	0.562690712	0.87218018	0.920624967	0.352873053
317	2.15989088	0.569248981	0.871256303	0.919050318	0.354401758
318	2.13048407	0.584038717	0.869170883	0.915499714	0.355868884
319	2.10159824	0.598958031	0.867063058	0.911918003	0.357341998
320	2.08829471	0.605903889	0.866071986	0.910250496	0.358888676
321	2.09108497	0.602335076	0.866060003	0.911250928	0.360569616
322	2.09738533	0.594283433	0.866054657	0.913530687	0.362341811
323	2.1037409	0.586161247	0.866049409	0.915887925	0.364115442
324	2.1066998	0.582379869	0.866038002	0.917120974	0.365800687
325	2.10129644	0.586077335	0.864927954	0.917331262	0.367376902
326	2.0891109	0.594416943	0.86244769	0.917489451	0.368896086
327	2.07681861	0.602829617	0.859949981	0.91758948	0.370372274
328	2.07109579	0.606746233	0.85878794	0.917624991	0.37181949
329	2.07131161	0.606694045	0.859601625	0.916879034	0.373209318
330	2.07180208	0.606541925	0.861437107	0.915179886	0.374545229
331	2.07229684	0.606308434	0.86328867	0.913422741	0.37589406
332	2.07252719	0.606010985	0.864150687	0.912503017	0.377322658
333	2.07026249	0.60539928	0.863586545	0.912345344	0.378866219
334	2.06515587	0.604264662	0.862313936	0.912226698	0.380491318
335	2.06000452	0.60271457	0.861030177	0.912151654	0.382163351
336	2.05760625	0.600856519	0.860432509	0.912125007	0.383847719
337	2.07247198	0.597170462	0.862108435	0.912461888	0.385575998
338	2.10599294	0.59153697	0.865887726	0.913305555	0.38735599
339	2.13980759	0.586359875	0.869700128	0.914368032	0.38911029
340	2.15555039	0.584043539	0.871475036	0.915361252	0.390761474
341	2.14484705	0.585117354	0.87014908	0.916404513	0.392263002
342	2.12070254	0.587540124	0.867158115	0.917597569	0.393671997
343	2.09634649	0.589984121	0.864140945	0.918582152	0.395065972
344	2.08500725	0.591121952	0.862736267	0.918999881	0.39652244
345	2.0911459	0.589528949	0.863563068	0.918472776	0.39808301
346	2.10499498	0.585936271	0.865428287	0.91720027	0.399703204
347	2.1189654	0.582312117	0.867309847	0.915706027	0.40133288
348	2.12546949	0.580624851	0.86818583	0.914513754	0.402921904
349	2.12523267	0.584224431	0.867449301	0.913605177	0.404468115
350	2.12469432	0.592341922	0.865723977	0.912711382	0.405996032
351	2.12415126	0.600530532	0.863822534	0.912027821	0.407491424
352	2.12389843	0.604342834	0.862557613	0.911750077	0.408940049
353	2.13064463	0.599626788	0.861924263	0.914102537	0.41029911
354	2.14585618	0.588990457	0.861379369	0.919407053	0.411590153
355	2.161201	0.578260938	0.860996421	0.924758044	0.412899839
356	2.16834496	0.573265687	0.860849096	0.927249259	0.414314841
357	2.1524818	0.576532217	0.861236021	0.925333821	0.415916403
358	2.11670865	0.58390096	0.862211577	0.921013207	0.417655203
359	2.08062208	0.591334263	0.863454841	0.916654739	0.419419446
360	2.06382156	0.594794923	0.86464481	0.914625604	0.421097329
361	2.06673985	0.594636494	0.86572548	0.914985469	0.422647573
362	2.07356434	0.594201524	0.866866748	0.915798258	0.424136759
363	2.08103481	0.593573025	0.868065646	0.916618168	0.425610488
364	2.08589515	0.592833023	0.869319151	0.916999886	0.427114353
365	2.08768008	0.591823337	0.870716926	0.916335977	0.428639486
366	2.08875842	0.59032542	0.872242629	0.914838735	0.430167968
367	2.08991684	0.588353118	0.873722459	0.913328375	0.431736995
368	2.09194146	0.585920338	0.874982583	0.912625209	0.433383774
369	2.10255041	0.580901487	0.876142465	0.91327005	0.435178437
370	2.12275657	0.573191005	0.877288396	0.914724515	0.437092043
371	2.14243806	0.56609404	0.878166879	0.916191722	0.439007521
372	2.15147069	0.562916442	0.878524337	0.916874797	0.440807786
373	2.15067594	0.566694304	0.877058804	0.916040229	0.442454669
374	2.14846202	0.575214745	0.873754086	0.914157981	0.444020433
375	2.14518258	0.583809837	0.870420415	0.912259243	0.445548491
376	2.14118883	0.58781138	0.868868386	0.911375263	0.447082237
377	2.13346806	0.587457593	0.869415392	0.912135572	0.44861614
378	2.12081051	0.586511622	0.870740798	0.913971964	0.450132015
379	2.10664916	0.585191205	0.872306649	0.916129944	0.451658828
380	2.09441801	0.583712992	0.873575288	0.917855049	0.453225557
381	2.08331495	0.581251666	0.874572632	0.919174723	0.454876571
382	2.07185785	0.577709474	0.875566539	0.920474971	0.45658774
383	2.06286445	0.574515407	0.876332194	0.921470264	0.458282114
384	2.05915363	0.573098783	0.87664465	0.921874888	0.45988273
385	2.0592608	0.576609731	0.875643381	0.92105373	0.461334434
386	2.0595048	0.584527168	0.873385516	0.919174276	0.462694989
387	2.05975093	0.592513973	0.87110787	0.917208806	0.464057383
388	2.05986553	0.596232321	0.870047485	0.916129746	0.465514606
389	2.05828315	0.594840358	0.870477937	0.915897809	0.467122995
390	2.05451112	0.591699255	0.871449235	0.915743084	0.468832798
391	2.05019289	0.588530632	0.872429042	0.91562475	0.470578943
392	2.04697235	0.587055443	0.872885203	0.915502215	0.472296364
393	2.04528846	0.588698043	0.872426612	0.915346414	0.473972456
394	2.0440674	0.592402779	0.871349582	0.915183003	0.475640654
395	2.04276691	0.596139973	0.870155735	0.915053648	0.477300853
396	2.04084497	0.597879867	0.869346696	0.915000015	0.478952937
397	2.03587653	0.595880305	0.868921091	0.916347017	0.480603094
398	2.02796362	0.591370513	0.868550455	0.91938428	0.48224973
399	2.02060279	0.586821209	0.868287766	0.922448154	0.483880242
400	2.01729127	0.584703228	0.868186118	0.923874576	0.485482027
401	2.01753311	0.585639746	0.869291606	0.92277462	0.487047778
402	2.01826319	0.587752835	0.871784329	0.920293475	0.488586277
403	2.01945901	0.589884438	0.874298893	0.917790592	0.490108914
404	2.02109892	0.590876829	0.875469577	0.916625347	0.491627083
405	2.04080572	0.588408452	0.874754267	0.91727005	0.493106873
406	2.08281572	0.582483127	0.873140596	0.918724515	0.494552768
407	2.12495278	0.575602983	0.871512787	0.920191722	0.496039166
408	2.14503518	0.570270609	0.870754942	0.920874797	0.497640485
409	2.14588121	0.566444729	0.873039494	0.920850167	0.499441291
410	2.1464895	0.562769821	0.878191224	0.920776931	0.501400102
411	2.14686013	0.559997683	0.88338809	0.920659679	0.503398198
412	2.14698757	0.558880707	0.885807551	0.920502806	0.505316851
413	2.12877615	0.560435175	0.885116594	0.919700317	0.507129541
414	2.08771285	0.564345982	0.883334581	0.918046759	0.508900363
415	2.04628978	0.569310027	0.880977483	0.916217601	0.510639546
416	2.0270048	0.574024054	0.878560753	0.914888503	0.512357302
417	2.02947212	0.579143556	0.875432424	0.914047436	0.514050716
418	2.03586754	0.585099666	0.871446306	0.91328095	0.515716818
419	2.04437952	0.590052804	0.868004604	0.912721091	0.517367037
420	2.05320154	0.59216285	0.866509864	0.91250006	0.51901281
421	2.0649358	0.587638799	0.868511339	0.914264403	0.520645048
422	2.08009618	0.577436584	0.873025247	0.91824279	0.522261189
423	2.09325569	0.567144984	0.877578704	0.922256033	0.523884651
424	2.09898602	0.562353611	0.879698617	0.924124444	0.525538854
425	2.06964709	0.571080174	0.877375176	0.92285019	0.527232322
426	2.00348973	0.590760101	0.872134843	0.919947128	0.528952824
427	1.93675275	0.610612449	0.866848597	0.916946663	0.530693627
428	1.90568258	0.619854938	0.864387525	0.915380045	0.532447999
429	1.91518891	0.61786161	0.865961967	0.915116975	0.53425291
430	1.93842136	0.612924004	0.869513681	0.914919258	0.536101369
431	1.96632652	0.606844294	0.873096513	0.914794332	0.53791531
432	1.98985729	0.60142251	0.874764541	0.914750011	0.539616647
433	2.00663972	0.597058811	0.874586729	0.915545282	0.541152369
434	2.0217288	0.592812405	0.874184676	0.917461676	0.542583419
435	2.03673868	0.588578322	0.873779102	0.919704733	0.544002925
436	2.05328219	0.584251881	0.873590282	0.921479755	0.545504011
437	2.07605491	0.579027018	0.87455592	0.922809636	0.547133567
438	2.10318909	0.573177265	0.876733374	0.924108901	0.548840896
439	2.12598774	0.568313066	0.878929906	0.925098675	0.550574976
440	2.13575265	0.56604512	0.879952526	0.925499889	0.552284792
441	2.13429247	0.565718715	0.879629048	0.924646257	0.553943616
442	2.13018934	0.565478356	0.878898982	0.922721231	0.555582442
443	2.12402678	0.565329264	0.878162519	0.920779339	0.557235833
444	2.11638592	0.565277192	0.877819651	0.919875269	0.558938347
445	2.09600548	0.565576873	0.878069181	0.921620431	0.560735566
446	2.06114581	0.566397271	0.878632055	0.925556039	0.562601189
447	2.02807605	0.567588702	0.879199859	0.929526129	0.564459117
448	2.01306915	0.569001414	0.879464207	0.93137445	0.566233242
449	2.01831448	0.571333517	0.878894101	0.929834219	0.567893119
450	2.03015162	0.57492851	0.877608444	0.926199085	0.569486955
451	2.04209248	0.579012016	0.876311523	0.922127192	0.571054002
452	2.04765168	0.582809405	0.875707727	0.919276612	0.572633502
453	2.03809664	0.586758647	0.876061277	0.917649007	0.57422741
454	2.01654815	0.591091584	0.876936869	0.916199988	0.575817218
455	1.99481087	0.594599096	0.878016337	0.915157562	0.577414679
456	1.98469083	0.596071726	0.87898159	0.914750111	0.579031556
457	1.99011974	0.594412683	0.879906831	0.914926378	0.580691743
458	2.00306509	0.590362638	0.880917173	0.915402621	0.582383514
459	2.01787814	0.585501636	0.881733196	0.916080616	0.584063134
460	2.02891149	0.58140981	0.882075375	0.916862196	0.585686862
461	2.03618061	0.577980048	0.881108566	0.91830949	0.587243282
462	2.04294979	0.574475228	0.878928381	0.92048956	0.58875827
463	2.04796171	0.571682622	0.876729095	0.922484136	0.590241722
464	2.04995772	0.570389913	0.875705192	0.92337474	0.591703526
465	2.04989131	0.570172144	0.875792161	0.922998984	0.593100497
466	2.04968769	0.570011232	0.876037873	0.922088121	0.594441348
467	2.04934989	0.569911131	0.876408809	0.921010756	0.59582034
468	2.0488804	0.569876082	0.876871731	0.920135347	0.597331752
469	2.03691834	0.571237419	0.878162097	0.919566862	0.59909654
470	2.00978715	0.574756337	0.880396853	0.919087837	0.601060185
471	1.98032937	0.579436399	0.882523748	0.918601423	0.603046851
472	1.96139107	0.584280772	0.883490282	0.918010819	0.604880687
473	1.95274867	0.590703489	0.881559985	0.917051443	0.606473796
474	1.94547335	0.598987849	0.877206897	0.915805702	0.607943286
475	1.94043931	0.606174345	0.872815671	0.914722332	0.609417051
476	1.9385237	0.609302745	0.870771285	0.914250136	0.611022975
477	1.9568668	0.600986427	0.873552296	0.916128235	0.612862253
478	1.99822812	0.582232704	0.879824311	0.920363292	0.614863956
479	2.0399518	0.563314674	0.886151277	0.924635454	0.616896258
480	2.05937675	0.554507168	0.889096868	0.926624408	0.61882733
481	2.04318254	0.560053946	0.887852946	0.925752285	0.620598885
482	2.00665472	0.572566767	0.885046166	0.92378448	0.622292163
483	1.96980686	0.585189218	0.882214796	0.921799435	0.623980707
484	1.95265191	0.591065744	0.880896619	0.920875275	0.625738049
485	1.96166716	0.588197095	0.881213818	0.921235469	0.627599465
486	1.98263815	0.581724902	0.881929926	0.922048258	0.629524635
487	2.00538228	0.575196005	0.882652308	0.922868168	0.631475669
488	2.01971921	0.572156402	0.882988622	0.923249886	0.633414679
489	2.02584727	0.572407118	0.882850112	0.923177773	0.635349486
490	2.03094495	0.573119094	0.882537573	0.922982358	0.637295215
491	2.03444145	0.574201094	0.882222296	0.922703335	0.639220578
492	2.03576366	0.575562714	0.882075515	0.922380307	0.64109428
493	2.03332064	0.579595481	0.882142758	0.921771944	0.642903864
494	2.02704807	0.586694051	0.882294476	0.920849226	0.644669438
495	2.01880062	0.593478112	0.882447523	0.920003227	0.646407478
496	2.01043333	0.596566554	0.882518776	0.91962511	0.648134451
497	1.99987893	0.594920468	0.882431938	0.920289023	0.64985715
498	1.98660802	0.59120681	0.882186938	0.921786265	0.651566507
499	1.97520893	0.587460615	0.88181616	0.923296625	0.653255775
500	1.97027115	0.585716531	0.881351989	0.923999791	0.65491821
501	1.97480715	0.58591131	0.88002923	0.923070368	0.656528137
502	1.9862259	0.586351668	0.877724506	0.920974229	0.658096811
503	2.0007324	0.586795885	0.875527612	0.918859725	0.659675651
504	2.01453173	0.587002695	0.874528596	0.917875293	0.661316084
505	2.0295728	0.586275382	0.875268241	0.918463134	0.663040782
506	2.04710489	0.58444557	0.876999118	0.919789263	0.664823353
507	2.06169679	0.58212249	0.87890227	0.921127011	0.666643288
508	2.06791568	0.579915528	0.880158803	0.921749815	0.668480086
509	2.06406779	0.577516668	0.880774999	0.921740534	0.670354571
510	2.05401214	0.574724553	0.881302562	0.921714081	0.672271056
511	2.04040868	0.572402158	0.88167206	0.921674545	0.674179768
512	2.02591667	0.571412711	0.881813872	0.921625832	0.67603092
513	2.00517699	0.573403358	0.881567238	0.921501003	0.677791269
514	1.97738279	0.577892519	0.88101104	0.92129	0.679495301
515	1.95292764	0.582421011	0.88044997	0.921090455	0.681194818
516	1.94220755	0.584529302	0.880188757	0.921000027	0.682941625
517	1.95595628	0.581489406	0.88020531	0.921108849	0.684791012
518	1.986964	0.574633613	0.880251447	0.921367157	0.686705141
519	2.01824338	0.567717755	0.880319714	0.921660114	0.68859352
520	2.03280586	0.564497997	0.880402728	0.921872876	0.690365654
521	2.02272486	0.566799414	0.88059967	0.92200534	0.69197082
522	1.99998439	0.572339118	0.880924622	0.922126397	0.693474611
523	1.97704469	0.578803473	0.881229925	0.922214978	0.694959864
524	1.96636485	0.583879093	0.881367884	0.92224999	0.696509416
525	1.96795669	0.587620788	0.880972011	0.921965419	0.698137543
526	1.97158727	0.591252868	0.880079304	0.921323744	0.699804892
527	1.97533546	0.594009545	0.879178775	0.920676446	0.701519359
528	1.97728279	0.595124474	0.878759523	0.92037509	0.703288856
529	1.97759606	0.591754209	0.879722267	0.920678553	0.705155225
530	1.97783093	0.584154218	0.881893349	0.921363007	0.707107547
531	1.97797902	0.576487641	0.884083452	0.922053457	0.709069946
532	1.97803147	0.572918378	0.88510308	0.922374904	0.710966533
533	1.96784906	0.576828034	0.883032981	0.922128363	0.71276165
534	1.94488967	0.58564595	0.878364624	0.921572244	0.714502368
535	1.92172912	0.594541121	0.873655366	0.921011253	0.7162349
536	1.91094646	0.59868237	0.871462916	0.920750078	0.718005453
537	1.91917511	0.596671218	0.872852453	0.921420409	0.719835622
538	1.93773637	0.591808467	0.876160973	0.923030585	0.721698994
539	1.95646024	0.586085051	0.879935954	0.924902718	0.72357104
540	1.96517736	0.58149129	0.882725094	0.926358797	0.725427235
541	1.9642783	0.577948171	0.884530142	0.927411221	0.727262899
542	1.96224526	0.574445365	0.886200851	0.928424976	0.729090668
543	1.96019441	0.571758976	0.887433192	0.929190962	0.730910439
544	1.95923961	0.570665607	0.887922798	0.929499915	0.732722107
545	1.96024347	0.572504623	0.88791102	0.928722145	0.734531828
546	1.96314078	0.576651933	0.8878753	0.926968232	0.736338001
547	1.96765622	0.580835578	0.887816986	0.925198953	0.738128084
548	1.97351444	0.582783323	0.887737291	0.924375245	0.739889531
549	1.99641398	0.579519687	0.886893505	0.924982106	0.741592836
550	2.0393155	0.571960321	0.885113098	0.926351014	0.743252942
551	2.08094361	0.563833672	0.883340165	0.927731915	0.74492673
552	2.10001777	0.558868624	0.882519041	0.928374809	0.746671091
553	2.09632256	0.556957015	0.8845277	0.928299881	0.748537452
554	2.08638808	0.555395933	0.889057387	0.928089304	0.750489775
555	2.07236755	0.554340018	0.89362676	0.927773247	0.752452174
556	2.05640961	0.553944776	0.895754084	0.927381711	0.75434876
557	2.02824902	0.558623923	0.895041218	0.926427765	0.756158351
558	1.98667853	0.569245914	0.893196199	0.924799568	0.757923926
559	1.94888483	0.580140026	0.890740822	0.923150116	0.759661965
560	1.93205854	0.585634166	0.888196459	0.922132573	0.761388938
561	1.93342466	0.586283999	0.884813701	0.921695108	0.763102624
562	1.93724675	0.586764275	0.880444258	0.921335792	0.7647965
563	1.94294036	0.587063342	0.876651825	0.921091689	0.766482339
564	1.94992556	0.587168143	0.875000476	0.921000024	0.768171914
565	1.96639628	0.583276191	0.877107432	0.922173745	0.769859012
566	1.99397728	0.574122516	0.881900208	0.924882848	0.771540002
567	2.02120526	0.563937764	0.886837918	0.927772989	0.773232379
568	2.03661414	0.556953761	0.889379486	0.92948948	0.774953643
569	2.04150327	0.55316614	0.889754619	0.930084296	0.77671686
570	2.04534544	0.549841509	0.890034615	0.930562283	0.778511191
571	2.04786618	0.547472392	0.890210467	0.93088157	0.780318145
572	2.04878809	0.546552273	0.890272541	0.930999969	0.782119231
573	2.04097799	0.552002889	0.889398695	0.930222145	0.783926111
574	2.02257049	0.564293536	0.887418803	0.928468232	0.78574395
575	2.00199762	0.576691865	0.885397658	0.926698953	0.78754136
576	1.98769363	0.582464049	0.884400314	0.925875245	0.789286948
577	1.98025152	0.580873253	0.884313882	0.926709771	0.790965412
578	1.97414688	0.577282442	0.884250679	0.928592019	0.79259788
579	1.96926773	0.573660171	0.884211677	0.930490757	0.794206888
580	1.96550379	0.571973781	0.884198117	0.931374737	0.795814969
581	1.96226338	0.574854529	0.884210697	0.930027983	0.797402092
582	1.95932301	0.581351191	0.884248653	0.92699072	0.798963712
583	1.95718143	0.587904772	0.884311046	0.923926846	0.80055019
584	1.95633751	0.590955867	0.884396937	0.922500424	0.8022119
585	1.96825092	0.585735777	0.885639808	0.923847017	0.803997366
586	1.99511387	0.573963435	0.888310086	0.92688428	0.805876012
587	2.02221218	0.562087951	0.890978799	0.929948154	0.807777825
588	2.0348281	0.556559184	0.892216613	0.931374576	0.809632786
589	2.01758007	0.559631421	0.891565245	0.93128528	0.811425233
590	1.97868063	0.566562432	0.890095706	0.931049627	0.81319246
591	1.93944038	0.573554167	0.888613292	0.930728014	0.814939777
592	1.92117164	0.57680925	0.887923138	0.930380441	0.816672483
593	1.93207245	0.574718476	0.888306621	0.929862271	0.818364452
594	1.95741829	0.569870191	0.889253047	0.929153894	0.820021031
595	1.98488375	0.564647869	0.890412225	0.928526185	0.821698605
596	2.00214542	0.561434671	0.891434055	0.92825008	0.823453572
597	2.00945399	0.560360701	0.892385687	0.929065799	0.825341534
598	2.01552283	0.559654067	0.893410256	0.930905268	0.827326831
599	2.01967992	0.559022423	0.894232082	0.932760854	0.829326837
600	2.02125041	0.558173903	0.894575375	0.933624743	0.831258921
601	2.01609409	0.55663414	0.894243346	0.93316967	0.833097539
602	2.00446664	0.554599472	0.893494467	0.93214299	0.834889948
603	1.99273731	0.552818437	0.892739027	0.931107314	0.83665882
604	1.98727659	0.552039667	0.892387323	0.930625143	0.838426811
605	1.98831557	0.552127467	0.892529865	0.931421827	0.840187007
606	1.99066194	0.552379804	0.892851507	0.933218518	0.841931089
607	1.99302886	0.55276983	0.893175967	0.93503095	0.843682511
608	1.9941308	0.553270895	0.893327023	0.935874749	0.845464736
609	1.9926554	0.555041186	0.893238133	0.935021257	0.84729491
610	1.98888851	0.558290066	0.892994848	0.933096231	0.849158281
611	1.98398339	0.561427122	0.892641887	0.931154339	0.851030327
612	1.97909335	0.562861562	0.892223948	0.930250269	0.852886522
613	1.97451637	0.562526783	0.891357085	0.930610469	0.854722187
614	1.96953602	0.561770966	0.889992127	0.931423258	0.856549955
615	1.96384433	0.561008526	0.888726573	0.932243168	0.858369726
616	1.95713352	0.560653564	0.888158061	0.932624886	0.860181395
617	1.94620297	0.563185948	0.88906034	0.930955458	0.861994227
618	1.93149233	0.568896221	0.891095179	0.927190962	0.863805743
619	1.91852932	0.574656524	0.893147846	0.923393485	0.86559701
620	1.91284273	0.5773383	0.894103489	0.921625526	0.867349089
621	1.91438871	0.577062072	0.893308314	0.921904621	0.86903693
622	1.918667	0.576300387	0.891514706	0.922629546	0.870677825
623	1.92496668	0.575187295	0.889705383	0.923598365	0.872317981
624	1.93257802	0.573856129	0.888863033	0.924609585	0.874003609
625	1.95001329	0.571557122	0.889779539	0.925777763	0.875745736
626	1.97844912	0.567943419	0.89192893	0.927217654	0.877521648
627	2.00507975	0.563850093	0.894304125	0.928696706	0.87932962
628	2.01709644	0.560112484	0.895898011	0.929982284	0.881167938
629	2.01299868	0.556525209	0.89671504	0.931187016	0.883061495
630	2.00375107	0.552758192	0.897421954	0.932409119	0.885005482
631	1.99442244	0.549559971	0.89792074	0.933359729	0.886950262
632	1.99007939	0.547679353	0.898113156	0.933749891	0.888846192
633	1.9956644	0.546802774	0.89774421	0.933579251	0.890673349
634	2.00826041	0.546097325	0.89689259	0.933194246	0.89246152
635	2.02096677	0.54562564	0.895984205	0.932805868	0.894233875
636	2.02688237	0.545450599	0.895445027	0.932625054	0.896013582
637	2.02660179	0.545745296	0.895258625	0.933307995	0.89781112
638	2.02578721	0.546511542	0.895108885	0.934848015	0.899612927
639	2.02451783	0.547540215	0.895008888	0.936401529	0.901406785
640	2.02287116	0.548622153	0.894971814	0.937124785	0.90318048
641	2.01644318	0.550117565	0.896236116	0.93611948	0.904941477
642	2.00440376	0.552087332	0.899086894	0.933852227	0.906693633
643	1.99272241	0.553809564	0.901962648	0.93156511	0.908417285
644	1.98737011	0.554562196	0.903301488	0.930500317	0.910092763
645	1.99045952	0.553114264	0.902967411	0.931050242	0.911685132
646	1.99798638	0.549591015	0.902135154	0.932341885	0.9132158
647	2.00698101	0.545388034	0.901099206	0.933773018	0.914752487
648	2.01447437	0.541901127	0.900153755	0.934741557	0.916362923
649	2.02070594	0.53902554	0.899208957	0.935249281	0.918077243
650	2.02706957	0.536099912	0.89815557	0.935691037	0.919860813
651	2.03203735	0.533820556	0.897296328	0.936003939	0.921686364
652	2.03408059	0.532884149	0.896934065	0.936124967	0.923526631
653	2.0203547	0.535250075	0.897812992	0.935593782	0.925401118
654	1.98940416	0.540802421	0.899795033	0.934395988	0.927317603
655	1.95818246	0.54694939	0.90179444	0.9331877	0.929226314
656	1.94364684	0.551098714	0.902725287	0.932625167	0.931077466
657	1.94680718	0.553259169	0.900978136	0.932669298	0.932840555
658	1.95450775	0.555135708	0.897038024	0.932786161	0.934549291
659	1.96369672	0.556463324	0.893063392	0.932946753	0.93624985
660	1.97132558	0.556976421	0.891212957	0.93312223	0.93798841
661	1.97762601	0.555049992	0.892174024	0.933325443	0.939786574
662	1.98404016	0.550705954	0.894388378	0.933585566	0.941617955
663	1.98903913	0.546323856	0.896738076	0.933894497	0.943458015
664	1.99109322	0.54428372	0.898105424	0.934244123	0.945282221
665	1.98245085	0.547691721	0.898541191	0.934778274	0.947080051
666	1.96296269	0.555377474	0.898887449	0.93548511	0.948865799
667	1.94330378	0.563130564	0.89911668	0.936104165	0.950651356
668	1.93415135	0.566740103	0.899201106	0.936374922	0.952448614
669	1.94131341	0.563390576	0.899201128	0.93628014	0.954278183
670	1.95746862	0.555835616	0.899201128	0.936066248	0.956128887
671	1.97376536	0.548214465	0.899201128	0.935850482	0.957963312
672	1.9813525	0.54466635	0.899201128	0.93575003	0.959744036
673	1.97683914	0.547618226	0.898141098	0.935927636	0.961427401
674	1.96665731	0.554276514	0.895750935	0.936385649	0.963045261
675	1.95638626	0.560993139	0.893339832	0.936992254	0.964675917
676	1.95160446	0.56412014	0.892217315	0.937615615	0.966397672
677	1.95633691	0.560339512	0.893811938	0.938427088	0.968268752
678	1.96701089	0.551812829	0.897408257	0.939464053	0.970244353
679	1.97777838	0.543211441	0.901036085	0.94036039	0.972247741
680	1.98279131	0.539206967	0.902725061	0.940749888	0.974202177
681	1.98081822	0.541834488	0.901810738	0.939421955	0.976070697
682	1.97636592	0.547761727	0.899747983	0.93642747	0.977899651
683	1.97187462	0.553740897	0.897667155	0.93340675	0.979735338
684	1.96978364	0.556524568	0.896698401	0.932000418	0.981624056
685	1.97566639	0.553051683	0.897018519	0.932880309	0.983606866
686	1.98893227	0.54521913	0.897830444	0.934912136	0.985653137
687	2.00231437	0.537317954	0.898874548	0.937079742	0.987700407
688	2.00854456	0.533639471	0.899891392	0.93836711	0.989686211
689	2.00728329	0.534256086	0.901058186	0.938768305	0.991588826
690	2.00396165	0.535648904	0.902454991	0.939049657	0.993445131
691	1.99941976	0.537053924	0.903630979	0.939272031	0.995277934
692	1.99449623	0.537708047	0.904135194	0.939496073	0.997110038
693	1.98708989	0.537581974	0.903326525	0.939704256	0.998958365
694	1.97692113	0.537297265	0.901350073	0.939876335	1.00080779
695	1.96789673	0.537010061	0.89897211	0.940076565	1.00263284
696	1.96392437	0.536876351	0.896959007	0.940369218	1.00440805
697	1.96868293	0.537469468	0.895230191	0.941223011	1.00609211
698	1.97941517	0.538941867	0.893438878	0.942657356	1.00771074
699	1.99024143	0.540766609	0.892029708	0.944011566	1.0093422
700	1.99528172	0.542416617	0.891447532	0.94462482	1.01106478
701	1.98862124	0.544034572	0.893801046	0.94420993	1.01294298
702	1.97359976	0.545821414	0.899108136	0.943211606	1.01493023
703	1.95844667	0.547272417	0.904461722	0.942047512	1.01693692
704	1.95139198	0.547882674	0.906954146	0.941135262	1.01887347
705	1.95748683	0.547444185	0.906006687	0.940550627	1.02071294
706	1.97127109	0.546249651	0.90386868	0.940047741	1.02250619
707	1.98526867	0.544527885	0.901711941	0.939587897	1.02427588
708	1.99200369	0.542507654	0.900707846	0.939132458	1.0260447
709	1.99226802	0.539516112	0.901727071	0.938598328	1.02780571
710	1.99238957	0.535049616	0.904025899	0.93802531	1.02955061
711	1.9925102	0.529684287	0.906344868	0.937566511	1.03130284
712	1.99276992	0.5239965	0.907424491	0.937375054	1.0330859
713	2.01772768	0.516356764	0.907335994	0.938949682	1.03490824
714	2.07348804	0.506778327	0.907135726	0.942500286	1.03675755
715	2.12963973	0.498560311	0.906933704	0.946081997	1.03862716
716	2.15576374	0.495002537	0.906839651	0.947749504	1.04051039
717	2.13978053	0.498586217	0.907322336	0.947623655	1.04242111
718	2.10372394	0.506669029	0.908467391	0.947294513	1.04435881
719	2.06735144	0.514822657	0.909764929	0.946851162	1.04629283
720	2.05041781	0.518618672	0.910704942	0.946382223	1.04819249
721	2.05670785	0.517048396	0.911286877	0.945724191	1.05003811
722	2.07090204	0.51350518	0.911817735	0.944850866	1.0518501
723	2.08522059	0.509930921	0.912205735	0.944085168	1.05365778
724	2.09188675	0.508266883	0.912358981	0.943750097	1.05549051
725	2.07807516	0.51042958	0.912319315	0.943800538	1.05736921
726	2.04692823	0.515307161	0.912204906	0.943928117	1.05927491
727	2.0155084	0.520227475	0.912026923	0.944091084	1.06117693
728	2.00088054	0.522518184	0.911796503	0.944247773	1.06304457
729	2.00380068	0.522089913	0.910916363	0.944383345	1.06485538
730	2.01134797	0.520925699	0.909274881	0.944522191	1.06663057
731	2.02135896	0.519255718	0.907683811	0.944679779	1.06840519
732	2.0316737	0.517309586	0.906955102	0.944871571	1.07021431
733	2.04519024	0.513544639	0.907572712	0.945114723	1.07207152
734	2.06252122	0.507772539	0.909036232	0.945420254	1.07395773
735	2.07752133	0.502463032	0.910689773	0.9457941	1.07586042
736	2.08404376	0.500086426	0.91187747	0.946242199	1.07776708
737	2.07895564	0.50032292	0.912598335	0.947035516	1.07967536
738	2.06740793	0.500972695	0.913251861	0.948163442	1.08159174
739	2.05558107	0.501917337	0.913727622	0.949176437	1.08351613
740	2.04965525	0.50303906	0.913915043	0.94962487	1.08544842
741	2.04901014	0.505042524	0.913874304	0.948240039	1.08740683
742	2.04853486	0.508164683	0.913753986	0.945117219	1.08938635
743	2.04823971	0.51149326	0.913561317	0.941967039	1.09134964
744	2.04813652	0.514115728	0.913303485	0.940500436	1.09325936
745	2.04854274	0.515597729	0.912547543	0.941031218	1.09542303
746	2.04945873	0.516605167	0.910793108	0.942229012	1.09777305
747	2.05038276	0.5178551	0.907988249	0.9434373	1.09966611
748	2.05081295	0.520064531	0.90408115	0.943999833	1.10045876
749	1.94718366	0.620012822	0.85946928	0.90987846	1.10018664
750	1.70656579	0.84137946	0.764957671	0.831212832	1.09949962
751	1.44634843	1.0639305	0.67076627	0.747510924	1.09862307
752	1.28395291	1.16740148	0.627127616	0.698291238	1.09778226
753	1.21674645	1.16507555	0.628883752	0.681902677	1.09684908
754	1.16117453	1.1580765	0.634030204	0.668805583	1.09575111
755	1.12322816	1.1467772	0.642133366	0.660095159	1.09483354
756	1.10892531	1.13152039	0.652772101	0.656875845	1.09444164
757	1.27039459	1.01840445	0.700779272	0.703166855	1.09530668
758	1.63448519	0.786590408	0.793062682	0.807546044	1.09745041
759	2.0017657	0.557134812	0.883139612	0.912839731	1.10009835
760	2.17275735	0.451124255	0.924516067	0.961860415	1.10247588
761	2.16232665	0.455121189	0.923399895	0.960420965	1.10442937
762	2.13783706	0.464696555	0.920814337	0.957087753	1.10635743
763	2.11098049	0.47559387	0.918102445	0.953587882	1.10826557
764	2.09340125	0.483586839	0.916595391	0.951634327	1.11015913
765	2.0849874	0.488676006	0.916210637	0.951188122	1.11202794
766	2.07782332	0.493360896	0.915912297	0.950901961	1.11387278
767	2.07282533	0.496804816	0.915718706	0.950668462	1.11571724
768	2.07091236	0.498170099	0.915648514	0.950380628	1.11758492
769	2.07457656	0.496433593	0.915707574	0.949930741	1.11949563
770	2.08283979	0.492517266	0.915840782	0.949394213	1.12143334
771	2.09117542	0.488566626	0.915975157	0.948943246	1.12336735
772	2.09505617	0.486727361	0.916037717	0.948750055	1.12526702
773	2.09368587	0.488866095	0.91501579	0.948920749	1.12710985
774	2.090006	0.49368976	0.9127115	0.949305754	1.12891703
775	2.08481608	0.498555686	0.910387021	0.949694132	1.13072365
776	2.07891485	0.500821074	0.909304833	0.949874946	1.13256479
777	2.06853867	0.500504886	0.910040086	0.94978528	1.13445985
778	2.05324512	0.499756304	0.911698665	0.949549627	1.1363881
779	2.03934786	0.498915343	0.913371776	0.949228014	1.13832502
780	2.03316201	0.498321442	0.914150712	0.948880441	1.14024609
781	2.03641864	0.498053692	0.914057281	0.948362271	1.14213514
782	2.04439755	0.497878438	0.91384609	0.947653894	1.14400804
783	2.05403559	0.497684256	0.913633048	0.947026185	1.1458883
784	2.06227039	0.49735977	0.913533864	0.94675008	1.14779943
785	2.06766379	0.4964514	0.913548671	0.947332503	1.14975853
786	2.07208293	0.494674976	0.913593317	0.948771318	1.15175079
787	2.07734234	0.49221129	0.913666507	0.950538135	1.15375171
788	2.08525633	0.489241235	0.913766976	0.952104466	1.15573679
789	2.11260576	0.48311961	0.915036112	0.953579964	1.15772009
790	2.160857	0.473602591	0.917743409	0.955177436	1.15970894
791	2.2069969	0.464811681	0.920445272	0.95646231	1.16166471
792	2.22800727	0.460869296	0.921697741	0.956999848	1.16354882
793	2.20682765	0.465514296	0.919674408	0.956424998	1.16531858
794	2.15905776	0.476098916	0.915111342	0.955029655	1.16700819
795	2.11086934	0.487049057	0.910508299	0.953373495	1.16869653
796	2.08843467	0.49279031	0.908365299	0.952016221	1.17046251
797	2.08942872	0.493788369	0.909398854	0.950935158	1.17234368
798	2.09222267	0.494540013	0.911730756	0.949854903	1.17429776
799	2.09639321	0.495015771	0.91408309	0.94900773	1.17628615
800	2.10152342	0.495184809	0.915178246	0.948626053	1.17827021
801	2.11453792	0.49258531	0.914986805	0.948572313	1.18024251
802	2.13646981	0.486404393	0.914554409	0.948532877	1.18222291
803	2.15719373	0.479365756	0.914118225	0.948508494	1.18421131
804	2.16658198	0.474193858	0.913915155	0.948500002	1.18620761
805	2.16549955	0.470887705	0.915248038	0.949239911	1.18822379
806	2.16291633	0.467840167	0.918253568	0.950908267	1.19025659
807	2.1599676	0.465598026	0.92128543	0.95259124	1.19228151
808	2.15778621	0.464708695	0.922696948	0.953374767	1.19427407
809	2.15637054	0.465711173	0.922433227	0.952445368	1.19622444
810	2.15505901	0.467972115	0.921821135	0.950349229	1.19814736
811	2.15409104	0.470252867	0.921162166	0.948234725	1.20005436
812	2.15370633	0.471314697	0.920757479	0.947250293	1.20195693
813	2.16403649	0.469698968	0.92059883	0.948767766	1.20385162
814	2.18732927	0.4660551	0.920468883	0.952190034	1.20573422
815	2.21082612	0.462379307	0.920380785	0.955642286	1.20761663
816	2.22176535	0.460667999	0.920347753	0.957249522	1.20951075
817	2.21663307	0.461565687	0.920723287	0.956623922	1.21142487
818	2.20416142	0.463590947	0.921636558	0.955212236	1.21335129
819	2.18933667	0.465633951	0.922725091	0.953788182	1.21527789
820	2.17714341	0.466585095	0.923626307	0.953125197	1.21719259
821	2.1677222	0.465115068	0.92436645	0.953125	1.21909313
822	2.15853625	0.4617998	0.925118095	0.953125	1.22098576
823	2.15096988	0.458455487	0.925703125	0.953125	1.22287039
824	2.14640854	0.456898504	0.925943329	0.953125	1.22474692
825	2.14448178	0.458902805	0.923703298	0.952157424	1.22660121
826	2.14331707	0.463640266	0.918652308	0.949975728	1.22843737
827	2.14218457	0.468965349	0.913557065	0.947774918	1.23028458
828	2.14035481	0.472732358	0.911184916	0.946750305	1.23217198
829	2.13508647	0.474938063	0.911676738	0.947470939	1.23413046
830	2.12651409	0.476916137	0.912925078	0.949096516	1.23613934
831	2.11849118	0.478346037	0.914530943	0.950736336	1.23814901
832	2.11487201	0.478906727	0.916095903	0.951499773	1.24010987
833	2.12296543	0.475343007	0.917799763	0.951234391	1.24198793
834	2.14121692	0.467307162	0.91979198	0.950635494	1.2438169
835	2.15962832	0.459200913	0.921570491	0.95003135	1.24564875
836	2.16819996	0.455426956	0.922633075	0.949750084	1.24753544
837	2.16329974	0.457346858	0.923117892	0.949856147	1.24951918
838	2.15224494	0.461678398	0.923510353	0.950120011	1.2515664
839	2.14109328	0.466047887	0.923773982	0.950447874	1.25361462
840	2.13590149	0.468082153	0.923872155	0.950745986	1.25560135
841	2.15367941	0.465769328	0.923005263	0.951041632	1.25749341
842	2.19376866	0.46055299	0.92105053	0.951369995	1.25933094
843	2.23420915	0.455290949	0.919078672	0.951637357	1.26116024
844	2.25303668	0.452841146	0.91816065	0.951749968	1.26302764
845	2.25092211	0.45438376	0.919027295	0.951731028	1.26495472
846	2.24533442	0.457929123	0.920982028	0.95168825	1.26691498
847	2.2376675	0.461670112	0.922953886	0.951645096	1.2688839
848	2.22931029	0.463799851	0.923871907	0.951625006	1.27083697
849	2.21652947	0.464414522	0.923773713	0.952048495	1.27277556
850	2.19884312	0.464897205	0.923527944	0.953071485	1.27471058
851	2.18310417	0.465213708	0.923220295	0.954274719	1.27662952
852	2.17616713	0.465329414	0.922936216	0.955238815	1.27851986
853	2.18366328	0.463606557	0.92264539	0.955979819	1.28035723
854	2.20080577	0.459684977	0.922317145	0.956711335	1.28215505
855	2.21869104	0.455636469	0.922047872	0.957271897	1.28395959
856	2.22841518	0.45353334	0.921933995	0.957499937	1.28581716
857	2.23060201	0.453241029	0.922228138	0.95649448	1.28776262
858	2.23227886	0.453066085	0.922891449	0.954227227	1.28976715
859	2.23335676	0.4529237	0.92356057	0.95194011	1.29178101
860	2.23374464	0.452729559	0.923872088	0.950875317	1.29375449
861	2.23202307	0.452383028	0.923734533	0.951235469	1.29568515
862	2.22724933	0.451940277	0.923344812	0.952048258	1.2975972
863	2.22019074	0.451557605	0.922752071	0.952868168	1.29947688
864	2.211615	0.451391324	0.922005404	0.953249886	1.3013104
865	2.19137237	0.459243535	0.919777041	0.951011296	1.30306363
866	2.15802721	0.476948862	0.915846894	0.94596345	1.30475482
867	2.12671258	0.494809311	0.912089007	0.940871378	1.30645211
868	2.11256501	0.503124447	0.910377862	0.938500705	1.30822363
869	2.12522033	0.493966231	0.913210116	0.94261694	1.3101048
870	2.15376497	0.473310643	0.919597436	0.951899843	1.31205888
871	2.1825597	0.452474085	0.926040717	0.961264076	1.31404726
872	2.19596542	0.442773387	0.929040461	0.965623703	1.31603133
873	2.18202817	0.448606727	0.927389876	0.963367323	1.31800947
874	2.15059335	0.461766292	0.923666114	0.958276699	1.3199999
875	2.11888312	0.475041151	0.919909727	0.953141474	1.32199052
876	2.10412006	0.481221414	0.918160898	0.950750711	1.32396924
877	2.11989354	0.476489498	0.91952656	0.95075	1.32593678
878	2.15546958	0.465815796	0.922607039	0.95075	1.32789857
879	2.19135731	0.455048578	0.925714507	0.95075	1.32984836
880	2.20806526	0.450035777	0.927161224	0.95075	1.33177989
881	2.206412	0.452701731	0.925913492	0.950484391	1.33368071
882	2.20211761	0.458716305	0.923099126	0.949885494	1.33555755
883	2.19638853	0.464783575	0.920260103	0.94928135	1.33743402
884	2.19042672	0.467608262	0.918938363	0.949000084	1.33933371
885	2.18241403	0.4669299	0.919571673	0.950157296	1.34126455
886	2.17200719	0.465219154	0.921000552	0.952766776	1.34321385
887	2.16295584	0.463042457	0.922441949	0.955399118	1.34517536
888	2.15901053	0.460965607	0.923113008	0.956624635	1.34714281
889	2.16961541	0.458687108	0.923085755	0.955717544	1.34912095
890	2.19352993	0.456022302	0.923023854	0.953628898	1.35111138
891	2.21765398	0.453801123	0.922961411	0.951415029	1.353102
892	2.2288852	0.452853746	0.922932339	0.950132185	1.35508072
893	2.22313224	0.454143754	0.923074129	0.949730807	1.35703942
894	2.21015288	0.457053081	0.923451811	0.949412611	1.35898604
895	2.19705981	0.459987898	0.923978585	0.949202349	1.36093246
896	2.19096418	0.461354236	0.924567617	0.94912502	1.3628906
897	2.20013759	0.458012112	0.925544514	0.950528933	1.36486873
898	2.22082595	0.450475352	0.92694791	0.953694532	1.36685916
899	2.24169557	0.44287256	0.928212644	0.956887865	1.36884979
900	2.25141167	0.439332993	0.928773422	0.958374558	1.3708285
901	2.23998347	0.442006912	0.927209445	0.957859234	1.37280534
902	2.21420857	0.448038459	0.923682613	0.956626798	1.37478308
903	2.18820785	0.454122849	0.920124881	0.955208783	1.3767364
904	2.17610291	0.456955507	0.918468538	0.95413644	1.37863996
905	2.18065864	0.456894761	0.918872196	0.953406218	1.38045723
906	2.19195814	0.456715964	0.91984899	0.952718267	1.38221237
907	2.20592019	0.456435169	0.920999131	0.952205276	1.38397362
908	2.21846575	0.456067602	0.921923202	0.952000057	1.38580925
909	2.23061039	0.454471399	0.922637406	0.952360469	1.38776644
910	2.24393702	0.451422902	0.923344091	0.953173258	1.38980492
911	2.25472584	0.448451694	0.923886326	0.953993168	1.39186176
912	2.25925575	0.447087727	0.924107081	0.954374886	1.39387405
913	2.24206851	0.450761264	0.923821849	0.954242195	1.39582148
914	2.20331173	0.459045291	0.923178565	0.953942747	1.39773934
915	2.16421539	0.467401896	0.922529645	0.953640675	1.39964521
916	2.14601364	0.471292409	0.922227533	0.953500042	1.40155666
917	2.16849495	0.466053055	0.923220995	0.953686803	1.40348306
918	2.21919818	0.454236715	0.92546126	0.954160558	1.40541372
919	2.27034564	0.442316848	0.927721153	0.954770651	1.40733645
920	2.29415792	0.436767418	0.928773272	0.955366412	1.40923902
921	2.28939081	0.43731595	0.927586891	0.956054132	1.41109957
922	2.2773581	0.4386105	0.924899931	0.95687999	1.41293023
923	2.26203086	0.440052209	0.922161273	0.957576204	1.41477155
924	2.2473745	0.441043698	0.92081986	0.957874915	1.4166641
925	2.23121855	0.441474399	0.920718171	0.95785835	1.41865758
926	2.21227688	0.441760213	0.920644089	0.957809362	1.42072153
927	2.19647161	0.442057912	0.920598514	0.957731158	1.42277346
928	2.18972653	0.44252417	0.920582711	0.957626863	1.42473086
929	2.19463671	0.443904571	0.920609004	0.957028516	1.42653819
930	2.20680414	0.446194661	0.920687437	0.955837192	1.42825459
931	2.22182405	0.448349469	0.920814692	0.95466524	1.42996955
932	2.23529211	0.449323816	0.920987452	0.95412516	1.43177259
933	2.24827484	0.447292523	0.922464266	0.954246276	1.43371333
934	2.26249128	0.442711703	0.925530285	0.954556515	1.43574246
935	2.27398889	0.438090749	0.928573321	0.954962004	1.43780264
936	2.27881372	0.435939411	0.929980786	0.955368991	1.43983657
937	2.27025235	0.437938308	0.928974599	0.955869364	1.44183314
938	2.25094504	0.442446876	0.9267049	0.956490244	1.44382179
939	2.23146858	0.446994945	0.924415316	0.957020746	1.44580245
940	2.22240109	0.449112351	0.923349374	0.957249934	1.447775
941	2.23156574	0.446620123	0.923999043	0.95725	1.44973955
942	2.25223633	0.44099921	0.925464637	0.95725	1.4516962
943	2.27308803	0.43532905	0.926943072	0.95725	1.45364484
944	2.28279578	0.432689242	0.927631374	0.95725	1.45558539
945	2.26367665	0.436232863	0.927096652	0.956623922	1.45751793
946	2.2205602	0.444224812	0.925890495	0.955212236	1.45944257
947	2.177066	0.452286782	0.924673771	0.953788182	1.46135921
948	2.15681677	0.456040124	0.924107311	0.953125197	1.46326775
949	2.175419	0.453699826	0.92428063	0.953421859	1.46517433
950	2.21764918	0.447963703	0.924728357	0.954115211	1.46707734
951	2.26093398	0.441028549	0.925322245	0.954874983	1.46896427
952	2.28270019	0.435090759	0.925934164	0.955371013	1.4708226
953	2.28518343	0.429874869	0.926736071	0.955606675	1.4726362
954	2.28701616	0.424413571	0.927764308	0.955807005	1.47441618
955	2.28815601	0.420093987	0.928654264	0.9559466	1.47619187
956	2.28855503	0.418303859	0.929041242	0.955999986	1.47799258
957	2.2808866	0.423896024	0.928399441	0.955791307	1.47981899
958	2.26359553	0.43650641	0.926952053	0.955320745	1.48165784
959	2.24615297	0.449227279	0.925491984	0.954846061	1.48352013
960	2.23803238	0.455149625	0.924812232	0.954625066	1.48541686
961	2.2423895	0.452096111	0.925699672	0.954625	1.48736621
962	2.25240276	0.445094208	0.927701134	0.954625	1.48935941
963	2.26296498	0.437747103	0.929720131	0.954625	1.49136561
964	2.26897	0.433657181	0.930660098	0.954625	1.49335395
965	2.27069209	0.432603336	0.928916852	0.955004441	1.49531266
966	2.27204344	0.431785458	0.92498554	0.955860009	1.49725928
967	2.27292902	0.431254349	0.921019785	0.956723072	1.4992057
968	2.27325263	0.43106167	0.919173482	0.95712488	1.50116384
969	2.27051847	0.431913655	0.920749749	0.956802475	1.50313613
970	2.2643533	0.433834828	0.924317807	0.956075243	1.50511653
971	2.25813411	0.435772834	0.927948928	0.955341639	1.50710493
972	2.25523869	0.436675095	0.929714432	0.955000102	1.50910123
973	2.26293831	0.436651347	0.929807136	0.955008061	1.51111437
974	2.28061176	0.436578983	0.92985255	0.9550321	1.51314194
975	2.29922076	0.436460171	0.929895237	0.955071101	1.51516571
976	2.30972547	0.436296818	0.929979282	0.955124046	1.51716743
977	2.31263475	0.434076187	0.930476718	0.955575829	1.51913513
978	2.31490912	0.42932027	0.931434945	0.956513638	1.52108087
979	2.31639498	0.424570126	0.932370703	0.957444388	1.52302243
980	2.31693662	0.422367451	0.932800625	0.957874872	1.52497756
981	2.28971315	0.427331768	0.932066151	0.957573915	1.52696483
982	2.22832917	0.438526818	0.930225973	0.956832521	1.52897093
983	2.16640738	0.449819951	0.927907343	0.955927403	1.53096503
984	2.13757898	0.455077599	0.92573761	0.95513524	1.53291626
985	2.1456283	0.45368682	0.9234536	0.95440807	1.53479432
986	2.16572128	0.450240253	0.920838723	0.953630617	1.53662329
987	2.19083	0.44599099	0.918679681	0.953009164	1.53845513
988	2.21393269	0.442190982	0.917763418	0.952750073	1.54034183
989	2.23741029	0.438547811	0.919474924	0.953053553	1.54232556
990	2.26380956	0.434569183	0.923334625	0.953738007	1.54437279
991	2.28542857	0.431355625	0.927228142	0.954428457	1.54642101
992	2.29456289	0.430008065	0.929040814	0.954749904	1.54840774
993	2.28966039	0.431854097	0.928571156	0.954644382	1.55029912
994	2.27860036	0.436017402	0.927510952	0.95437123	1.55213546
995	2.26744343	0.440217183	0.926441459	0.954007634	1.55396451
996	2.2622492	0.442172439	0.925943544	0.953630715	1.55583397
997	2.26683374	0.441488337	0.926566214	0.953236942	1.55775418
998	2.27991501	0.43937047	0.928313726	0.952773838	1.55970136
999	2.30000452	0.435790087	0.930939796	0.952251921	1.56167493
1000	2.32561407	0.430718036	0.934198113	0.951681727	1.56367433
