x y
2.3670790 0.0352797
2.2956333 0.0100737
-0.5315372 0.1863765
2.6785445 0.5354037
0.4304236 -0.2122513
0.8369594 2.0564461
-0.6018047 0.4965450
0.6997670 -0.0982417
0.9812095 -0.2166613
-2.1872196 1.7751690
1.1021692 1.7751304
1.4383421 -0.4474559
-0.3393342 0.3416682
-0.7501147 1.0806217
-0.4809674 0.3922036
-0.5942931 0.0793099
2.0085895 -0.2471364
-0.8028721 0.2101861
0.4813198 0.4315701
-0.6536210 0.4993673
1.4428153 -0.4823130
1.3247099 -0.6141518
0.5730264 -0.0690635
1.6614707 -0.4776645
-0.6919547 0.3747687
0.8003222 2.0290651
-1.8764684 1.9850004
1.3132070 -0.5697257
0.3462971 1.0776012
-1.8357608 1.4974655
1.4582385 -0.5934348
1.2782017 -0.3262498
1.4454587 -0.0861189
-0.5183119 0.4075603
0.3342284 -0.3720462
1.1254704 -0.2714695
-2.0592227 1.7262037
0.8497139 0.1673831
0.4658794 -0.0698056
-0.4554651 0.0284992
0.2351595 0.2034217
-0.8725748 0.2893271
1.4901589 -0.6768500
0.5207303 -0.1621501
2.4735043 1.4168129
-0.3280974 0.0240893
-1.0928178 0.5170283
0.8122193 -0.3794138
0.1712708 0.7394260
0.0226318 0.0952903
1.9161193 -0.3475434
0.4709044 1.4108568
0.3219508 -0.6565819
-2.0036008 2.1265042
-0.1339352 0.4296563
1.2657548 -0.3796607
-0.5629026 0.4149474
-0.1815256 -0.0315109
0.7877536 1.3911095
0.2106567 0.0248032
2.4858153 0.1710881
2.3958657 1.1975948
0.8823727 -0.2257562
-0.5056258 0.0690711
2.4741395 1.2937607
0.6396945 -0.1415098
0.3872062 0.0900426
2.0878022 1.6277963
-0.9079082 0.2587111
-0.2129781 -0.0307955
0.3012634 -0.5577778
1.6120795 -0.1208210
0.5955741 -0.2169113
0.8526299 -0.4634780
1.2907327 -0.5836742
1.4452837 -0.6757540
-2.0481341 2.1536934
-0.8227400 0.2550317
1.6373825 -0.6608564
-0.2113771 -0.0404972
-0.3970296 0.1634057
2.5961356 0.5809060
-0.4511339 0.0514190
-0.6164126 0.5305083
-0.4158121 0.1413325
0.5132651 -0.2113283
-0.7321522 0.2653579
-0.8738929 0.3174897
-0.1402777 -0.1706850
2.3331602 -0.0338668
0.3930053 1.8026475
0.8832949 -0.2787367
2.2690785 0.0135017
1.3508606 -0.3992971
0.8228536 0.0218303
0.5251047 1.2471827
0.3488717 1.0175771
-0.5005357 0.3726831
1.3306187 -0.6350358
1.5490329 -0.6359363
0.9667704 -0.4918999
-0.8488828 1.1123508
2.0087819 -0.3188101
1.2736850 -0.6190236
2.2684648 0.0421979
0.7795948 0.2330840
-0.0139156 0.1015859
-0.5733582 0.4326540
1.8166676 -0.4367660
-1.7666445 1.4046354
0.4652861 -0.1791794
1.5055356 -0.2147530
-2.0306408 1.7088183
0.8373071 -0.4621175
1.5874646 -0.5932960
-2.0639591 1.7053387
0.7198065 2.0441077
-0.1951812 0.3002520
1.3307730 -0.4543022
0.4989135 -0.0799014
0.2983721 0.3702032
-0.9133682 0.2484193
0.5102971 -0.0110463
0.4786549 -0.0503732
-0.5378292 0.1914243
-0.6905962 0.2200858
0.6368095 0.0465329
2.3572845 1.9247158
1.9811287 -0.2152559
0.7508902 -0.3475465
1.4197098 -0.4292934
0.1444000 -0.1405150
0.5713797 -0.1981378
0.8977690 -0.1108427
0.6474261 1.5271661
-2.1041842 1.7009856
0.6298488 -0.3344311
0.8810854 -0.5222797
1.9236305 -0.2841150
1.0067790 1.8863771
-0.7536628 0.1933001
0.3816122 1.7677144
0.3463325 1.2945706
0.3161861 1.4885427
0.7567298 -0.0645583
-0.0725234 0.0653902
1.4231604 -0.5510952
0.4853828 -0.0490806
2.3528621 0.0935455
0.2565104 -0.6184796
1.1732278 -0.3490281
-0.4781018 0.1882371
1.6744125 -0.5572748
-0.2550828 0.2893496
-0.5432925 1.1045641
-0.5904237 0.1292648
-0.8136129 0.6471238
1.5827923 1.5657835
-2.0461543 1.6825986
-0.6415445 0.2062198
-1.6289918 1.2571913
0.6047779 -0.0383402
1.4497594 -0.6518559
2.0962741 -0.1788646
-2.2276962 1.8820754
-2.3859663 2.0761962
0.0162743 -0.3380091
0.4444856 1.8116307
-0.3294186 0.0463211
2.1557727 1.5266001
2.1180654 -0.0402851
-0.2008714 0.3190547
2.0074437 -0.2230804
-0.5569342 0.0820351
2.3604891 0.0596959
0.6374601 -0.2244433
-0.4195253 -0.0435546
0.7139681 -0.0135420
1.4717097 -0.5908937
-1.7082226 1.3463426
-0.5696510 0.1347383
-2.0769687 1.6740561
0.2936719 0.0049397
-0.4893381 0.3653294
-0.8235721 1.1172600
-0.8122501 1.0428627
1.8103278 -0.1708023
-0.5583738 0.4147490
0.4486779 1.5880847
0.2283490 1.7093929
1.1399844 1.7602451
2.2642291 1.5759277
0.5354897 -0.2292444
1.9540404 -0.2860645
0.9448351 -0.3308914
2.0986497 -0.1697388
0.2592574 0.1962542
0.0905990 0.8343990
2.3795533 0.0861865
-0.3778120 0.2396589
0.2145316 -0.0898486
-0.5979615 0.4314482
-2.0078218 2.1316123
1.7124256 -0.5747364
-2.0341761 1.7247162
0.9236791 -0.4839203
0.8216945 -0.3993937
2.5260415 0.3158613
1.2728689 -0.3686265
0.2922410 1.7543895
-2.0258904 1.6954824
-0.6136383 0.4258149
0.6192287 -0.2106868
0.9558119 -0.2207824
-0.2570819 0.2095450
-0.4676051 0.2128656
0.9629568 1.9619341
-0.7984728 0.2354632
-2.1028812 1.7852119
1.1645592 1.8077570
1.1514158 -0.3777631
2.2492175 1.3391988
-0.8603511 1.0435566
-2.0416615 1.6928015
-2.1192782 1.7894578
0.5538941 1.4343687
1.1199152 -0.3943239
0.1632684 0.1516317
-0.6181009 0.1364966
0.7380455 -0.3528960
1.0141469 -0.2952763
0.7060022 0.0735134
0.6597042 -0.3869090
0.3552186 -0.5160954
-0.2144077 -0.0278980
2.2899113 1.9201962
-0.0724313 0.2533106
1.4448240 -0.6728175
1.6056137 -0.4575073
-1.2821831 0.9947587
2.0342486 1.6300333
-0.2474933 0.0410214
0.3631312 -0.6328372
-0.2525081 0.8854366
1.8398981 -0.3770415
2.4227371 1.4872833
-0.5229096 0.4543916
-1.3853265 0.9669985
1.9080752 1.6775347
0.1328643 0.0610512
0.1390924 1.5765940
0.4429958 1.2583852
1.2934526 -0.3446423
0.5201259 -0.2074771
2.3798163 0.1175093
0.5349388 1.8223029
1.8380140 0.0890510
1.6882993 -0.5876202
0.5192410 1.6102427
2.4570289 1.1105933
0.3614729 0.2484254
0.3348452 0.3881913
1.8028060 -0.2302613
0.5077710 0.0927266
1.8205245 -0.2663657
0.2443624 -0.6027359
0.8130105 0.0922263
-1.0088381 0.4849671
-0.6125913 0.2782642
1.3127706 -0.5999728
-0.7307606 0.1947387
-1.5753878 1.1931338
2.4639242 1.4158221
1.0670456 -0.4656380
0.7052042 -0.4084114
2.2287962 -0.0481129
1.4673346 -0.3738616
2.3834352 1.2152910
-1.7692736 1.4144543
1.1554177 -0.4094194
0.8051314 -0.2900133
-1.3781233 1.1635215
0.4389447 -0.1569155
0.1993703 -0.2377267
0.3040035 1.7452097
0.0380305 -0.4067080
1.3380532 -0.6468251
0.4581002 -0.0195943
2.1998553 -0.1149160
-0.4423906 0.2022462
0.4647489 1.7482004
2.0782814 1.4149328
-0.9266725 1.0757753
-0.4772502 0.2188862
1.5147198 -0.5862460
1.7801218 0.0864914
1.2828988 -0.3467514
1.3399171 -0.2452459
-1.9067855 1.9643846
0.9963340 -0.4114731
1.9924754 -0.2634183
1.1745443 -0.4282301
2.2414880 1.5505587
1.8327397 -0.1755432
-0.4200906 0.0559646
2.1011050 -0.1464711
0.4714022 1.7995950
-0.5037996 0.2367429
-0.8610476 0.3888371
0.3422898 -0.0416204
1.7219640 -0.2971482
-0.2297257 0.1251542
0.6918287 -0.0502678
-0.5928054 0.4465310
-1.6252815 1.2636938
0.3030925 0.0007296
-0.7956486 0.3731549
1.9338778 -0.3340786
0.4718502 -0.2308100
0.6290111 -0.5072127
0.2121272 -0.3217391
-0.0377174 0.1165865
0.8110983 0.2445431
0.4303085 -0.5910257
0.7121767 0.1573049
1.9051293 1.5283395
0.8151044 -0.2446202
0.9319445 -0.1806403
1.2949387 -0.2799262
-0.1901731 -0.2759793
-0.7307800 0.4885885
-0.5889435 0.4875990
0.7072849 0.0921225
0.8134779 -0.4506745
-0.5345307 0.4194178
0.0601797 0.8885431
1.5327338 -0.4501004
-0.5903082 0.4321939
2.3312745 0.0235894
-0.9133842 0.2963443
-0.4758046 0.3233394
-0.1067968 0.0700774
1.5294920 -0.2978637
2.4481637 1.4518807
-1.9504967 2.0613778
-2.0023236 1.6787719
-0.2122155 0.2891578
0.4816124 0.0278569
-1.5996690 1.2137332
-0.1087830 0.0561959
1.1146932 1.7576876
-0.5584750 0.4068212
1.5566864 1.7745937
1.0672086 -0.5695739
-0.1837942 0.1398751
-2.0312917 2.1387372
1.6340841 -0.5675355
1.2993110 -0.1984968
2.0384560 -0.2280116
-0.4520904 0.4230656
-2.2397203 1.9155924
-0.2572229 0.8259634
1.9184813 1.4856490
2.4351747 1.2680564
0.6935731 0.1509542
0.9185995 -0.5227904
1.5533339 -0.5683368
-0.5940329 0.2068681
-0.5976448 0.1558612
-1.2863619 1.0280074
0.2596890 -0.3121705
1.6746167 -0.5519572
0.7340729 -0.4089931
-0.7671046 0.2706717
-0.3695650 -0.0090869
0.2687155 0.0299913
2.5063612 0.1784306
0.8141685 -0.2816316
0.5174271 -0.1658575
-0.7321014 0.2057487
-0.6964623 0.3239908
0.5814198 -0.2064344
0.4335382 0.0233578
-0.2028914 0.0671824
0.6991413 -0.4402095
0.4381366 0.2036138
0.0571369 0.9545624
0.5447935 1.8493412
-2.2374375 1.8974457
0.5628466 -0.0311183
0.7428892 0.2361458
0.9186510 1.9945145
2.2860298 1.1426541
2.4768443 0.2774699
0.6444098 -0.1408665
1.6462375 -0.3383523
0.0692010 0.8848999
0.5995669 -0.0906930
0.7403578 0.0171404
1.5980278 -0.6141731
0.3371869 0.0696113
0.9449659 -0.2516001
0.7424901 2.0954759
2.4229493 1.5056663
0.2605496 -0.1046188
0.6975670 -0.1516726
1.8486577 -0.3909514
0.3821259 -0.4900183
-1.8790064 1.6172295
-0.4366891 0.0312507
0.3588775 1.5601994
1.1416715 1.7671189
-2.0270581 2.1326714
1.6074373 -0.5620071
0.1429539 0.0636422
1.7982246 -0.4650837
-0.3687996 0.0373705
1.2594982 -0.4472964
-0.1102909 0.1828969
0.5313962 1.8618313
2.4540668 1.5011939
1.0420080 -0.3051625
-2.0586109 1.6982456
0.7602322 0.0971147
1.5168238 -0.5588994
1.9284602 -0.1632292
2.1523724 -0.0411863
-1.9476403 2.0824311
-1.8928028 2.0102162
0.2494278 -0.1035911
0.6300492 -0.0600915
-0.4789036 0.3521456
0.6362440 -0.1910892
-0.7256500 1.0629025
2.1005619 -0.2160055
-2.2392335 1.8283107
1.4020766 -0.7056341
-0.8150147 0.9201573
1.7726471 -0.2648526
1.2205663 -0.1409963
0.4332930 1.7931945
-0.4591828 0.2122843
1.1585772 -0.5390322
0.6383769 -0.1247384
2.2346973 -0.0023808
0.2982787 0.2530659
1.4961692 -0.6139199
0.2050858 -0.6628105
-0.2216847 0.3460475
1.4678019 -0.6440617
0.6821967 -0.3887196
0.5275735 -0.2630949
1.2786064 -0.5603168
1.3062243 -0.1680668
0.9881624 1.9190713
-2.1916730 1.8495791
-1.6575024 1.2675275
1.7651556 -0.5519630
1.2169856 -0.3930385
-0.0662988 0.0000901
-0.4918955 0.3760042
0.9683829 -0.2692565
-0.2622801 0.0071809
0.6081221 1.1764280
-0.4688001 0.2016935
0.4396047 1.4205999
0.0697541 0.0766840
-0.2428252 0.3678331
1.6943680 -0.5768752
0.5351659 0.2156151
0.7372711 -0.4200725
0.7882269 -0.2449940
0.5296627 0.0117025
-2.0849099 2.1049631
-0.8309816 0.2702348
-1.4315211 0.9760978
-0.7342741 0.4293205
1.2757505 -0.5075073
-0.3986495 0.0380095
1.6679553 -0.2938668
-0.5579445 0.0434286
0.0867904 0.9460093
2.6504869 0.7842284
2.3957834 1.1797706
0.4081741 1.7776328
-0.6166056 0.1347302
-1.4048077 1.0707943
0.0106274 0.0922771
0.3489222 0.0657454
1.3397546 -0.3786611
2.4292297 1.3200655
-0.6530921 0.2976711
-0.5463330 0.3898300
1.9375432 -0.3828014
1.9965450 -0.2435258
-1.9868202 1.6994060
0.0788683 1.0380439
1.4654527 -0.1010666
0.5860897 -0.0760214
0.9328097 -0.3630269
2.3520648 2.0095482
1.0614288 1.9202267
0.8324131 0.1443317
1.2231475 -0.3526945
0.5802684 1.4300498
1.8045946 -0.2009402
-0.5045770 0.2163043
1.1721309 -0.3307992
0.3961441 -0.0325606
-0.9252961 0.3594142
1.0919857 -0.3644916
1.8180847 -0.4181325
0.9801148 0.2143282
1.0747374 1.7375560
2.3187096 0.0851213
1.5159495 -0.4093954
-0.8402510 0.2929067
-0.5206409 0.4175624
-0.8566942 0.2763870
-2.0478237 2.1299407
0.6497232 0.0198304
0.3388383 1.7742794
2.2097833 0.0090836
0.5192113 1.4145231
0.5563981 1.8604108
0.5999089 0.3576243
-0.2343182 0.0124300
-2.2790358 1.9443232
-1.1068271 0.5299105
0.5292025 1.6867212
-0.8629967 1.0879152
-0.8685217 1.2536552
-2.2530267 1.9194477
2.1939790 1.4555006
0.0917706 1.4192599
1.1273288 -0.2742981
0.3344383 -0.0322570
-0.8025426 0.2303667
0.6547583 -0.2780475
-2.0215790 1.6998352
-2.3514745 1.9640154
0.8280088 1.9084820
-0.7843965 0.2705684
2.5424004 1.2057369
1.0936970 1.7613802
-0.2007115 0.0157959
2.1435571 1.6777643
-0.5231155 0.4012337
-0.1877650 0.2525912
2.0305097 -0.2327885
-0.1458383 0.1979562
1.0366277 2.1096799
-2.0061913 2.1283402
0.7864207 2.0919330
-0.7501405 1.0686880
1.0212001 -0.5443088
2.3885372 0.0910651
-0.4481853 0.3613973
0.5660006 -0.2527392
0.1098226 0.0444799
-0.3315284 0.4926195
-2.0415726 2.1416044
-0.4749268 0.0686305
0.4189650 1.7729932
0.5504804 0.1378391
-0.3594985 -0.0016192
1.8309959 -0.2815662
-0.1092466 0.0174358
0.5312573 -0.1550204
1.8551378 -0.3934543
-0.4708463 0.0390177
0.0074858 -0.3045793
0.5869928 -0.4070085
-0.8424736 0.5351680
0.9973494 -0.2185919
1.1629308 1.7921822
1.7337950 -0.3890855
0.3593782 0.1308846
-0.6249042 0.3130802
0.3844003 -0.3033016
2.2437453 -0.0960966
0.2673994 -0.6482342
-0.5384173 0.0606547
2.3677819 1.3423512
1.7488399 -0.2687220
2.5888355 0.9042448
1.7594559 -0.5214304
-0.3509822 1.0023223
0.4816945 1.4770145
-0.5466638 0.3965439
1.1868503 -0.3974743
-1.7754143 1.4328713
-0.0377812 0.0497789
0.4442860 -0.1119657
1.1035961 -0.5182989
1.2197777 -0.3568489
1.0925137 1.8591946
0.2787071 -0.3376276
1.7705679 -0.5206974
0.5190678 1.5212802
0.8050075 -0.4749511
0.0246558 0.0774455
2.3915534 0.1119795
1.0609660 -0.3482651
0.1723750 -0.3197865
0.4840097 0.8604519
0.3405362 -0.4232639
-0.8288355 0.4764867
1.6043754 -0.0709534
0.8258862 -0.5124868
2.1022711 1.5535015
-0.4713610 0.5471515
1.1153985 -0.3983608
1.0653453 -0.5245149
-2.3104277 1.9872386
-1.8147086 1.6293375
2.1996603 -0.0792988
0.8970101 1.9189528
0.8888527 0.0562458
1.5878938 -0.5816237
0.4708209 -0.0772507
0.4212121 -0.1432302
-2.0646732 2.1453149
0.7392031 0.0615485
2.1666100 -0.1655354
-1.7449144 1.3833160
2.4379532 1.6932616
2.5271244 0.3514784
0.8717074 -0.5491255
-0.5380951 0.3777352
1.6924217 -0.5457630
-0.4494075 0.3121881
0.7669483 0.4383712
-2.0424247 1.7280819
1.4514296 -0.6334127
2.1653864 1.7134384
0.7896143 -0.2549154
1.4155769 -0.3545572
-0.7557155 1.0591445
0.5818539 1.8908243
-1.9773164 2.0995955
0.2919407 -0.0354098
-1.9545040 1.6227891
0.0397244 0.9236662
0.7576773 0.0157085
-1.0833631 0.6132481
-0.8317872 0.2583331
0.5481759 0.2723780
-1.7776660 1.4332383
-1.7120847 1.6759393
1.7803881 -0.7063677
2.3535929 1.9930969
-0.0700175 -0.3468456
-0.6757283 0.1625983
-0.4616183 0.3448458
0.8000992 2.0445969
-1.5617570 1.2653162
0.6062843 1.4346695
1.9926921 -0.1903418
2.2928529 1.9010253
1.2687583 -0.5801905
2.3590789 1.2686160
1.1694289 -0.5738624
1.8015523 -0.4754410
1.2574800 -0.5567831
-0.6962870 0.9322416
-0.5742651 1.0172216
1.5929195 -0.1071999
0.0220200 0.2231887
0.6220647 -0.0971725
1.0142630 1.9603837
0.2604203 -0.3270283
0.2826033 -0.0684362
0.4350900 -0.4867872
2.4537137 0.1171149
0.8953313 -0.2518517
-0.5842831 0.4594600
1.3357593 1.6903690
1.9881240 1.4451445
-1.9590144 2.0996141
1.6588519 -0.6038081
-0.5820848 0.0779858
-0.2598884 0.3577190
0.4058899 -0.2072888
2.2826123 -0.0274241
1.1874098 1.8258632
-1.9005798 1.9878787
-1.8717332 1.5376157
2.3217506 -0.0017790
0.1225606 1.0050708
-1.5160427 1.2329146
1.4611607 -0.6274351
2.1172636 1.3065395
0.3534310 -0.1653050
0.8436943 -0.5000067
-0.8132340 1.0251862
-0.8195990 1.0720656
1.1864812 -0.3360499
-1.1997640 0.9913622
-1.0970676 0.5725888
0.6877383 -0.2737927
-0.0048269 0.3727531
-0.5698634 0.3647484
-0.6053470 0.5323442
-1.9990749 2.1068377
1.9890549 -0.2632225
-0.3936978 0.1870625
-1.3530034 0.7825937
1.2630661 -0.1844399
2.3112340 0.0664324
0.3003143 1.4798089
-0.0502466 0.1356826
-0.7427951 0.1705213
-0.3375700 -0.0389154
-1.3905722 1.1104668
-2.1133697 1.8682083
0.5117287 0.4455850
0.4407073 -0.0711587
1.6974952 -0.5960301
2.5019104 0.1411941
0.4254067 -0.2951729
0.9433273 -0.1801417
0.3860043 -0.2771650
2.4824543 1.3428540
-0.1005711 0.2708361
-0.0980566 -0.0834235
0.8472574 1.6546463
-0.3605240 0.1704923
-1.9821911 2.1070569
0.2631905 1.7225958
-0.5194652 0.3929284
0.6903906 1.9861513
-0.9516402 0.3437217
1.0732892 -0.3193170
-0.2409139 0.0894953
-0.5619385 0.5576959
1.7854321 -0.4511501
2.2759166 -0.1279905
0.3404305 -0.2854975
-0.4572481 0.2643758
2.5296321 0.1380088
-1.0233018 0.4624846
0.2091563 -0.2858069
1.3396112 -0.7194343
0.7439998 -0.0201911
0.3835995 -0.5433754
1.2690951 -0.1036438
-2.0262761 2.0675535
0.2112594 -0.1664646
1.3308021 -0.4971533
-0.5889705 0.3780164
0.9220278 -0.0178818
-0.7643066 0.1196969
1.6077414 -0.6126669
1.0977722 -0.5470540
2.3357444 1.1882380
-0.0244252 0.1512882
1.7275690 -0.2667643
-1.8935319 1.9368396
2.4333038 0.0767393
0.5475008 -0.2117644
-0.4602673 0.3372876
0.3042822 1.7343888
1.7884197 -0.3256334
1.4572771 -0.6376647
0.5680543 -0.0568513
1.6937609 -0.6579016
2.4335837 0.1010454
-0.5037004 0.4418517
-2.2066970 1.8239731
2.5142205 1.1458682
1.1014957 -0.3084152
-0.1524106 0.0050769
2.3698659 0.0422429
0.3290178 1.7773895
1.6915443 -0.6496058
1.1273556 1.7804949
-1.7645026 1.4208008
0.9591659 0.0760804
0.3739556 -0.4700675
1.4926813 -0.1593843
-1.9902470 1.6791259
-0.4138919 0.3794550
2.4030435 -0.0182231
-0.4503685 0.8341750
-0.6980308 0.2100520
-0.2076981 0.3504795
-0.4501151 1.0573776
9.5129366 -4.5190372
9.2340384 -3.5019407
9.3840036 -2.8926530
9.9467869 -4.2499046
8.6507063 -6.2554116
9.8366413 -4.3432364
10.0205002 -4.1771593
9.4832315 -2.9175770
9.4506502 -3.9177592
10.7020464 6.1110511
9.7849646 -4.8425722
8.6485081 -6.2086535
9.3660536 -2.2973297
9.8197336 -4.1826777
9.2741785 -3.5110042
9.4229250 -3.0757763
8.6638889 -6.3265038
8.9667835 -5.5819311
9.4658194 -5.2593975
9.2656975 -2.8530369
9.5773373 -4.4165721
9.1061869 -5.3469882
9.3490057 -4.4631162
9.5480690 -5.1907344
9.5554295 -3.5862696
9.5362825 -3.8207521
9.4215603 -2.7222838
9.5565929 -5.1220179
9.6184769 -2.5493906
8.6321344 -6.2755942
9.8401413 -4.3018570
10.1250715 -3.0181725
9.1905193 -3.5267475
9.5264883 -4.8490772
8.9173002 -5.1437497
10.0897598 -3.9723248
9.2820063 -1.5290891
8.7282600 -6.3556604
9.2495060 -4.6373224
10.0399494 -4.1659908
8.1002665 -6.8746672
9.8034849 -4.8477831
10.0926218 -4.4084868
9.3808746 -2.2453828
9.1368999 -2.9105182
9.3535738 -1.8980141
10.3985996 -2.8660293
9.7345953 -3.8185019
8.9605417 -5.2211070
9.8597822 -3.5235541
9.6260605 -4.7036405
8.7455301 -6.2705264
9.5644321 -4.7693610
9.8296070 -4.5122833
9.0546474 -5.5328221
9.5357552 -4.2166443
8.9042549 -4.0220594
9.2039175 -5.2152348
8.7168283 -6.2326798
9.7989569 -1.8831447
9.7466888 -3.5908272
9.3554220 -4.8359456
9.1728735 -5.1741943
9.1622429 -4.6220760
8.6671705 -6.3221049
9.5450306 -3.7360849
9.5779524 -5.6480150
9.8812447 -3.3308191
9.3934040 -3.1970341
9.4918451 -2.7295079
8.9479980 -5.8439126
8.7653990 -5.6199670
8.9634390 -3.2433524
9.9009733 -3.8281553
9.4986258 -3.6158643
9.3255157 -2.0574529
8.8751078 -5.2334852
8.0435324 -6.9305091
8.8501959 -5.6227674
9.7498760 -4.1527276
10.5595198 -3.9917712
9.7552614 -3.6781631
9.2903404 -5.2266812
8.8326101 -3.3862047
9.4783840 -5.1542234
9.4935122 -3.7116220
9.3371058 -4.6540341
9.1138916 -5.4121356
9.8392715 -3.6894259
9.4255667 -2.8439949
9.5296965 -2.7582159
10.4350567 -4.6751895
9.3880615 -1.1895173
9.8627539 -3.2386761
9.3432388 -5.8055253
9.3692713 -2.8398426
8.0459681 -6.9302192
9.2881374 -1.3278991
9.7894583 -2.8895445
9.3512640 -2.8454888
8.9393930 -3.8046045
9.7714634 -4.4760690
9.2319698 -3.6708436
9.4110241 -2.2545800
9.4435673 -5.0951819
8.6118784 -6.3412061
10.3921642 -2.9967084
9.8725729 -4.3003836
8.6903305 -5.8764229
8.8417301 -5.7996836
9.3111639 -3.4733663
9.5886621 -4.7365317
9.6755133 -4.4337988
9.2437048 -3.4857135
8.8829327 -5.3357058
8.6869097 -6.3088241
9.0589924 -5.2550316
9.5396233 -2.5778115
9.3852329 -3.0781245
9.5904760 -3.0108671
9.1766720 -3.5850141
8.5974131 -6.4274049
8.9154377 -5.2952337
9.5086746 -3.7022085
8.6553049 -6.3302479
8.8729534 -5.9405227
9.6003056 -4.3995786
9.3581524 -2.2997234
9.4420271 -2.5439186
9.6059418 -2.8591902
8.7651196 -6.1154685
9.6554022 -4.2443891
9.3034420 -1.8071593
9.3310947 -2.2908044
9.3283405 -2.4481084
9.6877832 -4.8616223
8.9663668 -6.1513944
8.4069729 -6.5662456
9.3759089 -4.8381734
8.2583752 -6.7316837
9.4634504 -3.5550323
9.3808928 -4.7477746
9.5729074 -4.5412531
8.3373632 -6.6418090
9.8282919 -4.4377832
9.3568630 -4.7428975
9.0878325 -5.4611135
9.4362869 -2.1251330
9.5930672 -5.0720863
8.9005451 -5.2041874
9.7206821 -2.8424797
9.2326097 -2.4616351
9.6837645 -4.2596755
8.6153126 -6.3816156
9.2981586 -3.1219320
9.0589981 -3.1019716
8.5954418 -6.3699603
9.2887583 -1.3081305
9.5269556 -3.6741095
9.4284115 -3.7744813
9.3996611 -2.8904915
9.4826431 -3.1158135
9.9759893 -3.2773354
9.5356684 -5.1224174
9.7763653 -2.8111153
8.2566690 -6.7288384
8.1960716 -6.7855310
10.2740288 -3.9547710
9.3115778 -2.8780832
9.7379484 -4.2679415
9.8674736 -4.0207429
9.1045570 -5.4391432
9.4659586 -3.4275544
9.5713978 -3.9136696
8.6367159 -6.3808045
9.1961975 -5.2691627
9.2460165 -5.1688199
9.4253979 -2.1314626
8.0313215 -6.9426508
9.1092548 -4.7248454
8.0514431 -6.9215455
9.3308411 -4.7355223
9.0241165 -5.4165568
9.1735582 -5.2923050
10.3083458 6.5934639
8.4773960 -6.4914565
9.6948414 -4.8308492
9.3654222 -4.6599531
9.7173891 -3.1518896
8.9702921 -4.9117837
9.8133364 -4.5602593
9.2889147 -5.2592134
9.2795944 -1.3478202
9.5719786 -4.2707028
9.2988997 -2.3536816
9.5710487 -2.6264145
9.7572556 -2.5981421
9.5638332 -2.5764713
8.5931005 -6.3417802
9.7444553 -4.3156896
10.2622252 -3.3510458
9.4606495 -2.1582994
9.1590786 -5.2284627
8.0722923 -6.9035931
9.0233727 -5.7043691
8.9240456 -5.7406096
9.2399292 -5.0459709
8.8182631 -6.2769408
9.4263029 -2.7917383
9.4162207 -3.1131587
9.3884640 -2.0866373
9.4371529 -3.3030994
9.2365370 -4.6414299
8.5338545 -6.4331136
9.6522541 -4.1403203
9.3922405 -2.9240785
9.4213371 -3.2703242
10.1694403 5.5185957
9.0921068 -5.4797397
8.5782948 -6.3938808
9.2095804 -4.8523607
9.7260523 -4.7224970
9.1050100 -5.4329977
9.3588896 -2.5686250
9.9560719 -3.3938673
8.9913940 -5.4769273
9.4945526 -2.5531635
8.0622511 -6.9132233
9.4795618 -3.2147176
9.5464201 -3.1910717
10.0149918 -3.3913138
9.2827215 -1.8484454
8.9788017 -4.9464355
9.4795446 -3.8016453
9.2765779 -4.6050935
9.5247879 -2.4999909
8.5864191 -6.4060650
8.7428160 -6.1916566
9.3359270 -1.9457144
9.4169540 -2.3901334
9.0671711 -5.3551984
9.3396749 -2.6764886
9.6044712 -4.2113748
9.1097383 -5.4139199
9.2379694 -2.3923225
9.5252333 -3.2265363
9.9261684 -4.6226869
9.3007088 -2.8671756
9.0407143 -5.1875725
9.0020542 -3.4756613
9.2897482 -5.3361931
9.7254086 -4.0792193
9.5326986 -2.4536886
9.2549210 -4.8178959
9.3563204 -1.9537860
9.2645340 -1.4974374
9.4421864 -3.5149376
9.3565989 -1.8610030
9.4633350 -3.7833977
9.6558399 -5.1409492
9.1817245 -6.0336494
9.6080370 -4.8402095
9.5360556 -2.6800756
8.3017559 -6.6890845
9.3337564 -4.3541327
9.5624065 -2.7275245
9.1018295 -4.2726355
9.3185444 -3.1264367
9.4511585 -2.1172206
9.7044687 -3.9439173
9.4820299 -4.3142748
9.9568987 -3.7524745
9.2553568 -3.4754953
8.0799255 -6.8949380
9.4438496 -3.5950356
9.5585756 -2.7136745
9.3713541 -4.9775753
8.2133532 -6.7745337
9.0851555 -5.4121380
9.1648932 -2.6210299
8.4697294 -6.5031819
9.9983721 -3.0569620
8.9154634 -3.5514703
9.9516973 -5.1723485
9.3483381 -2.8531694
9.5784702 -4.7773738
9.7263670 -3.1217194
9.4468126 -3.3435762
9.4409885 -4.1442928
9.4918022 -3.6766160
9.3734684 -3.3576615
9.7387829 -4.4872465
8.0627241 -6.9076662
9.2671633 -1.2410377
9.3577595 -2.2547131
9.3513517 -4.6790094
9.8794851 -2.9512813
9.0006723 -5.1497092
9.0575619 -5.2612929
8.6181021 -6.3067489
9.7190142 -2.4657290
9.3404751 -3.4341035
9.7739477 -2.9246209
9.1339722 -5.0620098
9.0800743 4.2304020
8.3656950 -6.6134806
9.5828180 -5.2100964
10.0025883 -4.3161416
8.9987879 -5.3680301
8.9857769 -5.0251255
10.7359829 5.2956409
9.3936625 -2.3100126
9.3779955 -2.8153920
8.7203283 -6.3680768
9.2088022 -3.7651162
8.2998562 -6.6831098
9.6423397 -3.7060409
9.0495033 -5.5660148
8.5707283 -6.4213428
8.7157984 -6.3153148
9.3672333 -3.1220136
9.4849987 -4.6540461
9.7056990 -3.8907681
9.7604122 -4.8772526
9.1901779 -1.4966334
9.2171040 -3.1893246
8.9748096 -3.2850635
9.8055515 -2.8044279
8.9099960 -5.0475812
9.2875280 -1.8092082
9.4230204 -5.0985727
9.1731548 -2.6417484
9.4591808 -3.1563690
8.7994204 -6.2366209
8.4936914 -6.4641581
9.6864605 -2.7642860
9.2123804 -1.4759972
9.2503901 -2.6427946
9.3810310 -2.0528026
9.4474535 -3.2225039
9.3869123 -1.4284863
8.1834269 -6.8014622
9.5980301 -4.4474964
9.1536112 -5.5649209
9.8081551 -3.1364319
9.4935856 -5.2513385
9.8667545 -3.8806427
9.1080999 -5.9619713
9.4840069 -1.9940702
9.0277519 -5.7875452
9.3666296 -2.3178279
8.4604931 -6.5163622
9.3994331 -2.4179642
9.5756760 -5.0426059
8.3881397 -6.5950913
8.8646822 -3.8440332
9.2131729 -1.4262161
9.3189869 -5.9217257
9.0422440 -4.9684443
9.0055704 -5.6345863
9.3838682 -4.8204327
8.4499655 -6.5263681
9.1747456 -4.5598445
9.4414959 -3.1015141
9.5920811 -2.7286198
8.7596817 -6.3289881
9.4755402 -2.8655608
9.2318525 -4.6285839
9.3867826 -2.9861305
8.1016569 -6.8767662
9.1255980 -5.8498063
9.3663359 -1.3571353
8.8499775 -3.9414043
9.0607691 -5.4166298
9.1290932 -5.3212595
9.7207603 -5.1995006
8.5544252 -6.4496546
8.7915440 -6.0125790
8.6719885 -6.3532181
9.8072863 -4.1344266
8.0520897 -6.9226270
9.6216812 -4.6254625
9.2318544 -4.2981930
9.4390974 -2.7951450
9.2950325 -2.9246325
9.1327505 -4.9744897
9.8599920 -3.4237113
9.2484570 -3.2406216
8.9400082 -3.7056930
9.3349190 -2.8645861
8.6158886 -6.3579626
9.2350368 -1.7181947
9.3520718 -2.4012170
9.8482256 -3.9650061
9.4376736 -2.0613902
9.1504335 -4.4187407
8.0256643 -6.9470081
9.3831873 -2.7508962
9.4942408 -2.5747371
9.3361254 -1.6924629
9.5121908 -5.2236791
10.5953503 4.8803697
9.9089222 -4.1603003
10.5238848 -4.2846169
9.6435108 -3.1993790
9.3422575 -4.7474279
9.0394325 -3.7164223
8.9260988 -4.1091428
8.0408783 -6.9338593
8.8938675 -5.9228086
8.9117289 -5.7497592
9.1732492 -5.4667058
8.9792852 -5.8370938
8.9570227 -5.9165983
8.1820545 -6.8009934
8.9621630 -3.7385402
9.2358236 -4.7669740
9.2241459 -3.5287054
8.3872805 -6.6005363
8.5432291 -6.4389520
9.2894936 -2.3614712
8.9523354 -5.0133076
9.1359072 -5.4064245
9.2730541 -3.0828261
9.4873972 -2.6081810
9.3141222 -5.2238750
9.3830357 -2.7224681
8.9776382 -4.9063158
9.4193888 -3.3598890
8.9389849 -5.1150637
9.1365805 -4.7293949
9.1520157 -3.6268373
8.3670454 -6.6365123
9.1894541 -3.7569883
8.0400305 -6.9339480
9.2711439 -1.0794060
8.0974674 -6.8778586
9.0916624 -5.7482729
8.9182310 -5.0611143
9.9663239 -4.1283813
9.6815453 -2.5435257
9.5114136 -3.5391583
8.9899044 -5.4875827
8.6236067 -6.2865615
9.7101431 -2.7960143
8.2848740 -6.7029924
9.7961683 -5.3714352
9.6462460 -4.3430600
9.1853209 -3.0188751
9.2099352 -5.4336276
9.4013367 -2.7946215
9.2965221 -1.3150883
9.7733450 -3.5678465
9.8421698 -4.1681113
9.5627813 -3.1124096
9.3866253 -2.3271658
9.3522120 -2.9405000
9.9140549 -2.9081035
8.8941755 -5.0218539
9.7855978 -2.8567402
9.2923183 -4.5996799
9.3176727 -4.7034435
8.9283504 -5.0568190
9.3249207 -3.1809101
9.3354111 -3.0547221
8.9387836 -5.0752821
9.6485624 -4.4378343
9.5692101 -2.5237796
9.2772064 -4.1879663
10.5633287 -2.9355750
8.6238117 -6.3988948
10.1631126 -3.9764977
9.6693859 -4.9243188
9.2820244 -1.7111026
9.4028015 -2.5889099
8.0566359 -6.9180212
9.3627148 -5.1911712
8.7191753 -6.3785248
9.2746506 -4.8480172
9.2648926 -4.9740024
9.5240536 -3.3017073
9.8164110 -3.8043442
9.9530106 -3.2830811
9.2619982 -2.4482751
9.3365078 -2.8377175
9.7348604 -5.2373333
9.2869043 -5.2585225
9.7184305 -4.8605423
8.6531353 -6.3300910
9.2505045 -4.9348016
9.4514399 -2.1120787
9.2134933 -5.9491439
9.4557228 -5.8096428
8.6287766 -6.3581500
8.8235655 -6.0670142
9.9798574 -4.0860882
9.6912479 -3.2418857
9.1920967 -3.3466876
9.8010359 -2.8945627
9.4553146 -3.1502540
9.3320131 -2.3915668
8.2808695 -6.6997886
9.6631260 -3.6790614
9.2366343 -5.5942116
8.9812756 -6.0699983
9.5085831 -2.5230808
9.1582375 -3.0287094
9.6725607 -5.1732554
8.9733963 -4.9614191
8.1791201 -6.8038721
9.3930597 -2.1762166
9.2710667 -3.4914813
9.3706341 -1.9022707
9.4128141 -2.4533012
9.3389864 -5.2566738
9.6818485 -3.5553792
9.8105812 -2.9774787
9.4249382 -3.1085079
9.0430746 -5.8063674
8.8736258 -5.2636342
9.2962360 -3.9906347
9.7231750 -4.1619959
9.4622793 -3.5616255
9.3549538 -3.5005591
9.3359547 -3.3340592
9.3507252 -4.4641953
9.8974581 -3.7333236
9.2615557 -1.2853051
8.4873619 -6.5320830
8.6377907 -6.3844051
10.4006557 -2.9659152
9.4878664 -5.2297611
9.8825693 -4.5495267
9.1767168 -5.2670259
9.9135227 -3.6507928
8.9850321 -5.4133172
9.4042768 -3.2369056
8.7941895 -5.5735979
9.2432690 -4.5282998
10.0363197 -4.0193043
9.3091593 -4.7401862
9.3790178 -2.4759369
9.5708132 -5.2543974
9.0657873 -3.0179300
10.0672264 -4.4352155
8.9192028 -5.7166481
8.8944702 -5.1747723
9.2214994 -1.4473759
8.9333849 -5.0184021
9.1404448 -5.3893890
9.5871582 -3.9158127
9.0560474 -3.1617186
9.4168673 -3.3128240
9.6105833 -3.0198774
8.8223877 4.3078198
9.5195980 -4.6482611
9.2998867 -2.0632026
10.0958300 -4.2528110
9.4010763 -2.8786759
8.4814463 -6.4963703
8.9227839 -5.1978598
9.5130930 -2.7347322
8.6231966 -6.3750215
9.7884960 -3.9501011
9.3784475 -4.1923637
9.1757765 -2.9414766
9.4365997 -3.2501118
8.1000443 -6.8672872
8.8934746 -3.5017419
9.0872478 -5.3880830
8.7259035 -5.5313168
8.0578194 -6.9188046
9.3396664 -5.1362786
8.6929398 -6.3603463
8.7413979 -5.7168565
8.4243631 -6.5563636
9.4523907 -4.9033642
8.9967928 -3.1740611
10.4295845 4.5931892
9.4218302 -2.4229224
9.2941103 -2.1020293
9.1748981 -6.0184555
9.9176273 -4.4151745
9.7584915 -3.7583282
9.3856888 -2.6878228
9.1297302 -5.3759642
10.4446774 -5.0190859
9.2782831 -2.3554981
9.0256739 -3.6535871
9.0559340 -4.8720732
9.2203999 -1.5469643
8.9314079 -5.3788452
9.2750359 -5.8621473
8.4428196 -6.5586467
8.7980824 -3.8233581
8.0678091 -6.9086642
8.4903822 -6.4852877
9.1628418 -4.7760658
9.2359428 -4.6347775
9.0157938 -5.5591016
9.2394648 -4.3971105
9.7379951 -3.7176747
9.3451729 -1.2728655
9.7999964 -4.4999857
8.8969030 -5.3064203
9.2909536 -1.8191152
9.4638987 -5.3198829
9.1485176 -5.3438497
9.0649242 -5.5606742
9.0939150 -5.5474663
9.1931725 -3.6520455
9.6723356 -4.1405501
9.7044916 -4.1357427
9.9088392 -4.6549311
9.0653477 -5.5679960
9.1504211 -5.4422965
9.8530331 -3.8779123
9.4062805 -3.2749059
9.7799387 -4.4199519
9.5135736 -4.6297355
9.4295902 -2.9445138
8.8061543 -6.4205575
9.3260899 -1.5555016
9.4392185 -2.4935308
9.7289934 -4.4471617
9.9417791 -5.3318839
9.0943995 -2.6907489
9.3247099 -5.3867989
9.5975313 -5.2221022
8.3324003 -6.6620932
9.7214365 -4.8779988
9.1073828 -3.4978495
9.2106028 -1.3912150
8.8502226 -3.3325953
9.4363623 -3.5499461
9.6836615 -4.4129109
9.9713516 -5.4477558
9.8289890 -2.6233256
9.8692026 -3.7778187
9.3527908 -2.4453483
8.6767321 -6.3734350
8.9933252 -5.5001507
8.8119164 -3.4420085
9.3886547 -2.8075402
9.7222681 -5.0026870
9.0286732 -4.8993444
9.2999849 -1.8471621
8.6817026 -6.3266687
8.8152609 -5.9584289
9.2891169 -1.3484533
8.2661829 -6.7218204
10.2842140 -3.7940204
9.2781925 -4.5998111
9.7357683 -4.5870314
9.7752686 -2.6403134
9.1116695 -5.3974128
9.3294401 -4.0323400
9.4602489 -3.1236928
9.2982330 -3.0734479
9.3485241 -3.1077845
9.2589550 -4.7950354
9.6606522 -4.4833331
8.8874865 -5.0874619
9.2843122 -2.0439246
9.4317408 -2.5759225
9.1612091 -5.9998140
9.0416088 -5.2966347
9.5401316 -2.6457074
10.5498009 -5.0913739
8.6692019 -6.2242260
9.3129845 -2.3662379
9.3507900 -2.6043649
9.4367113 -3.2907138
8.9407177 -5.8989449
10.1123619 -3.1545393
9.1802931 -5.2082686
8.9332600 -5.9061847
9.6449547 -2.8147862
8.8909101 -5.4819469
10.1195421 -3.9760296
8.1757603 -6.8083186
8.0442915 -6.9322691
8.9446154 -5.6231346
8.0410223 -6.9343534
10.2237635 -3.6933665
9.2520809 -3.5086665
9.6575584 -4.2350101
9.2268190 -2.9596014
9.3180943 -3.5795422
8.8771315 -4.0021482
9.2460098 -5.4950266
9.2916451 -1.8819667
9.3382721 -2.8058898
9.3351831 -4.4329305
9.2248907 -5.3726244
9.9238043 -2.7047963
9.0718346 -5.6723218
9.6415262 -4.1834388
9.2885723 -2.6478999
9.6447153 -4.6630845
8.9603586 -6.0025434
9.6342916 -2.5440781
9.8749876 -3.8917644
9.3282232 -4.7985997
9.7867603 -3.9868681
9.3534784 -3.1476836
9.0596876 -3.4963560
9.3412256 -2.4803591
9.5636644 -3.8200331
9.3931637 -3.2071028
9.2051325 -3.7340429
9.7682810 -3.5893781
9.8182764 -2.6394019
9.5088987 -3.9062181
8.9417906 -5.2072816
9.8967838 -3.4818692
9.0710011 -4.7344899
9.7102509 -4.3216257
9.5721827 -2.2635260
8.9273129 -5.7995262
9.2600164 -4.6772575
9.2925167 -3.6270387
9.4069328 -3.0221560
9.1651602 -2.4917448
9.2551012 -3.5407114
9.3561726 -1.4434993
8.8358107 -3.4033673
8.8549805 -5.2950401
9.5305719 -4.2616253
9.5155239 -3.2719367
9.7312670 -3.6972361
9.6031284 -3.2908566
9.9518700 -3.3398433
9.3954630 -3.4917853
9.0923204 -5.4596243
9.1538849 -5.2586451
9.1035414 -6.0364642
9.5861073 -3.2385263
9.3453293 -1.8376721
9.3213053 -4.4333639
9.2868223 -4.1474848
8.5511885 -6.4375119
8.9056492 -5.2457948
9.8043146 -2.9308248
9.5176363 -3.8065608
9.1771221 -5.2744265
9.4762840 -3.8408651
9.2567739 -2.7774162
9.4241762 -4.6571112
11.1503210 -3.7257519
9.2994747 -1.5171736
9.3630190 -2.4939067
9.5294504 -3.8183482
9.2132626 -1.4156791
9.5404615 -3.7164781
9.8373775 -3.8688550
9.4079294 -3.7376180
9.8262491 -4.3589849
8.9669247 -4.9825349
9.1869402 -2.9784479
9.3992605 -3.0988965
9.3403416 -2.9271269
9.7069597 -4.8790598
9.1605330 -4.5334396
10.2850418 -4.1957402
9.4636927 -4.5613546
9.4000540 -2.5814750
9.2301292 -3.5171778
9.3994808 -5.1097221
10.0942354 -3.9678392
9.6016884 -4.5458822
9.0680780 -4.7878208
9.2271585 -2.4248290
9.8802786 -2.6713977
9.1314163 -5.4825096
9.4046688 -4.8253837
8.8015795 -3.9098969
9.1927834 -3.2019482
9.2261925 -1.5637617
9.1381359 -5.4762187
9.8667345 -3.0990963
9.9284334 -3.2179399
8.1854439 -6.7987595
8.9632950 -5.5117860
9.2244644 -4.4588284
9.1970110 -2.9607630
9.6869421 -5.1448436
9.0433464 -5.0548272
9.8972349 -4.6405244
9.3118658 -1.9467633
8.8618240 -3.3954985
8.7042332 -6.1868348
9.2042084 -4.5982833
9.4097986 -3.3720059
9.6275043 -2.4040468
8.9746532 -5.4749861
8.9125328 -5.8457885
9.3750420 -3.0966399
10.1659689 -2.8884881
9.3061838 -1.5781957
9.7785082 -2.7972107
9.4271936 -4.1410651
9.1527948 -5.4589019
8.6703777 -6.3308201
9.2808819 -3.0729353
8.8864422 -5.8417907
9.0860291 -4.7804856
8.6758060 -6.3066115
9.9965754 -4.2193961
8.9809294 -5.9626131
8.0498219 -6.9235930
9.3026667 -2.9227812
9.7731686 -4.4243793
8.7264624 -6.1139855
9.8230743 -4.6068377
9.4120674 -2.4994283
9.5751667 -3.1930172
9.1220055 -3.7732210
9.1098156 -5.4737082
9.2405968 -5.3576689
9.6267099 -3.1489878
10.4175062 -2.9287822
9.5721903 -4.1829653
9.1388721 -4.4502554
9.5181065 -4.7547264
8.9213200 -5.9954824
8.5110559 -6.4230480
8.6908131 -6.2984838
9.5113688 -4.3967323
9.3231192 -5.6710377
9.1020012 -4.3859015
9.5612764 -4.5389271
8.8411703 -6.5634174
8.6386185 -6.2806435
9.5047970 -4.0130234
9.7733183 -3.9545348
9.1748762 -3.4291530
8.1220179 -6.8581724
9.6919527 -3.7008672
9.3482876 -3.0019927
9.3516521 -2.8233593
9.8190117 -3.4426396
8.0558414 -6.9214511
9.2128048 -4.6314378
9.3930454 -5.2926922
9.5337811 -2.6130323
9.8300390 -3.2394931
9.2818823 -1.3280551
9.0453577 -5.4347482
8.9712725 -5.5090146
9.6437225 -4.9367681
10.0940151 -4.0327840
9.2922392 -3.0853345
9.4766369 -5.1773739
9.4837408 -4.1969137
9.4414511 -3.1330793
9.5430193 -2.4178414
9.1802282 -5.9186850
10.6807222 5.2298059
8.8911257 -6.1677356
8.3668547 4.4524331
9.2821980 4.6328597
11.6119003 5.6983714
11.1924324 5.9685168
10.6125507 4.9946356
11.2730913 4.7352490
8.2405396 4.5171375
10.5836582 4.7249327
10.4853029 5.4869666
10.8220596 4.8288956
9.3866949 5.0013528
11.1570482 4.6026273
9.8573704 4.4707513
9.9972630 5.4748240
10.7135572 6.1481190
9.7193966 4.8058243
11.3470802 5.3948598
11.2782793 4.7399678
8.5829077 4.5089631
9.4297714 5.0555511
10.7861099 4.7423897
9.2681608 4.6626320
10.8192081 5.8822365
8.2442760 4.5888934
10.1846590 4.4650130
9.4828196 5.2173028
9.8121052 4.7864308
11.1162510 4.7514329
10.4908304 4.7860889
9.7366800 4.5651793
10.6096573 5.3930225
11.3669357 5.3364296
11.4035978 5.1629462
10.6119061 4.6213555
9.1964912 4.6244326
10.1195431 5.5818233
9.4677734 4.5847611
11.3493299 5.3673806
9.7860050 4.8539867
10.6761065 4.8422217
9.6104298 4.5809312
12.9506969 6.4997272
9.8299475 5.7845106
11.2852459 5.8888240
10.9207859 4.9975924
9.3788204 5.2413468
10.7394552 4.9784279
9.7097712 4.4835529
10.4705782 5.5993652
9.5634136 4.4658632
10.6641874 4.8804584
9.7049408 4.5412850
11.5819159 5.5555654
8.6859245 4.7738242
9.4430838 4.5123987
8.5274277 4.3699727
9.5503454 4.6562591
11.7756529 5.8579011
10.6052790 4.9291983
8.8499374 5.1604152
11.5800514 5.6887641
8.3468542 4.5394616
8.7462912 4.8115492
9.4576797 5.3473005
11.0409298 4.6588659
11.0003929 4.7683353
9.0082331 4.6334071
10.7529907 4.7159300
11.1147528 4.8094196
8.3081799 4.4017816
10.3352232 4.8120947
8.2433720 4.4717703
9.3792591 5.4209023
10.2774382 5.9181833
10.2083645 4.6689649
11.0887213 6.2747550
10.2887449 4.9297657
10.6696959 5.1513863
10.1750460 5.0396643
11.1574173 4.8134809
11.4246244 5.6570592
11.3379440 5.2190309
9.1217976 4.5329742
8.9531412 5.1740394
9.4272881 4.5249648
8.3861361 4.3923335
10.6690025 4.9034286
9.6450710 4.5506811
10.9301643 4.9511204
10.8290987 4.7480879
8.0833406 4.5702696
8.7663012 4.4230080
10.6512337 4.7381139
9.8253660 4.9582157
11.5129366 5.3326263
9.4333820 4.9816351
8.0627909 4.4993119
9.3796043 4.5678005
9.1010218 5.5282106
8.3624086 4.3129225
9.6881523 5.0023475
10.1165524 4.5741353
8.5541000 4.4079146
9.7933321 5.6473961
9.8682919 4.6733522
10.1947412 4.7867718
10.6590958 4.8255177
10.3944941 4.7888823
9.7097969 4.7618523
11.1996250 5.2230921
8.3521309 4.3800826
11.6700401 5.9280047
10.5183725 4.8377709
9.9777279 4.9868088
10.6914797 4.9888916
8.7806902 4.6548142
10.9317036 4.9452710
11.1170464 5.3839283
8.7311611 4.4259138
10.7911949 5.0762444
9.9532375 4.7366562
11.6584654 5.4643164
9.3471212 4.6297345
8.7800865 4.4931040
10.5412531 6.9264822
9.5344505 5.5032449
9.2505646 4.6226392
10.5153179 4.5107427
11.0810814 5.4010229
9.1519365 4.5691562
11.1708670 5.2121429
9.3936834 5.0929689
9.6697836 5.4920130
10.5846701 4.9343529
9.0800314 5.1553240
8.6458750 4.4088655
11.2600155 4.6818528
10.8646450 4.7715464
10.5215721 4.7607150
9.0578232 4.5811419
10.1137819 4.7300634
11.2048769 4.7505550
10.6092014 5.3391719
9.1670809 4.8222389
10.9496212 4.6402416
10.7032080 4.9753637
11.6029043 5.5376754
8.4635305 4.4690866
9.4491386 4.4695210
10.7103214 4.8553958
9.4849367 5.4960046
9.7839890 4.5734854
10.7473402 4.8394880
8.5645094 4.3935018
10.2139349 5.5008554
10.0658541 5.1670709
11.7040682 5.5395551
9.9589109 5.4919348
10.1954908 4.6280894
10.9912233 4.9850020
9.0085688 5.5659928
10.0705805 6.3472762
11.0035667 4.7181659
10.4197855 5.5932298
11.6095610 5.8184614
11.6558380 5.3765740
10.7657824 5.1966352
9.4966030 4.4647937
11.4121132 5.5195122
10.8174562 4.8548889
10.1338968 4.6918159
10.4953251 4.7625914
9.2661991 5.4375572
10.6337194 4.8163476
10.7785931 6.0208373
11.0589027 5.1225624
10.7857170 4.7456570
11.3692360 4.8377619
8.1662836 4.5977178
10.3579111 4.7445087
8.7559214 4.3573222
9.2248640 5.0855408
9.1873798 5.1700873
8.2725487 4.5484529
9.9080563 4.8537230
9.1457806 5.2176352
11.1316681 5.7044954
10.5173111 5.4941740
11.3078547 5.2128510
8.5955315 4.6301365
11.7739477 5.8535004
8.3155746 4.5183053
10.3050680 4.7114725
11.0467329 4.9710069
10.9571829 4.5043693
9.7693949 4.5463686
11.7121429 5.5770526
10.1698294 4.7911739
10.1178436 6.2707672
10.4865055 5.4834762
10.6121941 4.8209701
9.0761814 5.3790474
10.2219381 5.6474457
10.8104067 5.1079278
10.9446249 5.0592008
9.4046516 5.4184504
8.1482382 4.4757891
9.4482994 5.1851435
8.7197866 4.7723379
10.5464010 5.4969239
11.2085714 5.1259933
10.6147690 4.8272243
11.6660290 6.0854554
11.1850586 6.0007935
11.1991405 4.6887398
11.3079119 5.2879958
9.3547478 4.6641073
9.5287981 4.5110235
10.1853933 4.7213202
8.2560787 4.8462830
9.2753105 5.3161197
9.3051758 5.2180076
10.7324514 4.6069140
9.9509563 6.1630044
11.7110662 5.4557409
9.1052933 4.6448264
9.4505682 5.3553910
10.8169718 6.0638819
8.7970476 4.5011649
9.2375221 4.7736955
9.4401512 5.0885487
9.9137020 5.3696136
10.1515121 6.0366206
11.7739401 5.5561738
10.3099155 5.6397562
11.5771694 5.5626268
10.1898632 6.0049376
9.2297411 5.5298619
8.9864531 4.5913181
11.4115152 5.6505451
9.1634312 5.3552270
10.8934107 5.0504775
9.5098581 5.2590690
9.8102970 5.2828703
11.3085222 5.9638648
9.6559896 4.4771643
10.6496201 4.7970061
9.0123711 4.8165345
10.3842106 4.5148354
10.6656599 5.3633046
11.2062855 4.7454791
10.5422792 4.7933836
9.0339012 5.3988075
8.7285004 4.6298604
11.1574430 4.6423578
10.2842388 5.8821878
8.5266218 4.4855137
8.2524147 4.4214911
11.0133095 5.2852750
11.5334082 5.3125787
10.2372732 4.3975716
8.8466406 4.4473882
11.3940945 4.8139305
11.0867138 4.5470939
11.7883749 5.9023876
10.4096241 4.9096580
11.2998943 5.3171997
10.9252872 4.8376060
8.9933271 4.7363105
-0.1007800 0.0189036
11.6181059 5.5422497
10.5502081 4.7864494
11.7733307 5.7607322
9.9038897 5.1274571
11.1369982 4.6538396
8.8597488 4.3580947
10.5325232 4.7727942
10.0455275 5.0405984
8.3156214 4.4307675
11.5582981 5.3114052
11.1091175 5.0784426
10.7978439 5.1073079
9.6336575 4.6123714
11.6598330 5.4261594
9.5940323 4.6580963
9.6422920 4.5107217
8.6713543 4.4724088
11.4157305 5.2940931
11.6111164 6.5711808
9.5653849 4.5721173
11.5975618 6.4647818
9.5565977 5.3328071
9.5347233 5.5307136
10.6339350 4.8409562
8.7605944 4.5880680
10.5211048 4.7762675
10.1491222 6.3836274
8.5582647 4.5031776
10.7634239 4.8850307
11.7447243 5.6392756
11.5248194 5.2494888
11.1935978 5.5786920
10.1695986 5.5085430
10.2235699 4.9901500
9.1045761 5.4073553
9.5153198 5.0093155
9.5501490 6.2149901
9.3146791 5.2511539
10.4305964 4.5567870
10.5403862 5.3337202
10.1172132 6.4141431
10.6129217 4.7705483
11.0586920 5.0919552
8.8127604 4.7369819
9.3351851 5.1639366
10.7352171 4.9594526
10.5614443 4.7666492
10.3383427 4.6963897
8.3481684 4.6374378
9.3029270 5.3255720
11.6309147 5.4688554
11.5761003 6.0805860
10.4552679 6.0945888
8.2940178 4.3949742
11.4606628 5.1327586
9.2489634 5.4084206
11.1741648 4.7817030
11.7556171 5.4930611
10.2061558 6.4997373
10.3478508 4.6988750
9.6843204 4.5340104
10.7915068 5.4809389
10.5422049 4.7449126
8.4776793 4.4469271
11.2438860 5.7239046
9.0699291 4.6105547
10.7285271 5.8904805
10.5449190 6.3402295
10.6805353 4.8182564
8.0439339 4.5458651
10.5309935 4.7990756
9.7427845 4.6544971
11.8257065 5.8732228
9.1351900 4.9020123
8.3639355 4.5497365
9.3705950 5.4484677
9.2308521 4.5992045
10.3172674 4.7166228
10.6734295 4.8128119
11.6433487 5.4998350
9.8355503 5.7584505
10.9019003 4.9783731
11.0261269 4.7781568
9.5934324 5.1264162
10.6267166 4.7762623
10.4898996 4.7294836
11.6075592 5.7722850
11.0195580 4.9941626
9.4495192 4.6242857
9.9916172 4.5209627
9.5236263 4.5162601
9.0336494 5.3358560
11.2853498 5.6051078
10.4076653 5.9450541
11.4629049 5.3790517
10.3181486 4.6872411
10.1758537 4.7026439
11.1819668 5.0982065
10.5536556 5.0757527
9.5562372 4.5296016
10.0230942 5.6668258
10.5566072 4.4654613
8.7044640 4.5164957
9.0166454 4.5102735
10.8044214 4.9344544
8.7856293 4.4724736
10.6326160 5.2625871
9.1709023 4.7045779
10.9095411 5.3791542
8.1673889 4.4874396
8.8988657 4.5010300
8.5771513 4.4342523
10.6321211 5.2892637
10.2972593 4.7547956
11.5785227 5.6991224
9.9386024 6.2480640
11.2279654 4.6001425
10.5576773 5.5777340
9.2699642 5.1218843
8.3930264 4.5780864
9.3886728 5.3683548
10.5684242 4.8496122
10.8208752 4.8786159
11.0975618 4.6770763
11.6823082 5.6874127
10.8087234 6.1808405
9.5036287 5.3197336
10.9187222 4.7110167
11.2890997 5.3069148
10.4227324 4.6902843
10.6442442 4.7023935
8.4304781 4.3571305
9.2878790 5.4018826
8.7611542 4.3943214
11.0179653 5.2795467
11.2652349 5.0129085
8.0746384 4.5565629
8.3564854 4.3715763
9.2380924 4.8063269
10.7626209 4.7669191
9.4991446 5.1587501
9.0111217 4.5132308
11.2578793 4.6988087
10.9174614 5.4830971
10.6037922 4.9261069
10.9190960 4.8780355
9.4047508 5.3238235
10.9442415 4.9132967
9.0085649 5.3711553
11.0407019 5.0805159
10.1959419 4.8805823
8.7410107 4.8207340
11.6017103 5.7120500
9.4515276 4.5179944
9.2172804 4.5753727
10.9675837 5.1500630
10.8989916 5.1400661
11.0030708 5.0244660
11.1204138 5.6273842
10.5400057 4.7695265
8.8755846 4.7207494
10.9800577 5.2522526
10.4706097 5.8817191
9.5244961 4.9308033
9.6153078 4.7204313
10.6491137 4.8212037
9.1177607 4.6093841
11.6822624 5.6557660
11.5195866 5.4702501
9.5152311 5.6333847
10.6821508 5.6424971
9.3068018 5.2275901
11.2497463 4.8566875
10.7479448 4.8794689
10.2098665 5.9671865
8.6827803 4.4676814
9.4338455 5.3011336
10.5698929 4.9457431
10.8861637 5.2070227
9.7874451 4.7031078
10.3315897 4.7959571
9.6015196 4.7847915
11.2377729 6.0226507
10.9594202 4.9224930
11.2644529 4.8217349
10.7600193 4.9233613
10.6912870 4.6334496
11.3548632 5.6036458
10.2521944 4.6883807
11.0176067 4.5042806
10.5365973 4.5060534
9.2757664 4.6385040
8.9383793 4.7465892
9.2667542 4.6343350
11.5159073 5.2214665
10.6734724 4.6193218
11.4407234 5.3062286
9.6132183 4.5505047
10.7038517 5.0512819
9.6784353 4.6596074
10.1543789 4.7212400
11.2997608 4.8647418
10.9962626 4.9914927
9.6239004 4.5254593
10.2144899 6.5509796
11.3788748 5.3660274
10.0598917 6.3325253
10.8754959 4.4671607
9.4447107 5.2235751
10.8736591 6.0265045
10.6864939 4.4541988
11.1084614 5.0010142
10.8980722 4.8276448
11.1216173 5.1494436
10.0357361 5.4223762
10.8393869 5.2528930
8.9518290 4.7656183
11.7754812 5.4905334
8.2340097 4.5214682
10.4213743 5.7192173
11.3332434 4.9566712
9.7155676 4.5188136
9.6745491 5.7649798
10.2988443 5.3199573
11.3700333 5.1186137
8.2779236 4.4308391
10.9128895 5.3053589
11.0222540 4.4983029
9.2369881 4.6923561
8.8553352 5.2065163
10.6376963 4.5900736
11.1254759 4.7526326
9.5197163 5.0708766
9.7769957 4.7222757
10.8957748 4.8673663
8.6430397 4.7194190
9.6228828 5.5604329
10.6497021 5.0218654
11.7313805 5.7064862
11.5645924 6.1175847
10.3072643 4.7137055
9.3077049 4.7718439
11.6735392 5.7268386
10.6435719 5.0649991
11.5486355 5.5705070
11.0138702 4.5061474
11.4944105 5.3921909
11.2533207 4.6990843
10.6872158 5.0205512
9.3329515 5.5391994
10.8003216 4.9164081
9.4457703 5.1069818
10.8006783 5.8012338
10.7700872 6.0691581
11.6004591 5.4944706
8.0901079 4.5345573
10.8578959 4.7845721
10.7493992 5.3081403
9.4354534 4.4944282
10.2208586 4.6783109
10.8131094 4.9617190
11.2359390 4.6782331
10.8771286 4.8994617
9.2465754 4.4459381
9.2319622 4.7346258
10.3818645 5.6937108
10.9959431 4.6682234
11.0069590 4.6638985
11.6438160 5.8348403
10.0654316 4.6474710
9.3550053 5.7878098
10.6593351 4.9496865
9.5728378 5.3152170
10.7015562 4.8470330
11.1947327 5.0864706
9.9129658 5.2127838
11.5559902 5.3864160
9.7235050 4.7209277
10.7981863 5.4285760
9.5462046 4.4327707
11.4495897 5.3939052
8.7199278 4.5317636
11.4497938 5.5334172
10.7536478 4.8385277
9.4144392 4.8075809
10.4953003 4.8788838
8.4675503 4.5012751
9.4374065 5.1310735
10.6235828 4.8055778
9.4571781 4.9390435
9.4115810 4.9996262
10.1755276 6.3669696
10.7442484 4.8388638
8.9708700 4.6343994
9.3477240 4.9431849
9.3865252 5.0017934
11.2197447 5.2452297
11.3194809 5.3018427
11.4318838 5.4042749
11.1996613 4.5635347
11.2063293 4.6865911
9.0092173 5.2782736
9.4810953 5.7177606
9.3104992 4.7755785
10.7446518 5.1575122
10.9439707 5.4397740
10.0579538 5.1348939
9.5687370 4.5396109
9.2548046 4.8188548
9.9635429 4.7654290
11.6103086 5.4831338
10.4044666 6.3377876
9.0786161 4.5844693
11.3255405 5.2428346
8.1977386 4.4675941
10.6063480 4.5193315
10.8357077 4.9033523
9.4920101 4.4782186
9.4374399 4.4946156
10.5866795 4.7943945
9.2459993 4.4475121
10.8956642 4.8348355
9.2988586 5.4594684
9.5897274 4.7053857
11.0846844 4.5684528
10.6025772 4.7826385
11.1457119 4.6899304
8.8317041 4.5122466
10.7333221 5.0531659
9.6292162 4.8748941
9.5937710 5.5153952
11.2075071 4.6228099
10.2715931 5.8131995
10.8595600 4.8476911
11.1470251 4.7098718
10.5726700 4.7965164
11.6433411 6.1462917
10.2280416 4.6856160
10.5147057 5.5432935
9.0744381 5.0826087
9.0082722 4.7124615
11.1090717 5.1065502
11.1823063 5.1634140
10.3741407 5.8042865
11.0816317 4.5137615
10.6460161 4.8301420
10.6233072 4.4665184
10.2012959 4.6321211
11.1141100 4.5693836
9.8986740 5.8537941
10.0707226 5.3434916
10.7391262 4.8700032
9.4498987 5.7893348
9.9230661 6.0441227
11.5182981 5.4630237
8.3928432 4.5586433
9.9946680 6.2338529
8.5972719 4.4669037
9.3986158 4.4513817
9.5432673 5.1284308
10.4424543 4.8669863
9.4151115 5.9511037
9.7408180 5.0843449
10.8010397 4.8570976
9.5102873 5.1665998
10.4655790 4.7309980
10.7268000 4.8657694
11.6794195 6.5465975
10.9207296 5.5960212
9.8996296 4.7090449
10.8124037 4.8266702
11.1671782 4.7104268
10.7349243 4.8614807
11.1534357 5.2371058
10.8676081 4.8149991
9.1071529 4.5667768
