x y
2.3053281 1.4990513
-3.3873234 1.3968924
-3.6010978 2.0452271
-2.6869299 2.1881747
0.1383873 2.2956879
-3.2389891 2.5401990
-3.4912465 1.2967216
-1.8194609 1.1227951
1.6471554 1.8170254
-2.6700127 2.1332033
-3.5138118 1.9618354
0.0880994 1.4984655
-3.5778944 2.0688949
-1.0136786 1.3911785
1.5687485 1.4073175
-3.4138196 1.3692824
1.6831853 1.4553070
0.1832472 1.5086862
2.6665490 1.0707123
-0.2221887 1.0756048
-1.2458737 1.2359968
2.5230193 1.1855592
-3.6600397 1.5545775
-3.1868415 2.5387306
-0.1421479 1.2753330
2.3498957 1.0927314
2.6427176 0.9451193
1.2517654 1.4658496
0.2849326 1.5437765
-3.6709282 1.9595150
-2.2348194 1.1772599
1.2825304 1.5956117
0.0729083 1.6210037
2.4347298 1.7866311
0.1098053 1.5025334
-3.2620022 2.1881607
2.9456327 0.6609581
2.4081972 1.3199083
-2.0544925 1.1368315
-3.1753345 2.5862603
-0.3395046 1.2400343
0.9600551 1.5578698
0.8108268 2.1564214
-0.8369895 1.4054269
-3.4302385 2.2174768
2.4876223 1.1416247
1.4039741 1.5469459
0.0904683 2.2992003
-2.9697311 0.9452533
-2.6419544 2.1076858
-3.5914631 2.0424321
-4.3114910 1.1117622
0.1290694 2.3600135
2.4421210 1.3147074
-3.1955419 2.2519870
-0.2378847 1.2080901
-3.7805750 1.7971435
0.0336864 1.1122534
-3.8165739 1.7047561
2.4458787 2.0100555
2.4328704 1.9813921
2.7465641 0.8438934
-0.2901323 1.6708362
2.3910542 1.5458945
-2.7989221 2.2481019
2.4714735 1.1538717
1.6606508 1.4549611
-3.5047719 1.3612200
9.9683676 6.9541597
2.2610040 1.8804188
-3.2095082 2.5672615
1.5860362 1.6710129
2.8441195 0.8931518
2.4491305 1.1740520
0.1390770 2.3778172
0.6891285 1.9564836
-3.1962311 1.1393979
2.5044649 2.0800130
2.3240237 1.4635091
0.4915417 1.6176747
-3.5874019 1.5117910
-3.0379360 2.2838120
0.0595650 1.0648922
1.9600483 1.8383857
1.6625491 1.4570494
1.4221333 1.6947572
-1.3468598 1.2212907
2.4687557 1.2840091
0.1584979 2.3613856
-1.4920899 1.1930929
-0.0163688 1.3379610
-2.7272274 2.0485134
0.7039233 2.0275159
-3.5671415 1.4626609
0.3239126 1.3147862
1.3173074 1.7336295
0.7642753 2.0401359
2.7263193 0.9679252
1.4759372 1.6284416
0.1810992 2.2993393
-2.9867816 0.9754137
-3.7681792 1.8394898
2.3479595 1.7894084
0.8222285 1.9530641
3.0865169 0.5230206
-2.6001132 0.4532907
2.3124082 1.3924793
-1.1905291 1.3656163
-0.6560708 1.3389810
-0.1800618 1.1894430
0.5001196 1.6649913
-3.1496084 2.5335326
-0.0765759 1.1524410
1.9971939 1.7712550
2.5065694 1.1481086
2.9772096 0.6647756
-1.7492449 1.1611758
1.9237757 1.5368156
-0.5599443 1.3348007
-3.6215537 2.1413000
-1.0949985 1.3568199
2.9191055 0.7605808
3.0079947 0.5577038
-1.4022474 1.2414925
-0.1047085 1.2155014
1.0880718 1.7288641
9.9826136 5.9056420
3.0120122 0.5093475
-0.0255660 1.4613670
-0.4799609 1.4826350
-3.2636740 2.5068817
-0.9100697 1.3054837
0.7730303 2.1525216
1.5224154 1.5044482
2.5521824 1.0335952
2.7575476 0.9666081
-3.8228402 1.7787689
3.0034773 0.4510985
-3.6220720 1.5019839
0.1598817 1.0925525
-4.1954889 1.8758301
3.0208654 0.4859889
0.4415681 1.6170510
1.5084221 1.5554653
2.4272902 1.2932471
2.2171576 1.8749833
-3.8818085 1.6891991
-0.0355831 1.3316571
-0.1844645 1.1293021
-0.1083713 1.2318789
2.0857544 1.5478387
0.3936111 2.3409810
-3.5765266 1.4626049
-0.6609238 1.3546156
-3.7218983 1.8350946
-2.6854992 0.6819378
-0.6945328 1.3538826
0.2179189 0.8802030
0.7379979 1.7929785
-2.5639031 2.0469790
-3.0845912 2.5021784
-3.2430167 2.4802468
0.6292931 2.0436251
-0.7225627 1.3704576
-2.7948787 2.2055943
2.4292674 1.3880290
-3.0878706 1.0809970
2.8824041 0.7571105
0.2725601 1.3080764
-1.4884814 1.2110010
2.2884753 1.4397972
-3.4663875 1.3142805
-2.9913104 0.9823397
0.0431308 1.6409484
-3.6244893 1.5179939
2.7171195 0.8564288
3.0430498 0.5271112
0.0230880 1.0808964
1.4195085 1.5688869
2.5063109 0.6886978
0.1393474 2.0628536
-3.5933287 1.5218118
2.4775643 2.0423462
1.1419142 1.6975893
0.2252586 1.6578714
-0.1092565 1.1594857
0.4068947 1.5985638
0.7465591 2.0009251
2.4992692 2.0542090
2.2848709 1.1239246
1.5546556 1.5447417
2.9861629 0.6092045
-3.2534952 2.3466277
0.1192525 2.3783336
-3.5965965 1.5060134
-3.5446022 1.3658202
-3.0113990 2.2593515
-3.2208807 2.5602205
-3.2851660 1.2651756
2.5096014 1.2048842
-1.4121534 1.1935550
2.5413029 1.0892473
-3.5319169 1.3412622
0.9908607 1.9272890
-3.1140141 2.5227368
0.0510200 1.4674067
1.6857067 1.6890658
1.3538989 1.5237259
-0.2275368 1.1771195
-3.3724153 2.6663992
1.9104050 1.4271351
2.3712995 1.2701797
0.0038593 1.2953552
-3.6790948 1.9726233
-1.9167463 1.4935946
1.4123605 1.6052300
-3.0780816 1.1433902
0.6245488 2.0531394
1.3224922 1.8397052
1.6187322 1.7099442
3.0024159 0.5437725
-3.6251662 1.6905653
-3.0787768 2.2761927
0.1951932 2.4381783
0.0117909 0.9935625
-0.0023063 1.3609105
-3.2931087 1.1630677
-3.6795232 1.9715155
2.8494370 0.8731217
-3.9955287 1.4680123
-2.3999059 1.9390393
-3.0752888 2.4338806
-0.9062592 1.2699713
-2.7033675 2.1659639
1.3839061 1.7664573
0.0033568 1.8793582
-2.8252137 2.2317762
2.5028818 1.2487649
-3.7040169 2.0665531
-3.5364454 1.3269426
2.2675443 1.3378534
0.1298042 2.4117043
1.4017392 1.5433736
1.1654482 1.6606563
-3.2354705 2.3143349
0.1942191 2.3308625
2.8860514 0.6474584
2.3044600 1.8333640
1.9632632 1.4288061
-3.7279892 1.7916642
-1.8553243 1.2150903
-3.0953169 2.5440891
-3.7547510 2.0485895
0.1672501 1.6901640
-1.4261334 1.2381123
-2.9358635 0.9301492
-2.5559707 0.3895043
-0.8526044 1.3861685
-3.4633341 1.3460172
0.2632197 1.5552670
-2.9520929 0.9675410
0.1334039 2.1562452
1.3987101 1.6585327
0.8487382 2.1463308
-3.3204105 2.6226144
1.2457383 1.7828692
-3.1647708 2.4861178
-3.6112669 1.5020807
3.0134780 0.4724258
0.0794914 2.3393011
3.0182028 0.5148813
-0.5339729 1.3370029
-3.5774186 2.0576904
-3.4524453 1.3387939
2.4057026 1.9730121
0.3174185 2.4605825
2.5912552 1.1558059
2.9478288 0.4394339
2.3356228 1.4206800
-1.4356768 1.2269084
2.0154707 1.4837619
-3.4697266 1.2320533
2.6448877 0.9055403
-3.1107233 2.5805357
0.4589224 1.5765060
2.4465222 1.8236825
-3.1376462 1.1431612
1.3523537 1.6803331
2.4299169 1.3412552
0.5189146 1.6989172
2.4666464 2.0103440
-0.1231346 1.1020594
0.1316405 1.6071105
2.3175068 1.8773544
0.1095735 2.3074417
-3.9207168 1.6880924
-0.9482446 1.4551824
0.0905205 1.9197969
-0.9270869 1.4159509
-3.1380994 2.4222302
-3.0673530 2.4677737
-3.5987694 2.0935490
0.1192639 2.3915458
2.2792630 1.8775353
-3.1317358 2.5456722
0.1633096 2.2992506
2.4424736 1.9914593
1.4688783 1.5969723
-0.0121421 1.2440175
-0.0990666 1.1245689
1.4256516 1.5967900
-3.5394990 1.3816363
2.8316774 0.8637185
-3.1434577 2.4268856
0.7575753 1.9449501
-3.5750167 1.4559196
1.3904049 1.6808959
0.1867327 2.3387978
-0.0969809 1.0719093
-1.4940228 1.0775987
-2.9955034 1.0209762
0.6527390 1.8637015
-3.3698287 1.1874545
-0.4473330 1.3043594
-4.0527797 1.3931550
-3.6829929 1.5801184
-0.2120124 1.5343864
2.8965857 0.7590738
3.0464065 0.5012191
0.7426750 2.1702411
-3.1399341 2.3934669
-1.3695117 1.2288888
2.6452827 0.9193335
-0.8743927 1.4632198
-0.0632811 1.2906518
-3.5646982 2.0795710
2.3689048 1.1677673
2.4466798 1.8621763
-0.5094841 1.3723474
-1.5691561 1.1334389
-3.1239009 2.5429323
1.9860156 1.7471251
-3.2141438 2.2764533
-3.4444878 1.2274265
0.4593088 1.5865927
-3.6101263 1.9357569
-2.9162390 0.8678466
0.1250808 2.1726465
-3.5943716 2.0803137
-3.6705568 2.0624576
1.5153289 1.7450752
0.2196423 1.5297710
2.9858191 0.6637773
2.0222197 1.3872328
-3.1431990 2.5574307
-0.1047342 1.6815072
0.1498935 1.5219456
-3.5542758 1.4742547
-3.4078636 2.2558773
-1.6244003 1.2577723
-0.1135290 1.1623544
-3.5902629 1.4981784
-1.1963832 1.3329967
-1.9309554 1.2141092
1.4123867 1.7535417
0.1610207 1.4885024
1.0394053 1.5467224
0.3006166 1.7174262
0.4072657 1.5481343
1.4775029 1.7420725
-3.4670086 1.1366869
-2.6063149 0.4537953
0.6820464 1.4792501
-0.3227996 1.1999985
-0.5386819 1.2917994
1.8291175 1.4120353
0.1337562 2.2167082
-1.4693242 1.2518736
0.1156284 2.3475008
1.3680931 1.8778689
0.2388743 1.4672951
2.8768106 0.8013938
-0.0980602 1.1006347
-1.3888837 1.3236877
-3.6060205 1.2609459
-0.0139339 1.0455023
-3.0918937 2.5062723
-3.5342202 1.3074770
2.4761119 1.8783592
2.4058247 1.8173784
-1.0356426 1.2675735
2.2631614 1.8005408
2.0291164 1.4174988
-3.1950054 2.5220439
0.1745218 2.2630000
-1.1045384 0.6357047
0.5064431 1.7187752
0.1016511 2.3430159
-0.0137440 1.9041352
0.6971381 1.6810743
2.6645434 1.0118978
0.1712362 1.9695023
-3.1857224 2.4641595
-2.5854893 2.0706782
1.3493381 1.5222235
0.2588089 1.2685910
-3.1819339 2.4474926
2.4533002 1.1681941
0.0343760 1.3736125
-3.3675387 1.4069494
-1.5927035 1.2871978
-3.3109925 2.5843000
0.7146469 1.6390744
-1.4859353 1.1722872
-0.8416657 1.4259597
2.4284396 1.9853686
-1.4773411 1.2008995
-2.5293627 0.4687929
2.8331273 0.8408027
3.0463779 0.5693436
-0.0341374 1.6947230
3.0394263 0.5338206
-0.0982777 1.0562450
-0.0241555 1.6726247
0.3646842 1.5065544
0.3553291 1.7749484
2.3121114 1.6965019
-0.1490570 1.5616413
-0.0444505 1.4192430
2.9524379 0.6276715
-0.0303183 1.0925109
-3.4304888 1.1872557
1.4379259 1.6469556
1.2652036 1.6324831
1.5644026 1.7846557
-0.6466263 1.3579645
1.0900947 1.6364427
-0.6449103 1.3411025
2.5084813 1.2135453
10.1380215 7.2418203
0.5318784 1.7089403
-3.8526447 1.8562795
2.3564618 0.9854992
0.9406068 1.6040050
-1.4779497 1.2500449
1.9386692 1.7122116
-0.0825530 1.6777469
2.4537709 1.7731938
-3.0528815 2.3812366
-3.5760789 1.4420758
-3.3827093 2.7125432
-3.3495634 2.2369339
1.5813366 1.6682919
-0.0806819 1.6932524
2.7648048 0.9525547
-3.6912100 1.8629653
-2.8458955 2.2451947
1.6572102 1.5468436
-3.0922353 1.1998339
0.0955652 2.3132396
2.8910387 0.7814869
-0.5660998 1.3362010
1.3198234 1.8161143
2.6386342 0.8988402
-1.6962949 1.2261716
-2.4814658 1.9590033
0.6475785 2.0134032
-0.2795299 1.2073883
0.1819735 2.3209944
2.3701174 0.9948607
-0.2767174 1.2288036
-3.2242038 2.5957718
0.5965846 1.8477204
1.4040623 1.5972403
1.6722010 1.4638438
0.5411069 1.7520208
2.4223330 0.9788315
1.1995673 1.5824087
2.0647171 1.6143519
2.5645888 1.1655663
0.1456568 2.4134178
-2.6830034 2.3148563
-3.1137967 2.4573343
-3.6129053 1.2695986
0.1273359 2.3331368
-3.1537099 2.3825986
2.3452799 1.9466413
-3.0950503 2.5101776
2.5686893 1.0415007
-3.2811534 2.3135226
-3.6646898 2.0330656
2.3241699 1.4374545
-1.4261849 1.1891840
-0.0223364 1.3763146
-2.8022952 2.2375252
-3.5820787 1.4915227
-3.3891265 1.7606844
1.5183878 1.3878359
-3.7495589 1.6934134
-0.1145386 1.7964098
2.9421721 0.7196626
-0.2734164 1.0928926
-3.0153985 1.0672997
2.2297676 1.8472881
0.1077665 1.5408971
0.1302021 2.4401026
-2.6676924 2.1898677
-0.6799419 1.3912343
0.9626011 2.0861716
2.4926896 2.0591023
-1.2553967 1.0579453
-3.2509503 2.2224557
0.7767257 2.0896499
0.2125814 1.5366226
1.5466666 1.6589791
1.4711596 1.4643552
1.2742401 1.9894475
1.6231622 1.4996696
2.9885774 0.5877107
-3.1710880 2.5415506
-0.4179871 1.3378429
1.0067347 2.0515501
-0.1519755 1.1068387
-0.7193965 1.3508897
2.4438791 1.9845220
2.0224352 1.3279324
-3.5819373 1.4634110
-2.7733634 2.2139831
1.8174722 1.5318055
1.8826011 1.3983128
1.0177313 2.1191404
1.5754583 1.4206154
2.5034337 1.1709924
-3.3816199 1.3563652
2.4818017 2.0336611
-2.9239602 0.9757783
-0.2234686 1.2983836
2.5226119 1.0536182
1.5627613 1.6761926
-3.1212225 2.5125089
0.1076610 2.2990544
-1.5526955 1.2116200
-2.9087951 0.9420130
2.1813900 1.3932749
0.9486532 2.4921110
-0.0322008 1.3562669
2.3331497 1.8854504
-1.7579736 1.3095292
0.2557505 1.2805775
1.7925841 1.4845256
-0.6319838 1.3354912
-3.5469706 1.3715857
0.1534169 1.4876347
2.9533305 0.6468969
-0.0701049 0.9632078
1.3650007 1.6689593
0.1061937 1.4303727
2.4412730 2.0113428
-3.5728376 1.2873727
-3.6099496 1.9719459
-2.7003708 0.6218923
0.1111304 2.3406069
0.6680154 2.0830514
0.0686607 1.8847065
2.0464756 1.8419033
-2.3912177 0.5503779
2.4652185 2.0260928
-3.6630409 2.0037742
-3.2289600 2.2758429
0.1138786 2.2832000
0.1245733 2.2779114
2.2692504 1.6005796
-0.0444184 1.7790067
1.3493557 1.5447416
3.0218251 0.5245124
3.0692441 0.4990993
0.1217425 2.3264556
1.5415517 1.5055741
0.1806806 2.7369976
0.1482907 1.4944524
-3.1077831 2.5486717
1.6998260 1.7244840
2.3130355 1.5187954
-3.7089629 1.9358453
-0.4304936 1.3238529
-3.1918015 2.4423335
-2.8693452 0.8428098
0.5788034 1.7998420
0.2959872 1.0348864
0.1160267 2.2750630
2.6754658 1.0608665
-3.6066628 1.5212743
-3.2433455 2.3055429
1.8211867 1.5852103
-2.6660857 2.1852701
2.1352050 1.5497752
2.1580589 1.8135434
0.3881287 1.4782887
2.4795589 1.0452902
-1.1817063 1.3672371
2.2191389 1.8083872
0.3858042 1.4645548
2.4399097 1.9530448
2.7482829 0.9479302
-0.1555977 1.0998755
-3.5872982 2.0643017
-1.1387428 1.2854415
-0.8438657 1.4256592
0.0148951 1.4895567
-1.1258786 1.3337746
-3.6817186 1.9263200
0.2001477 2.3545492
2.9644005 0.6398284
2.6552384 0.9979250
-2.6304662 0.9901253
-3.0356007 1.2463920
-0.4895245 1.3236564
1.1672987 1.7197858
-3.5548360 1.2317650
-0.7986419 1.3727387
-3.4401722 1.3651193
-1.6701692 1.3055320
0.0684526 2.0102115
-2.0890570 1.6504343
0.0363765 1.1724716
-3.0030107 1.0567991
10.0475740 7.0528059
0.2332747 1.3652443
0.0119853 1.8057152
-0.6431044 1.3514822
-0.0384684 1.6584393
2.8939180 0.7749530
-0.1369123 1.1931156
-0.1425505 1.5279144
0.2567818 1.3537201
-0.1136296 1.1169822
-3.0961924 2.5531292
-0.8515764 1.3878671
-0.5403335 1.3554648
-0.9360634 1.4333701
0.2648505 1.8572619
0.0453035 1.9671305
2.3697066 1.1003830
-0.2596385 1.1383988
-3.1856110 2.4848273
1.7331136 1.5279440
2.3109655 1.5287647
-0.6750774 1.2954556
0.0262378 1.5383576
0.0952702 1.4297853
1.6254190 1.4631559
-4.0731816 1.5681909
1.3282325 1.9631032
-2.9436488 0.9378659
-3.0330486 2.5691185
0.4215061 1.5445870
-2.7828143 2.2583785
-3.0740566 2.4006729
2.9539716 0.6668608
-3.8550155 1.8423511
-3.5268950 1.3556091
-3.3915977 2.1297085
-3.6716776 2.0757174
2.3369107 1.5918396
0.5217741 1.7128181
0.1288484 2.3325338
-2.7574236 2.1986904
0.1140047 2.3177762
-0.0021486 1.1073627
-2.5640352 2.0508368
-0.7424247 1.3777587
-3.1740856 2.3923593
-0.0130790 1.1039721
1.2183444 1.7051927
1.5263594 1.5278139
-2.7031629 0.8599998
1.1484714 1.7825634
-3.2757213 1.2530323
-1.8862219 1.1455909
0.5089082 1.7017781
2.6208608 1.1553779
1.5960497 1.4950286
-0.8506901 1.4211365
10.1010971 7.1904044
-0.0026648 1.8205795
1.5054232 1.5159382
2.7030056 0.9015187
0.4219414 1.3900132
-3.6901515 2.0016832
2.1576116 1.8004100
-1.9986531 1.1995913
0.8006497 2.2246625
-3.1555095 2.5408778
0.6537423 1.4371644
-0.6182669 1.3285602
-0.0083262 1.3456858
-3.4972494 1.3219277
0.4457693 1.5328439
0.0236213 1.4042863
-3.7973082 1.8332995
-3.1411858 2.5136287
0.2644340 1.6272656
2.8018801 0.9709144
1.5710030 1.5632777
2.2616327 1.3497726
2.9950957 0.5537972
0.3121094 1.4706559
-3.1241126 2.5282261
-0.9216984 1.4669728
1.5473891 1.4291226
0.1449793 2.2918332
-0.0855765 1.3270618
1.3327962 1.5777733
0.7286382 1.7870218
1.5769073 1.8794584
0.9398485 2.0925226
1.3862100 1.8930352
1.9744815 1.5910774
0.1612882 1.5832628
-3.4071722 1.8996410
1.2380326 1.6317890
0.5059854 2.2064934
10.8487434 -3.4384801
9.5188847 -1.1169862
0.5532456 1.8116220
11.1222916 -3.1954045
9.9662380 -1.5996400
9.9832525 -1.4668694
10.5897112 -2.8918331
10.3317356 -4.4639297
10.8299427 -4.3011885
10.0013380 -1.5521873
10.3995304 -2.0956113
10.2259130 -2.7470837
10.0135202 -5.1604185
10.1965256 -1.9048961
10.5431662 -5.2220974
9.2753754 -1.0906892
10.7854033 -3.6646698
11.0522861 -3.7747688
10.2313986 -3.9608557
10.2173004 -5.3910995
10.3175707 -2.7078371
9.9564457 -1.5173632
12.1652060 -3.2331350
10.3327494 -3.8712976
17.7560062 -2.5859239
10.5666246 -5.1585164
9.9169426 -1.6499641
10.4869595 -5.2545958
10.6297770 -4.4266381
17.6406765 -2.5905440
10.9136992 -5.0084972
17.2906189 -2.5452120
9.2802410 -6.0874891
10.4462605 -3.3528163
10.0031004 -1.9763311
9.4292336 -1.1384554
10.4963560 -4.6108136
10.4887571 -5.2764716
17.3727360 -2.5520535
10.1649227 -1.8644702
10.5824671 -3.0483027
17.2733097 -2.5488813
10.2056484 -1.7764417
10.2774343 -4.1801100
11.1123371 -4.0366025
10.0932245 -2.3264973
9.6725760 -1.3026772
10.3722668 -2.9334586
17.3268299 -2.5452831
10.2309160 -1.9007114
9.6757841 -5.8338857
17.2985077 -2.5468435
10.7347832 -3.5281775
10.3400383 -4.3909726
10.0442467 -1.8675132
10.3308973 -5.3004489
10.1883574 -2.7971227
10.7397223 -2.9674265
10.0368767 -4.6151133
10.7607460 -3.3799620
10.8372202 -3.6042044
10.2231550 -3.1991570
10.0587683 -2.7276385
17.3823891 -2.5574918
10.2971554 -2.8679688
10.1448402 -4.0317330
10.8666496 -4.1099014
11.6466331 -3.2003341
9.4753580 -5.8437214
9.6503553 -1.3341882
10.2067099 -4.4680805
10.3540106 -3.3962791
10.7241602 -3.7333601
10.2142563 -2.6374619
10.7520666 -4.3808355
10.5116301 -5.2254329
10.3857737 -3.4771612
9.5616112 -5.7301445
10.3659086 -2.6438105
10.9295826 -4.5438056
10.2555513 -2.1973476
10.1891670 -2.1156771
12.3261538 -5.1637149
10.0239429 -4.6303201
9.5477982 -1.0525804
9.6057167 -5.0438089
9.9557848 -5.4776945
10.8948164 -2.9985886
10.8404436 -2.8005896
10.6554193 -3.0192502
10.4758406 -2.7860932
17.7803192 -2.5862770
10.0776548 -1.9282312
10.8394508 -3.2360511
10.2060938 -5.4205308
17.5068226 -2.5783374
10.7894239 -3.4064796
9.3465900 -1.1097236
9.6791859 -5.6123023
10.9981632 -4.9251399
10.3881483 -3.7030506
9.3004913 -1.1092670
10.2561741 5.5958366
0.4815132 1.6214638
8.1433353 4.7618761
10.1370029 -4.5312071
10.8932543 -2.7559979
10.2490873 -1.8547119
10.4810629 -5.0555444
10.8929968 -4.2205176
10.7862520 -3.3591425
9.7099390 -1.3168410
17.5609303 -2.5874221
10.5700169 -3.5700259
10.8103495 -4.7348318
12.5636778 -3.6521668
17.5564880 -2.5795445
11.4458504 -3.3767738
10.2066898 -4.0841293
10.4703817 -3.5259287
10.1233759 -5.4399538
10.3726454 -2.7774622
10.7074823 -2.9654703
0.4030303 1.6598130
10.3898373 -3.5677013
9.8073397 -4.3849654
10.3413677 -3.5633183
10.3447838 -5.2994037
10.1187525 -2.8230574
9.5434704 -1.2498096
10.8149233 -3.4695702
9.7401800 -1.3766341
17.4928150 -2.5767434
10.8239994 -3.9634385
10.5580568 -3.0867736
10.2457991 -1.9226615
10.2040548 -4.5899501
10.5266371 -2.7239554
10.1357861 -1.9264405
10.4876394 -2.7369020
10.0319290 -4.6697679
10.4276962 -3.5543826
10.3739386 -4.3036723
10.7813244 -4.2210855
11.3006344 -3.4477689
10.0970449 -1.7671677
17.7099590 -2.5807314
11.3127584 -3.9314196
10.8918924 -4.1336703
10.1963367 -5.4083180
10.1349754 -1.8784417
9.5189152 -3.0507290
9.2776890 -2.9469297
9.9355602 -4.9729810
9.8990507 -1.4880524
17.6989212 -2.6184752
10.2600279 -5.3885207
10.4785872 -2.1327310
9.4356194 -5.7871709
0.6001225 1.8701699
17.3248863 -2.5475566
10.1539249 -5.4207101
9.5878115 -5.8859844
10.1499500 -4.5708547
10.5495224 -4.4396639
9.3277912 -1.0975853
9.9314556 -1.6747057
12.3900366 -5.2143712
9.7539778 -1.5154727
10.7307329 -3.1183519
10.2587147 -3.2646327
9.2816525 -1.0992590
9.7816362 -5.7723699
9.9851284 -2.5452981
10.7909775 -3.0371106
10.2951603 -4.0212035
17.2534084 -2.5507886
10.2468243 -2.1779704
10.4674110 -5.2509956
10.6362734 -5.0306358
17.3088932 -2.5447173
10.7598410 -5.0839543
10.7710371 -4.2964368
11.2542334 -3.4563708
10.2012644 -2.7986429
10.6864166 -4.9946356
10.6435900 -3.1181290
9.5937595 -1.1127031
10.3929281 -3.9822497
10.4750128 -5.1850848
10.0615187 -1.6929721
10.7452040 -5.1132727
10.3602953 -2.9437654
10.7059593 -2.8307664
10.3815441 -5.2832603
10.1378202 -1.9032969
10.0632439 -5.3554726
11.4534140 -3.3681445
10.1650429 -4.0390992
10.1648855 -4.6241417
10.2672691 -4.5149336
11.2535648 -2.7261045
17.2998161 -2.5419538
10.1948576 -1.7153426
10.0129957 -1.6033710
9.5557508 -5.6010180
10.4232378 -3.4297843
10.2117996 -2.8121877
10.1003599 -2.8471539
9.4904585 -0.9742559
10.3212690 -2.6759095
10.6747446 -3.7695508
10.0510712 -5.4632578
10.9319448 -3.6694596
10.6189880 -3.0475409
10.1105547 -2.7980440
12.6489077 -3.7517073
9.9652481 -1.5793414
11.0115299 -4.1578355
11.3973694 -3.5692124
9.9357233 -5.4856844
10.5664692 -5.2277431
11.1460600 -3.9358537
10.2038841 -4.0195336
11.2093706 -3.7200570
10.8395128 -3.0786171
10.5860806 -5.1462612
9.2535601 -1.1728311
10.3701239 -2.7826531
10.1092024 -2.6459539
9.5759821 -5.9253478
12.4340172 -3.5406454
10.4726810 -5.2658381
9.5841980 -5.7353444
10.2178955 -1.9163592
10.5790310 -3.4634955
10.2330647 -4.0373225
10.8084393 -3.1025176
9.8871498 -2.0802760
9.5285110 -1.1160494
10.0323000 -1.5844142
9.9432135 -5.4272995
10.1125765 -2.5943639
10.2665997 -2.8308094
10.6829967 -5.0786505
10.8497086 -3.0137582
17.6578579 -2.6064370
10.1352758 -5.5206361
10.7999115 -2.9719017
10.9143991 -3.2042723
10.8167334 -3.2511961
11.0272589 -4.0571036
10.0612726 -2.1445434
9.7917662 -5.8474388
10.2913227 -4.9112468
11.2957706 -3.8070354
10.2844486 -3.9727106
9.7394991 -1.3027166
10.8840523 -4.3450489
10.6183605 -4.5418773
1.3965050 2.3447962
10.3122215 -3.7096894
9.6429491 -5.7412071
10.4171762 -3.5987210
11.4507093 -3.5479021
17.6754875 -2.5992262
10.8315573 -5.0478139
10.6695681 -3.7777510
10.2463694 -2.6368656
17.3115425 -2.5455008
10.2121639 -1.8459086
10.3099966 -1.8874571
12.7983265 -3.6417227
10.1764469 -5.3368921
9.5333385 -5.7721219
10.9794025 -3.8706141
10.8535204 -2.9122124
9.9254494 -1.5007392
11.4436264 -3.5882175
11.4615479 -3.5222425
9.6578712 -5.3002644
10.6575699 -5.1557899
10.7478466 -3.0654690
10.2093697 -2.1611238
10.2344704 -3.8267493
10.8723068 -4.9073410
10.6832342 -4.2838426
9.6302814 -5.5672340
10.6923018 -5.1954312
10.3378229 -4.6531525
9.2613239 -6.0439172
10.0675364 -4.5211272
10.2419796 -5.1218305
9.6666946 -5.8435988
17.6426868 -2.6441879
10.2200737 -1.7991760
10.3739500 -3.8393583
17.8055058 -2.5975504
17.2071323 -2.5601373
10.2999763 -4.0503964
11.3571177 -3.6304345
9.2805080 -1.1094772
9.5938845 -1.2824512
9.7602901 -1.7315320
9.2964392 -6.0533919
10.3051567 -2.1003513
10.6790638 -3.6677206
17.2897530 -2.5353737
9.5313292 -2.8957336
9.3683624 -5.9395590
10.7874603 -4.2504950
9.5754519 -2.8038437
12.7644787 -3.6496654
10.6226568 -5.2468181
10.4190702 -3.5356905
10.4249001 -4.2306719
10.5549355 -3.0622635
10.1847191 -4.2679610
10.5362682 -2.7982500
10.1066637 -4.2854824
10.7500238 -2.9852679
0.1579843 1.1958964
9.3397255 -1.1033037
17.6502514 -2.5945568
10.7579775 -3.6074846
10.2910929 -4.0081754
10.3963842 -3.6789186
9.9909000 -1.6777461
9.9732132 -4.7861009
9.7787428 -2.8575482
10.2540789 -1.8363360
9.5326300 -5.7652721
10.2549982 -2.0889065
9.9864759 -1.6418408
10.6331081 -4.5817719
10.2918081 -3.4931967
10.8877153 -4.2765794
11.0357218 -4.2223878
10.9349976 -4.8598547
17.3597679 -2.5473976
10.1717796 -4.0800409
10.4038143 -3.3504198
11.2910614 -3.6115289
10.3525677 -3.6661341
11.4507942 -3.5770545
10.0622931 -4.3460336
17.6981621 -2.5942094
17.1500416 -2.5835440
17.7475262 -2.5859256
9.7469044 -5.7706246
10.0735378 -1.7920183
10.2590771 -1.8816202
17.0553894 -2.6076655
10.1280746 -2.5438526
10.3788271 -5.2859340
17.7610645 -2.5879130
10.9820833 -4.2204647
10.1873035 -1.6761926
10.6954012 -3.1790025
10.0324917 -1.8997366
10.8768730 -3.0097904
11.2006178 -3.7906337
9.8127718 -1.4921619
17.1169453 -2.5668604
10.4297113 -5.2059598
10.9091730 -3.2740524
11.3863659 -3.8911173
10.9095716 -3.1506588
10.4551907 -5.2274809
9.7670364 -1.4421197
9.4076185 -6.0643296
10.1364574 -2.1587768
10.1994991 -1.8809965
10.9797554 -3.2827106
9.2998800 -1.1106972
9.5629597 -1.2089051
9.6357040 -5.0727329
10.7839518 -4.9537015
10.1112061 -2.8578992
9.5218210 -1.1819642
17.3217888 -2.5430386
9.3908157 -5.9954152
10.1777029 -2.3323660
17.3842144 -2.5547643
17.7800465 -2.5881765
11.4185219 -3.8653843
10.0962400 -2.8155010
9.9102287 -1.4603407
17.3475761 -2.5867298
9.6089010 -5.9409852
10.2900181 -4.0768328
10.2864571 -4.3079062
10.8347168 -4.2329283
11.0019255 -3.4513936
9.8223820 -1.5223322
10.8840981 -2.8826032
10.9120522 -4.1219854
9.9853239 -1.5312524
9.9346485 -4.9617977
10.1739006 -1.8971186
17.3381672 -2.5451596
17.5881500 -2.5730124
17.4389343 -2.5303824
10.4287071 -5.2229700
9.5132332 -1.0929478
10.0312214 -1.9590042
10.0632057 -2.1123013
10.1072693 -4.6292934
10.2044096 -1.9710480
10.3534279 -3.9246523
9.6059027 -5.4717259
10.2221594 -1.8081155
10.3063765 -5.4513521
10.6821461 -4.7189584
9.2684259 -1.0855397
9.9359570 -4.4524331
9.5699387 -5.6325865
10.8731441 -2.9972117
17.6088715 -2.5995040
12.4880304 -3.1758683
10.8058214 -3.4213419
10.8772821 -3.9704876
10.5423641 -5.2377853
10.7440996 -2.9960022
10.3503714 -1.9627272
9.9531631 -1.6536061
10.9631929 -2.9920774
17.1521645 -2.5750186
10.3975916 -2.8539636
17.1757393 -2.5576434
11.2783537 -3.8033488
17.6313858 -2.6055601
17.2481918 -2.5351040
10.0623779 -1.6505280
10.1708593 -2.5582361
17.3980064 -2.5585876
10.5192432 -5.1248527
10.6740255 -5.1172996
17.3927631 -2.5547776
9.9582529 -2.5856738
10.7838316 -3.0207322
12.1444921 -4.0197945
9.6149721 -5.9960718
10.1409569 -5.4200625
17.3644848 -2.5555391
17.3428268 -2.5375037
10.2339849 -1.7363552
9.7696590 -5.2645431
10.3011389 -4.2931113
9.9001913 -1.4923308
10.0420952 -4.8925700
10.3808041 -3.9305694
10.7793455 -5.0045657
9.9148970 -5.4463029
10.3787575 -3.4748809
10.8115616 -5.0680704
10.0468664 -5.5415316
17.2257900 -2.5677409
10.6840696 -3.1935754
10.7010927 -2.9631097
17.2998009 -2.5536964
17.0395660 -2.6170907
10.2343569 -5.3717523
10.7766724 -4.6802797
17.2873955 -2.5135219
11.1250124 -4.3809052
10.6288767 -3.9560661
9.5662651 -5.7696562
10.2896976 -3.6879652
10.1309261 -2.3095698
17.5771332 -2.5886471
17.3752995 -2.5520852
9.5908165 -1.1595172
10.4503374 -3.8351161
10.2127790 -1.8109854
9.7747402 -5.6957254
10.2850885 -3.9871147
10.2000933 -4.4168763
10.0335188 -1.8044983
10.6972990 -2.9247897
9.8804159 -1.4402870
17.6099777 -2.5891583
17.6441536 -2.6242049
10.1727295 -1.9214981
10.1646223 -1.7239401
10.6343536 -5.1112137
10.3124533 -3.5313973
10.6815882 -3.1462400
11.8385601 -3.0697589
10.8059416 -3.0166774
17.5520210 -2.5869663
11.1366997 -4.0183716
10.9420033 -3.3259952
9.8453512 -1.4197145
10.7317915 -3.0206568
10.2304211 -4.3268485
10.1844015 -1.9029398
9.9470968 -4.8235645
9.6500320 -1.2001481
10.3889771 -5.2820778
10.0385351 -1.6017081
10.4692497 -3.5579629
10.7149677 -2.9605987
10.9830036 -4.2404671
9.7792692 -2.9284780
10.9246912 -2.8231652
10.3800764 -2.0058198
10.1449146 -1.9475021
11.1456022 -4.0583973
17.3930111 -2.5592811
10.1819019 -3.9706018
9.0485439 -6.1687298
10.3482618 -5.3260498
10.1858788 -1.9874915
9.3507690 -6.0438404
12.1567373 -3.9478776
9.5806332 -1.3090284
10.1974859 -5.4376392
10.0714760 -1.8409866
17.6085663 -2.6156254
10.0608044 -5.4335122
9.3022251 -1.0852101
10.1265316 -5.3792682
10.1657162 -4.7060251
12.1472063 -3.1048005
10.7336979 -2.9757903
9.8762817 -1.4567589
10.3161116 -4.1007538
10.1549854 -4.6447668
10.1559925 -4.8563185
9.9657078 -5.5626597
10.5505199 -2.8840513
10.6804543 -3.1213267
9.6073446 -1.1966683
9.2825441 -1.0949209
9.8378925 -4.8311024
10.7203569 -3.2059598
9.9845295 -5.3780537
10.3375177 -3.5458617
11.7452049 -3.6761854
10.6866531 -5.1194906
17.1528797 -2.5829482
10.0954466 -5.5367823
9.6888323 -5.5912819
10.2283726 -1.8502816
10.2813444 -2.0223551
10.6509695 -2.9690006
17.2930813 -2.5414293
10.0809917 -4.6923523
10.1643133 -3.2725024
10.1642179 -4.0569844
10.6714220 -5.0567236
10.1836748 -1.7808765
10.2644386 -1.9820557
10.2694845 -1.9228095
9.5235319 -1.2394239
10.1373539 -4.1652594
10.9099283 -4.1189466
17.1993561 -2.5660598
10.2205896 -4.3396182
9.5368881 -5.7447462
10.4322453 -3.2441597
17.4882145 -2.5794809
9.7987604 -5.8204231
10.6383390 -5.1883821
10.2345209 -2.4973607
10.8997898 -3.0102923
17.3079185 -2.5398338
10.5038080 -3.4224944
10.7887840 -3.0016375
11.0664835 -3.5743344
10.3135262 -2.6718986
10.3090162 -4.0596433
10.3057842 -2.6809180
10.3465242 -3.9690390
17.3884869 -2.5569465
10.7575960 -4.0545225
10.0776367 -2.2762098
9.9911766 -5.0547409
9.9265785 -1.5637996
17.3975792 -2.5512979
9.7022886 -1.2659982
10.2268143 -3.9877350
0.5994048 1.8471895
10.0254774 -1.6154845
9.9380274 -1.5160136
10.8101177 -3.0371187
17.3727188 -2.5532794
10.0634632 -2.7573268
10.7561369 -3.4741683
9.9380121 -4.8693185
10.0459957 -1.8429587
9.3233824 -5.9608068
10.6901798 -5.1257010
17.2447586 -2.5347774
10.1295547 -5.2403035
9.3819628 -6.0604830
9.7038212 -5.1501780
10.6434536 -3.1386521
10.1865921 -2.8432140
10.7726374 -4.5590477
9.9322510 -1.4099808
10.2150106 -4.2818298
10.2596188 -3.9677215
17.5198231 -2.5806973
9.5999603 -5.7591929
10.3575115 -2.7053611
17.6402168 -2.5875285
10.0797911 -5.5293608
10.2624960 -5.2654238
10.8026037 -3.4547074
9.6589804 -5.8315625
10.3520718 -4.1939726
10.6503468 -5.1506290
10.2914963 -2.7174509
9.5793324 -1.1158594
17.7828655 -2.5877464
10.2224169 -3.9308963
10.0435410 -1.6571867
10.4134216 -3.4880662
9.6096611 -5.9078150
17.4839001 -2.5805373
10.2332506 -4.4100933
9.8973856 -1.4783497
11.1542311 -4.1110010
0.1622826 1.2186342
17.6529465 -2.5993805
10.3220663 -1.7948020
10.5509853 -3.2156687
10.1804323 -1.6923312
10.1393471 -1.9345059
17.3801689 -2.5497134
10.5905352 -4.4722695
10.2527952 -2.0314679
10.0826597 -4.6787634
9.5557432 -5.7433729
9.3487329 -6.1096835
9.2660503 -1.0762168
10.4128561 -3.4759252
11.4013414 -3.4240065
10.2616825 5.6051316
10.3722401 -3.9466782
10.0073128 -5.6972632
9.5458870 -5.7314091
9.8451052 -5.4171491
9.8909216 -1.4478061
17.7793274 -2.5869064
9.9023695 -1.5432156
10.0275917 -1.7370793
10.5222416 -2.4647105
10.6028214 -3.1088004
9.4987183 -5.7775159
10.7213612 -3.1046665
10.0423164 -5.4292331
13.2825460 -3.1930711
10.0845728 -5.4036665
9.7729845 -5.3604903
17.4615231 -2.5638061
9.5951948 -5.7788429
10.1846046 -2.8486850
10.9698544 -2.9861395
17.6438408 -2.6203089
17.7379246 -2.5605187
10.3314676 -4.2435608
10.7064199 -2.7053754
17.3514099 -2.5485477
10.7618752 -4.5439720
9.6314735 -5.7846265
9.3053474 -6.0231109
10.4359255 -5.3146505
10.2375908 -3.7233384
10.7535877 -4.9725056
11.3049288 -3.4210939
10.8844528 -3.6820602
9.6026630 -1.1729785
9.9734077 -1.5224795
9.3597918 -1.3017890
10.9016228 -3.4907060
10.5949755 -4.3858895
17.3043404 -2.5331812
11.1468468 -3.9507356
10.2957001 -5.3979692
9.8394814 -5.5591588
9.9212379 -1.6123378
17.7661152 -2.5858514
10.2625751 -1.9211140
10.8607445 -3.1173215
10.2267714 -1.8262359
9.4328899 -1.1927770
17.2588558 -2.5568981
17.5840511 -2.5708890
17.7818260 -2.5860441
9.3733282 -5.9827509
9.2893667 -1.0859207
10.6303339 -2.7423716
10.8753138 -4.5850048
9.5040932 -1.0800707
10.0822487 -1.7088437
10.4660254 -3.2915180
10.8160372 -4.6305103
17.7738724 -2.5866768
10.0708323 -1.6141824
17.4192295 -2.5630674
17.7184620 -2.5853207
10.8056936 -2.9644108
10.8617582 -4.1628351
9.9155607 -1.4823995
12.4082098 -3.1113465
10.2036943 -4.0301294
9.7398930 -5.8229761
10.7929487 -3.4779091
11.4361391 -3.6405728
10.6638746 -3.2638476
10.2478552 -4.4236817
9.2865133 -5.9250913
10.2740240 -3.8603950
17.7818394 -2.5890231
9.2836237 -6.0574894
9.5133600 -1.1088676
10.7683477 -5.0115819
11.1871128 -3.5673828
10.7566872 -3.4431770
10.0501490 -4.7491946
10.1874981 -2.5540884
9.9943428 -5.4663920
10.3745222 -3.4034653
9.9981432 -2.9636056
10.7432051 -3.5499070
11.0744743 -3.8120928
11.2181654 -3.6376438
10.5930281 -2.8374827
17.7303371 -2.5584567
9.2763357 -1.0923065
10.5219946 -5.3097029
10.2490292 -4.3717804
9.8053789 -1.5840790
10.8560648 -4.7362208
10.4036102 -4.6442685
10.0821114 -4.6771541
11.4686584 -5.0848799
10.7653971 -2.9255588
10.2408924 -2.6085725
9.2955284 4.9329996
10.2662964 -2.7272654
10.1245747 -1.7687010
10.1575060 -1.9248365
10.6692648 -5.1651220
9.4825630 -0.9034068
10.3058920 -3.6079445
10.2410870 -4.0070438
10.1370363 -1.8633096
11.9152069 -4.4961944
10.3389997 -5.1580052
10.1928959 -1.9411184
10.2276211 -1.9296056
17.2945442 -2.5446770
10.0989790 -1.8390507
10.2252283 -5.4318538
9.7126484 -5.7791257
10.2992983 -2.1209643
9.3801165 -6.0371618
10.0723753 -3.9801533
10.1660843 -5.4553113
10.2080364 -5.4866776
10.7881203 -3.0296223
10.3962879 -2.8882320
10.1137562 -4.7138972
11.2823458 -3.3192942
9.5261612 -1.1248071
10.3458090 -4.0386810
9.9074278 -2.6661530
10.1494474 -5.4836254
11.1493645 -4.0645375
10.6963081 -3.2960472
9.3751841 -6.0326543
10.8930321 -5.0812297
17.7884159 -2.5848377
10.4919834 -4.3588548
10.7296114 -2.8007810
10.7285843 -3.0097518
10.6201820 -2.7362270
10.6665316 -3.0595500
12.1421175 -4.8886518
17.2750645 -2.5419912
17.3155155 -2.5421016
17.2595615 -2.5516810
10.0994635 -1.7423886
17.4289818 -2.5571704
10.3421583 -2.8512487
10.3887377 -3.5365875
10.2917223 -1.8526063
10.1259317 -1.7942275
11.0853996 -3.8450794
0.4347281 1.6935295
10.7001019 -4.6067295
10.8486776 -4.0937486
9.2695246 -1.0876908
11.5884571 -3.2209656
10.7803326 -3.4377170
17.3760834 -2.5648751
17.5656738 -2.5751636
11.3251333 -3.5753648
11.0621958 -4.0591130
9.8142939 -5.6439953
17.6042042 -2.6084373
11.6123209 -3.3149927
17.5429344 -2.5821140
10.0800047 -5.3588133
17.5860462 -2.6143701
10.8312216 -4.0848265
2.9579601 0.6804039
9.9163408 -1.5105450
9.8735600 -4.7676201
17.4983444 -2.5826998
9.6664085 6.1751881
11.7136145 6.3576674
11.1891699 6.3689938
11.4018984 6.6321449
11.8123579 6.7260814
10.7085943 5.9476514
9.8584433 6.6248803
10.1785440 6.6580420
11.9550428 6.7662625
10.5361776 5.7940826
10.3453445 6.3050542
9.6677256 6.0340934
12.4638281 6.9753070
10.0123949 6.1925168
10.7176046 6.2191634
9.9452505 6.2295804
10.2590714 5.7052751
9.1239157 5.3388724
12.0481586 6.8436923
10.8631821 6.2960663
7.9594231 4.6676722
9.5365810 5.9533267
10.2868423 6.5229940
9.3657427 6.0858645
9.8187809 6.6015792
8.7512856 5.1255574
10.0477209 6.6703286
8.6673737 5.0016866
10.1994362 6.3592782
11.7465286 6.7010007
8.7974882 5.3846722
9.3891497 6.0067039
10.0517893 5.9917083
9.4511967 6.0651197
10.6346769 6.4556966
10.1654224 5.8717823
9.3545408 5.9844875
10.0826569 6.3557186
11.5631075 6.6880112
11.8392115 6.7360802
10.6672077 6.2644587
8.5933790 5.0133133
9.3793535 5.7837219
8.1359682 4.8004599
10.2510595 6.2527928
9.4080439 5.8455529
9.1045494 5.5771251
10.2265682 5.9145541
11.5644636 6.7267861
10.4632854 6.5130119
10.2021217 6.5429559
11.0212469 6.4382963
10.0758686 6.0501809
8.2477140 4.8895965
10.2206078 6.4609532
10.5698423 5.9938431
10.3128633 6.0275369
8.1424961 4.7632484
11.1201849 6.5051317
9.2505932 5.7637696
10.3588324 5.9381299
9.8932161 6.6708775
9.4704084 6.0209384
9.3128881 5.5849800
10.8729143 6.3881116
9.2337780 5.2882156
9.3510532 6.0646505
10.0173321 6.5978618
9.3582878 5.6187677
8.9303827 5.7366419
10.3183832 6.1464047
10.9201746 6.3730769
10.0309086 6.5242748
11.0466890 6.4163022
10.3729582 5.9300799
9.2047720 5.9480019
8.1961412 4.8055654
11.6714363 6.7590432
11.8871632 6.6213880
11.6402130 6.7605228
10.1339550 6.6071382
10.3514442 6.3097606
12.5293999 6.9385576
10.6920633 6.2451744
12.2052717 7.0054507
9.6114054 5.8706489
11.9428606 6.8178549
12.3120317 6.6736689
9.3235216 5.5119710
10.0527697 6.2501340
11.1090641 6.5085244
11.7533770 6.6607146
9.4329252 5.3595347
9.5927763 5.8036981
10.4939108 5.9637890
10.3138552 6.0861597
9.1120615 5.9127312
9.3066683 5.5573220
11.0241823 6.5791259
10.4771509 5.9124207
12.0953369 6.7950673
11.8105841 6.7365732
10.9252167 6.2125063
9.4399929 5.7456765
10.7426481 6.2977033
9.9128866 5.7593417
11.5313034 6.7204018
9.4084406 5.5015497
10.4183445 6.5538864
10.6019497 6.0974922
9.2090387 5.4150629
10.9235792 6.5374517
10.5074987 6.4293461
11.8539085 6.8606753
10.5315533 6.1916885
12.1910419 6.9216633
9.0063705 5.3850045
9.1640768 6.0233545
9.3106804 5.6548371
10.4108315 5.7427998
11.9763355 6.7613206
10.1931477 6.5480089
9.2739763 5.7727046
10.9107628 6.5568080
8.0598621 4.6073589
11.9736738 6.7410040
8.9005995 5.6174035
10.7832394 6.5529346
9.6090775 6.0690651
9.3509645 5.9104967
10.6741991 6.0947413
10.2661476 6.3920865
11.8896065 6.8293557
9.0983143 5.7011662
11.0386448 6.4211307
10.4345942 6.3181529
9.6863222 5.6872087
11.1412382 6.5588231
10.9368734 6.3329091
9.5753536 6.2906623
9.2597475 5.5795403
11.0017529 6.5102754
12.3309097 6.1094012
8.7364626 5.1896772
9.4781427 5.7196217
9.4900293 5.8965807
9.9296169 6.0306425
12.1877995 6.9336452
11.0320797 6.4909682
10.2510023 6.1889420
8.1095057 4.7422986
10.2947035 5.9310145
10.3905764 6.3645239
10.5094080 5.9739108
9.9807596 5.8694282
9.0788698 5.7965374
12.1282959 6.8062391
11.4350958 6.3722229
8.1799145 4.7994256
11.8978539 6.7224879
12.1015663 6.9432526
9.4127426 5.9543509
8.1807289 4.8737049
10.7861576 6.5645623
9.9212093 6.3232880
11.8462982 6.8018885
12.1868534 6.8040614
10.3500385 5.8526859
9.2002649 5.8302126
11.6491480 6.7381697
9.1672602 5.6370907
11.2182589 6.4531617
10.7485342 6.0633488
11.3902912 6.5614786
10.3849678 6.1216788
11.5006952 6.6357179
10.3619795 6.6600137
10.0976486 6.6796064
9.2268515 5.3985305
10.5206461 6.1094809
11.7306776 6.6428089
9.0861340 5.7930646
11.3686256 6.4533553
9.6381493 5.9878983
10.0864716 6.0322123
10.7454271 6.2295804
10.1640043 6.4250331
9.8430548 5.9929199
11.7255154 6.7349505
9.3589211 5.9082551
12.1543560 6.9038153
10.3135204 6.3245416
10.6854191 6.2185855
9.3795376 5.7653551
9.6458673 6.2589993
11.0267191 6.3683286
9.6134958 5.5851135
8.7319632 5.2151747
9.9873028 5.9250603
8.9747963 5.6130929
10.7365065 6.0397840
10.3632135 5.9930415
9.2582006 5.7997551
11.8187828 6.7882328
9.6906328 6.1909213
9.1316042 5.9643331
10.0751600 5.9968753
11.9676571 6.5543356
9.2028999 5.9059649
9.4215574 5.7446351
9.6341562 6.0326934
11.9741287 6.7675810
10.1092043 6.6666284
9.0119953 5.5491652
10.0532722 6.4641395
8.0463791 4.7541294
8.5867910 4.9481812
8.0584269 4.7288632
10.6002359 6.2853484
9.9404030 6.0084143
9.9612255 6.1002626
9.1849594 5.7440886
10.7173147 6.3705792
10.6374531 6.4586263
11.0912971 6.4020028
8.8743486 5.5014195
10.1729469 5.8700404
10.0654697 6.6175761
9.4087543 5.4161024
9.8380156 6.2962480
12.0361719 6.8095498
12.0493698 6.6767807
10.0297937 6.0282669
10.0946455 6.6749878
10.0991869 6.2499166
11.9000387 6.7285080
9.3249426 5.5244479
10.3365297 6.4170771
9.0244551 5.0544534
10.1830845 6.5402794
9.2520304 5.3430610
10.2216959 6.4956665
12.1775417 6.8801756
9.2607422 5.6436663
12.1552124 6.7197099
9.0340700 5.6968532
9.3126068 5.3336411
10.1581268 5.5209589
9.7945738 6.4757681
8.1015167 4.7837458
8.1911240 4.8705187
8.2743101 4.8150043
11.8988466 6.7768950
10.5585766 6.2208633
10.7978420 5.9301353
7.9322977 4.7271948
10.0798655 6.2504668
9.3776503 5.9123921
9.2634401 5.6314440
10.9436302 6.5755391
9.1903229 5.4375625
10.9295540 6.2521553
11.2242470 6.4669528
11.4996738 6.4627137
9.7470140 5.7189026
11.4578037 6.6019831
11.9048357 6.6334014
9.3780413 5.4623141
11.5804996 6.7297034
11.8455181 6.7654867
11.7438383 6.7791448
9.3633642 5.9869447
10.3293200 6.0812531
9.7690945 6.0377145
9.4500818 6.1572452
11.6157541 6.7463593
9.3105955 5.6243410
9.3446369 5.5765233
10.1754494 6.6496067
8.0837221 4.7472367
10.2485657 6.5254960
11.1664867 6.4880462
11.7843828 6.7567692
9.2415171 5.8448091
10.2526455 6.4389391
9.6122961 5.7118111
7.9540801 4.7004747
9.1229668 5.7225027
9.6636276 6.4823918
12.1114626 6.7705617
10.4583445 6.0776424
11.7078943 6.5226593
9.2220898 6.0379219
12.0670404 6.6153932
9.2038975 6.0871220
10.6771994 6.1009369
9.8401585 5.6054564
9.1235199 5.9189663
10.2249041 6.0986714
10.1624193 6.0254731
11.8077517 6.8840618
10.6016436 6.3092370
12.0535135 6.7013440
10.8175392 6.4694457
9.6085091 6.1240082
9.2699337 5.4777908
10.6279497 5.9994631
10.4033127 6.0064869
10.6369524 6.2213292
10.3899250 5.9984145
10.0637245 6.6305060
9.2373724 6.0000525
9.5494204 6.1156001
9.2317190 5.6116457
9.5637417 6.1917930
11.5600109 6.4051356
9.6605873 5.8969479
9.7505665 5.7453575
8.1951666 4.7904963
11.3599129 6.5739074
9.4719496 5.6194682
9.2304649 5.5512490
10.2271423 6.6634011
10.4043045 5.7880163
10.6418152 6.2230515
8.1064386 4.7421088
8.0892515 4.7678747
9.9207363 6.0351272
12.1001863 6.8315291
9.9520893 5.7133751
9.7934361 6.4817219
9.9729099 6.6692510
11.8310966 6.4042063
10.0868406 6.7367625
11.9835415 6.8636189
7.9136820 4.5460172
10.4411907 5.8278646
10.8402004 6.2206154
10.5420580 6.3757396
9.8415823 6.6442728
10.6528301 6.1729307
12.3941870 6.6088138
9.0425558 5.5261445
9.2172451 5.8285508
8.8961515 5.6484571
11.0228271 6.3897200
11.7401476 6.6664176
10.7115965 5.9536676
11.9011316 6.7300897
11.8228788 6.8511214
11.1706429 6.3043981
9.9916582 6.2388177
8.1102591 4.7758007
9.1679029 5.3579144
9.8054380 5.9720354
10.1627264 6.2164841
10.6300068 6.5161352
7.9625506 4.6491871
9.1582212 6.0582633
10.6709728 6.1597018
10.1611309 6.1194696
10.1377821 6.6648464
10.9082870 6.6105633
10.5943146 5.9411445
9.6656246 6.5228720
10.6590843 6.5206347
11.7247715 6.7032433
12.2045975 6.6479697
10.5394831 6.7230501
10.0032673 6.6743894
9.2218466 5.2711773
9.6693182 6.0034776
10.8539124 6.3682523
10.3145094 5.9220080
10.1090899 6.0706973
10.3377228 6.4529872
11.7276821 6.8431697
10.4287777 6.0407739
11.9858503 6.8293681
9.8908319 6.3969231
8.8477545 5.3352609
9.9013557 6.1353154
9.1973419 5.3507385
10.5495214 6.0227480
10.0975170 6.5358119
11.3681479 6.5462952
9.6312885 6.1221104
10.5979757 6.3750505
10.0141993 6.5067849
9.8526335 6.6003089
9.5106621 5.8410230
10.6397667 5.9987235
10.3489218 6.6250525
11.9713840 6.8982739
10.9460125 6.3573451
11.8528843 6.7597241
10.5681372 6.3863993
9.9197235 5.9340849
12.0722828 6.8402920
9.8216257 6.2059388
10.7915964 6.5682368
11.0911283 6.5525579
10.2454863 6.0536723
10.5495949 6.3448644
9.3285112 5.9855390
9.2162619 5.9508162
9.3603182 5.4908066
10.3831568 6.0332937
9.0623446 5.9220219
8.2778130 4.9403081
9.7419462 6.1381626
12.0141640 6.7501640
9.1519508 5.7369041
11.2051878 6.6328001
8.0323315 4.7360301
11.8496418 6.6760149
10.2935667 6.1927977
9.5680943 5.7571735
10.3952456 6.2604556
10.2564020 5.7671843
10.5988131 5.9722486
7.9551482 4.7139993
12.4925175 6.9170027
8.0019264 4.7095909
9.8511648 6.0785265
9.3527784 5.4930720
11.8959112 6.7618761
9.9038305 6.2384882
10.6642685 6.1002555
10.8335867 6.2193980
10.3741312 6.1406503
8.9858541 5.9925332
10.6632748 6.4085903
12.1431141 6.9208088
10.8037386 6.2738109
10.7826033 6.4748807
9.1770830 5.3622174
9.7126312 6.4042115
10.3475466 6.3736353
11.1286488 6.5434675
11.2846308 6.5326371
9.8083134 5.7529244
9.8993397 6.5939522
9.0832672 5.6111135
10.4669724 5.6381631
8.1994429 4.7486792
9.6816654 6.2187376
11.0332785 6.4548564
10.4830360 6.0570583
11.9495173 6.7940116
11.3349667 6.6395941
10.8944082 6.3881674
10.1928349 6.2555552
12.2916880 6.8696985
8.7770824 5.5439110
12.3256102 6.8236532
9.7489634 5.9645324
9.2846699 5.4023008
10.0057306 6.6327162
11.9362993 6.6376824
9.8377914 6.0439715
9.3085384 5.9745021
9.4218979 6.1917772
11.5956373 6.6049266
9.1146669 5.1711030
9.8059568 6.5308690
10.8619747 6.5492682
9.3467607 5.5455351
8.1668377 4.8291650
9.0900345 5.2171769
11.0092812 6.4984455
10.5553970 5.9709663
11.9022732 6.8495731
9.9034319 6.5813484
10.5185499 6.4538994
9.7726812 5.7890639
11.2385101 5.2654266
10.2605238 6.2288899
10.7837076 6.5472007
10.1060333 5.7046862
11.7327089 6.4975967
12.0916739 6.9167638
10.9888363 6.4606686
10.4958363 6.5490499
9.1145992 6.0754361
8.8685074 5.4987130
10.3907251 6.4437418
9.6531267 5.7929707
10.5599070 5.9826484
11.9752312 6.7853541
12.0447845 6.9710584
12.1422968 6.9059596
9.1670218 5.6228414
9.8760529 6.6528726
11.7834530 6.7962756
10.1052322 6.6613693
9.9264259 6.6856184
12.0161438 6.5246110
10.5177755 6.6131959
9.4467497 5.4335418
8.1222792 4.7692223
9.7456436 6.0620255
11.0155392 6.3022723
10.5171452 6.1752248
9.8771572 6.1183610
11.8796883 6.7634296
9.0568895 5.9250841
9.0869541 5.7459960
10.3425703 6.0549569
11.0256243 6.2842751
8.4069004 4.9083881
8.8044596 5.4033499
9.2517767 5.6950641
10.4719601 6.1588821
10.6339474 6.3056908
10.2993317 6.5345321
11.1326571 6.5327773
9.2012930 5.5893669
11.7921457 6.8551669
7.9525824 4.7092166
9.4821291 6.0722532
11.9222975 6.7737265
9.3354368 5.6386247
8.7248974 4.8471446
10.0690813 6.3343015
10.1245270 6.3055525
9.1965427 5.5299091
9.4044828 5.7578554
11.1472950 6.3375816
8.2016592 4.8400826
10.2495584 6.4711599
12.1151752 6.8788252
9.2413425 5.5160279
9.0882235 6.0376368
12.1095257 6.6813827
7.9477477 4.5854344
10.7177935 5.8922129
9.2369633 5.5402274
10.4740419 6.3781505
10.3129616 6.0292678
10.1785088 6.3148875
9.5166693 5.4592609
9.8118668 5.7668457
8.4499750 4.8339152
9.8581028 6.4978437
11.9533930 6.7929149
11.8047962 6.7226791
9.2600431 5.7537365
9.2462072 5.5613747
11.5529032 6.6441388
11.8697519 6.5981803
8.9811020 5.8003922
9.3523178 6.0618730
10.4111004 6.1004281
9.8862534 6.5902596
14.1564560 6.0885959
9.4956417 5.2774477
9.9197817 6.6151338
10.2683764 6.6510897
10.5499163 6.5120339
10.3841391 5.9346790
10.9757347 -3.7346277
10.8147888 6.6853695
9.0806112 6.0597448
10.0693350 6.2268848
11.7712412 6.8704414
9.8696966 6.4759097
10.2899580 6.0210972
10.3529158 6.5924873
10.0200100 6.4766517
9.1858759 5.7693381
9.9404936 6.5378437
9.0842285 5.8407397
9.2374830 5.7077837
10.4813042 6.4203091
9.4123468 6.0143685
9.5954828 5.9479880
11.8171597 6.7451253
11.1367931 6.6392317
10.6972036 6.1933889
9.5764198 5.5629506
12.0071392 6.6427054
11.7622833 6.8569822
11.9897738 6.8308883
9.7452936 6.4695110
11.8154211 6.7461114
9.3404112 5.5275459
8.1113043 4.7571492
9.8550301 5.7911201
10.6274242 6.3930845
10.9521828 6.5290098
8.7783213 5.5091848
9.5214157 4.7237811
11.6870356 6.4516530
8.9825583 5.7039127
9.8154898 6.5238304
9.4492111 5.2557497
9.8627176 6.5676336
11.6902895 6.6534877
11.2925329 6.5735569
9.3557110 5.4366674
9.9525032 6.6124234
12.1834593 6.9591799
10.1986809 5.5616045
8.9615030 5.6648431
8.0758476 4.7054086
11.0241146 6.3941536
8.1375923 4.7215018
11.1022081 6.3983436
9.2926111 6.1345735
10.5799522 6.0551758
10.5373554 5.2656488
9.9334011 5.9052501
10.3975697 6.2612972
8.0880461 4.7559290
10.2754869 5.8008690
10.7926464 6.4354229
9.7767181 5.9865632
10.2836237 6.0569367
10.6234617 5.8442731
9.2265196 5.6707687
10.0432911 6.1520166
12.0007553 6.7196832
7.8432899 4.4983845
7.9955840 4.6791034
9.5135698 5.9535103
8.6319771 5.3071256
12.0175066 6.6441469
8.8419857 5.6192598
8.1094017 4.7497296
10.6589642 5.9466286
9.6030121 6.3378973
9.4791918 5.5121813
9.1853590 5.4083076
11.8841581 6.6187778
11.9704390 6.8714256
9.4995022 5.7462859
11.0999489 6.3470955
10.6575642 6.2321658
12.6786385 6.6778412
10.8245134 6.4620304
9.4669313 5.5212383
10.8531904 6.5357714
10.9098043 6.5527091
9.5647116 6.2448502
10.3814001 6.6471267
11.4600220 6.5477080
9.3230267 5.8761406
11.9019613 6.7648997
9.1998558 5.5590019
9.6531458 6.0029039
11.5099306 6.5843287
11.9961491 6.7196779
10.4323597 6.3690329
9.9538507 6.1509328
10.4231176 5.9609270
10.5649357 6.4667940
10.3625517 6.4188132
9.7737865 5.3745399
8.2292061 4.9033422
10.1260376 6.2463565
9.4838848 6.2067757
10.6843500 5.8134036
9.2370615 5.9393888
11.0497942 6.3435178
10.3441277 6.5585046
10.4128199 5.9451423
12.6102886 7.0776525
10.5025444 6.5469322
12.4012547 6.9201837
9.5510502 5.7771873
10.1371450 6.3534832
12.4660263 6.9674654
10.5567646 6.5659237
9.4242458 5.4198427
8.1535358 4.8024645
10.7259951 6.1086054
10.7263594 6.1108813
10.5727282 6.3598709
8.4401293 5.1012440
9.4009895 5.6986184
9.4398623 6.1913228
12.0536995 6.7805057
10.4014673 6.0220523
10.1823683 6.6393113
11.9437828 6.7516680
10.3477497 5.9240837
9.8788385 5.8254013
9.4379625 6.0194483
12.5617237 6.8172383
9.5089293 6.1043673
9.5138140 6.0459251
9.9035740 6.6798739
9.2675486 6.0614638
10.5624189 6.3388844
10.2249737 6.1209631
8.0206804 4.7489824
12.9595070 6.5944772
8.2040443 4.8495383
9.2419758 6.0151873
9.0955849 6.0871968
9.2569780 5.8415499
11.8739014 6.9235287
10.3334150 5.7131219
11.0568666 6.5964918
9.7897835 6.1082087
9.8012047 6.0563331
8.0938377 4.7668900
11.8804865 6.6119723
10.1572809 6.5689492
11.9105730 6.5389848
12.0006504 6.8538823
7.9461393 4.7350545
10.5921736 5.8266153
9.7016716 6.4592385
9.7862301 5.7405510
10.4593477 6.1480584
11.6846361 6.6073160
9.4634781 5.5031295
11.7141285 6.7923388
10.8012323 6.4157267
9.6228113 6.1104393
9.5785465 6.1127672
9.0360498 5.5731187
11.6499815 6.6145077
12.3716297 7.0751595
8.9352627 5.0238757
8.3498535 4.9614420
10.6974974 6.5654426
9.8327866 5.7835851
9.8308401 5.8984313
10.2733068 5.8120790
9.8390284 6.6341848
9.5564871 6.1421595
9.9313183 6.0867944
9.8662262 5.8988967
9.3419275 5.5316963
8.1064606 4.8273520
10.7086096 6.0824709
10.9817915 6.5294232
7.9413066 4.7097754
12.1988869 6.8757377
10.0256624 6.4759321
9.0732841 5.4630270
11.0765533 6.2032375
10.3659687 6.0436091
10.8478041 6.3725152
8.0931978 4.7750983
8.1829052 4.8673635
10.0261583 6.2157178
10.8099556 6.0266852
11.6693506 6.8926234
9.4816828 5.6173048
10.2073812 6.7149348
9.9309425 6.0564318
11.3996048 6.8126421
11.8065338 6.7727928
10.7499676 6.2274280
12.1131077 6.9258189
10.6929131 6.4534154
10.9387751 6.4221129
9.7435560 5.7601190
11.9572897 6.6346722
10.3383713 5.9925766
8.9596481 5.2174392
8.0989151 4.7530279
7.9271727 4.7038341
9.1459045 5.3027005
9.4779463 5.6353693
11.8428020 6.8020220
10.2962294 6.3631492
11.8845196 6.7302923
10.1690826 6.2628894
9.9258404 5.8208766
10.0794868 6.5168056
9.2602720 5.6124649
11.7358170 6.8837080
9.2400579 5.5137095
11.7680464 6.7052794
9.1958551 5.5673060
10.6116753 6.0891719
10.5918036 6.1939859
10.0591478 6.2238035
8.2935438 5.0309081
10.6647463 5.9191322
9.4845066 5.9702058
11.9610243 6.6736612
9.8474874 6.5880718
8.8358450 5.5506330
9.2174063 5.4293637
9.7926569 6.1168413
10.4131441 6.5499005
10.9700279 6.3151569
9.1746674 5.4005919
9.9187298 6.1571255
7.9135442 4.6716542
9.5737925 6.2337084
9.1570940 5.9421906
10.2371893 6.0551081
8.1555977 4.8031931
10.3827763 6.0150027
10.0712891 6.1435575
11.5949354 6.6447968
9.3757534 5.9411988
9.5180073 5.9946938
10.1374969 6.4670324
10.3726263 6.4238615
10.5901804 6.1301060
8.6580658 5.1190968
8.0881910 4.7536197
9.7627382 5.7456555
11.3149271 6.3288455
10.2563696 5.9095778
9.0777235 5.9164271
10.3883266 5.6477876
10.3987865 5.9934468
10.5410404 5.9445205
9.2500877 5.4353914
9.4233255 6.0995021
12.0385780 6.7910295
10.9789610 6.3103595
10.8137503 6.2140670
11.6238241 6.8344412
9.7316294 5.5415435
9.3578682 5.5070200
8.1255636 4.7810798
11.3698406 6.4660244
8.2378302 4.8076525
10.8503437 6.3895121
11.6648445 6.6795373
10.7123957 6.0645041
10.2994080 6.2945805
11.7237053 6.7042532
9.5468969 5.5056305
12.0912533 6.7030702
10.2502642 6.3528805
12.0923824 6.9941101
11.4147243 6.7552691
8.0777273 4.7614541
9.4248152 6.1125464
10.9738655 6.4473505
10.7086229 6.3587813
9.8380337 6.6542182
10.6835070 5.7996922
10.9640160 6.5661383
8.5400896 5.2067418
10.0781670 6.6470470
11.8788462 6.8619246
11.1222153 6.5303760
7.9193645 4.7435298
9.1780071 6.0697565
10.4130774 6.1094208
9.8660069 6.6490912
11.9306040 6.8211226
10.3338556 6.3711829
10.3286734 6.3720436
10.3854055 6.5434489
9.5514879 5.6018095
8.1656895 4.7398419
11.9291697 6.5567169
11.6381531 6.7047386
9.5602255 6.3580308
9.1486349 5.6760616
12.0109673 6.8075962
8.4007053 5.0784025
11.8938084 6.7620101
9.3500643 5.4784760
9.3724308 5.2970519
11.0089817 6.5528736
10.9935513 6.4641547
9.4849815 6.0442996
9.9653959 6.1073442
10.1641865 6.3051047
10.0239668 6.0678000
10.0408154 6.1933236
9.2100325 5.8365016
9.5364351 5.7882252
8.8629761 5.5527983
10.4318686 5.8537855
10.9465952 6.5443492
9.3700056 6.0684729
10.5503511 5.6479001
9.8638268 6.6558046
9.1499443 5.4748755
10.2680435 6.7263088
10.9485579 6.2854052
10.5489798 6.5180812
11.6697903 6.6089630
10.9010458 6.2253609
10.2304125 6.7045612
10.6432219 6.1682620
11.7141962 6.2975454
12.1015024 6.8836422
12.4718399 7.0027361
11.1470242 6.4896312
11.0899515 6.4758215
10.6774378 6.0254197
12.1316023 6.8523273
9.0703316 5.8957496
12.0556211 6.7334132
11.7982368 6.7767682
9.5356874 5.5216513
9.9540758 6.6688876
10.1209993 6.7041340
10.8161030 6.5419192
9.1007385 5.3124185
7.8969736 4.7396688
10.4295549 6.1309114
9.9940090 6.3055706
9.2495813 5.6541982
10.4507761 6.0642962
12.9030180 7.4167185
10.3814859 5.9645791
10.4266653 6.5041695
9.2229528 5.5577497
10.7720213 5.9580722
9.6586456 6.1010270
10.8774548 6.0722275
9.1854591 5.4044414
7.9530110 4.6602011
10.0054808 6.6882129
8.1844196 4.7839894
12.1110592 6.7541261
9.9020433 5.8888178
11.9742785 6.7984052
7.8881602 4.5323973
10.1212397 6.6137671
11.6683207 6.7373385
