kimg	fid	precision	recall
0	306.473661	0	0
2.5	303.670099	2.17188363e-07	0
5	300.490408	8.68715104e-07	0
7.5	296.963719	1.9545227e-06	0
10	293.119601	3.47455364e-06	0
12.5	288.987798	5.42875039e-06	0
15	284.597985	7.81705544e-06	0
17.5	279.979539	1.06394113e-05	0
20	275.161341	1.38957603e-05	0
22.5	270.171591	1.75860451e-05	0
25	265.037651	2.17102082e-05	0
27.5	259.785907	2.62681919e-05	0
30	254.441655	3.12599388e-05	0
32.5	249.029007	3.66853913e-05	0
35	243.570819	4.2544492e-05	0
37.5	238.08863	4.88371833e-05	0
40	232.602634	5.55634076e-05	0
42.5	227.131655	6.27231076e-05	0
45	221.69314	7.03162256e-05	0
47.5	216.303172	7.83427041e-05	0
50	210.713667	0.000965302497	0
52.5	204.476501	0.00439134923	0
55	197.732516	0.0101322393	0
57.5	190.631585	0.0179069492	0
60	183.312381	0.0274344557	0
62.5	175.900473	0.0384337354	0
65	168.507243	0.0506237649	0
67.5	161.229532	0.0637235209	0
70	154.14987	0.0774519798	0
72.5	147.337187	0.0915281185	0
75	140.847882	0.105670913	0
77.5	134.727141	0.119599341	0
80	129.01042	0.133032379	0
82.5	123.725011	0.145689002	0
85	118.891642	0.157288189	0
87.5	114.526067	0.167548915	0
90	110.640638	0.176190156	0
92.5	107.245822	0.182930891	0
95	104.351712	0.187490095	0
97.5	101.91151	0.190007858	0
100	99.6846359	0.192067055	0
102.5	97.625342	0.193876434	0
105	95.7144547	0.195465875	0
107.5	93.9343378	0.196865257	0
110	92.2686959	0.198104458	0
112.5	90.7024065	0.199213358	0
115	89.2213785	0.200221834	0
117.5	87.8124324	0.201159767	0
120	86.4632016	0.202057034	0
122.5	85.1620512	0.202943515	0
125	83.8980133	0.203849088	0
127.5	82.6607367	0.204803633	0
130	81.44045	0.205837028	0
132.5	80.2279371	0.206979152	0
135	79.0145226	0.208259883	0
137.5	77.7920682	0.209709102	0
140	76.5529773	0.211356686	0
142.5	75.2902073	0.213232514	0
145	73.9963557	0.215396104	0
147.5	72.6631588	0.21812579	0
150	71.3005685	0.221444187	0
152.5	69.9210754	0.225302504	0
155	68.536387	0.229651949	0
157.5	67.1574078	0.23444373	0
160	65.7942386	0.239629056	0
162.5	64.4561917	0.245159135	0
165	63.1518191	0.250985176	0
167.5	61.8889544	0.257058386	0
170	60.6747641	0.263329974	0
172.5	59.5158072	0.269751149	0
175	58.4181035	0.276273119	0
177.5	57.3872063	0.282847093	0
180	56.4282822	0.289424278	0
182.5	55.5461937	0.295955883	0
185	54.7455872	0.302393116	0
187.5	54.0309849	0.308687187	0
190	53.4068806	0.314789302	0
192.5	52.876245	0.320663722	7.6688074e-07
195	52.3899393	0.326691427	2.71267361e-05
197.5	51.9228095	0.333029042	8.9559379e-05
200	51.4747242	0.339623973	0.000186060765
202.5	51.0455613	0.346423625	0.000314626852
205	50.6352088	0.353375402	0.000473253595
207.5	50.2435653	0.360426708	0.00065993695
210	49.87054	0.367524949	0.000872672873
212.5	49.5160537	0.374617528	0.00110945732
215	49.180039	0.381651851	0.00136828625
217.5	48.8624406	0.388575323	0.00164715562
220	48.5632163	0.395335348	0.00194406138
222.5	48.282337	0.40187933	0.00225699949
225	48.0197876	0.408154674	0.00258396591
227.5	47.7755673	0.414108785	0.00292295659
230	47.5496902	0.419689068	0.00327196749
232.5	47.342186	0.424842927	0.00362899456
235	47.1531007	0.429517767	0.00399203377
237.5	46.9824968	0.433660992	0.00435908106
240	46.8304545	0.437220007	0.00472813239
242.5	46.6953169	0.440376124	0.00514715122
245	46.574224	0.44335432	0.00565875687
247.5	46.4654861	0.446167502	0.00625292912
250	46.3674392	0.448828577	0.00691964776
252.5	46.2784409	0.451350452	0.00764889256
255	46.1968669	0.453746032	0.00843064331
257.5	46.1211078	0.456028224	0.00925487978
260	46.0495677	0.458209935	0.0101115818
262.5	45.9806615	0.460304071	0.010990729
265	45.9128145	0.462323539	0.0118823014
267.5	45.8444611	0.464281245	0.0127762786
270	45.7740453	0.466190095	0.0136626404
272.5	45.7000208	0.468062997	0.0145313667
275	45.620852	0.469912856	0.0153724371
277.5	45.5350157	0.471752579	0.0161758315
280	45.4410027	0.473595073	0.0169315297
282.5	45.3373206	0.475453243	0.0176295114
285	45.2224965	0.477339997	0.0182597564
287.5	45.0950811	0.479268241	0.0188122446
290	44.9420426	0.48123796	0.0193103029
292.5	44.7422459	0.483224871	0.0198159364
295	44.5013373	0.485221689	0.0203271813
297.5	44.2257404	0.487221806	0.0208400295
300	43.921826	0.489218612	0.0213504728
302.5	43.5958696	0.4912055	0.0218545031
305	43.2540167	0.493175861	0.0223481124
307.5	42.9022571	0.495123087	0.0228272926
310	42.5464074	0.49704057	0.0232880356
312.5	42.1921021	0.498921701	0.0237263334
315	41.844791	0.500759872	0.0241381777
317.5	41.5097458	0.502548474	0.0245195606
320	41.1920714	0.504280899	0.0248664739
322.5	40.8967254	0.505950539	0.0251749096
325	40.6285425	0.507550786	0.0254408595
327.5	40.3922654	0.50907503	0.0256603157
330	40.1925813	0.510516664	0.0258292699
332.5	40.0341639	0.51186908	0.0259437142
335	39.9217216	0.513125668	0.0259996403
337.5	39.851482	0.514303819	0.0260047279
340	39.7907961	0.515494423	0.0260047279
342.5	39.7354879	0.5166989	0.0260047279
345	39.6850498	0.517907931	0.0260047279
347.5	39.6389788	0.519112198	0.0260047279
350	39.5967752	0.520302382	0.0260047279
352.5	39.5579432	0.521469165	0.0260047279
355	39.5219893	0.522603227	0.0260047279
357.5	39.4884229	0.523695252	0.0260047279
360	39.4567553	0.524735919	0.0260047279
362.5	39.4264997	0.525715911	0.0260047279
365	39.397171	0.526625909	0.0260047279
367.5	39.3682856	0.527456595	0.0260047279
370	39.3393615	0.528198649	0.0260047279
372.5	39.3099179	0.528842754	0.0260047279
375	39.2794756	0.52937959	0.0260047279
377.5	39.2475568	0.52979984	0.0260047279
380	39.2136856	0.530094185	0.0260047279
382.5	39.1773879	0.530253305	0.0260047279
385	39.1380924	0.530271237	0.0260290116
387.5	39.094796	0.530176499	0.0262917284
390	39.0479125	0.529986946	0.0268173758
392.5	38.9981473	0.529714141	0.027573889
395	38.9462033	0.529369646	0.0285292034
397.5	38.89278	0.528965025	0.0296512542
400	38.8385735	0.52851184	0.0309079768
402.5	38.784276	0.528021654	0.0322673065
405	38.7305758	0.52750603	0.0336971785
407.5	38.6781576	0.52697653	0.0351655281
410	38.6277023	0.526444718	0.0366402907
412.5	38.5798876	0.525922156	0.0380894015
415	38.5353881	0.525420407	0.0394807958
417.5	38.4948761	0.524951034	0.040782409
420	38.4590222	0.5245256	0.0419621763
422.5	38.4284958	0.524155667	0.0429880331
425	38.4039662	0.523852798	0.0438279145
427.5	38.3861038	0.523628557	0.044449756
430	38.3755807	0.523494505	0.0448214928
432.5	38.3729325	0.523482515	0.0449168336
435	38.374047	0.524243184	0.0449022531
437.5	38.3767056	0.525997059	0.0448678992
440	38.3808475	0.528625901	0.0448151082
442.5	38.3864123	0.532011471	0.0447452159
445	38.3933396	0.53603553	0.0446595585
447.5	38.4015692	0.540579839	0.044559472
450	38.4110407	0.545526161	0.0444462923
452.5	38.4216942	0.550756255	0.0443213556
455	38.4334694	0.556151884	0.0441859978
457.5	38.4463064	0.561594808	0.044041555
460	38.4601451	0.566966789	0.0438893633
462.5	38.4749254	0.572149588	0.0437307586
465	38.4905872	0.577024966	0.043567077
467.5	38.5070705	0.581474684	0.0433996545
470	38.5243151	0.585380505	0.0432298272
472.5	38.5422607	0.588624188	0.0430589311
475	38.5608471	0.591087495	0.0428883022
477.5	38.5800139	0.592652188	0.0427192765
480	38.5997006	0.593200028	0.0425531901
482.5	38.6270639	0.592908119	0.042368533
485	38.6681798	0.592074394	0.0421464671
487.5	38.7213714	0.590761854	0.0418923365
490	38.7849654	0.589033502	0.0416114854
492.5	38.8572862	0.586952338	0.0413092578
495	38.9366522	0.584581367	0.0409909979
497.5	39.0213723	0.581983588	0.0406620498
500	39.1097428	0.579222004	0.0403277576
502.5	39.2000462	0.576359617	0.0399934655
505	39.2905491	0.573459429	0.0396645174
507.5	39.3795023	0.570584442	0.0393462576
510	39.4651407	0.567797658	0.0390440301
512.5	39.5456849	0.565162078	0.0387631791
515	39.6193426	0.562740704	0.0385090487
517.5	39.6843114	0.560596539	0.038286983
520	39.7387826	0.558792584	0.038102326
522.5	39.7809452	0.557391842	0.037960422
525	39.8089911	0.556457314	0.037866615
527.5	39.821121	0.556052001	0.0378262491
530	39.8187688	0.556063934	0.0378609716
532.5	39.8081849	0.556158432	0.0380003729
535	39.7903512	0.556319874	0.0382335635
537.5	39.7660682	0.556543119	0.0385485191
540	39.7361381	0.556823025	0.0389332154
542.5	39.701363	0.557154451	0.0393756282
545	39.6625447	0.557532255	0.0398637332
547.5	39.6204829	0.557951298	0.0403855062
550	39.5759752	0.558406437	0.0409289228
552.5	39.5298159	0.558892532	0.0414819589
555	39.4827964	0.559404441	0.04203259
557.5	39.4357039	0.559937022	0.0425687921
560	39.3893223	0.560485136	0.0430785408
562.5	39.3444317	0.56104364	0.0435498118
565	39.3018087	0.561607394	0.0439705809
567.5	39.2622268	0.562171257	0.0443288239
570	39.2264571	0.562730086	0.0446125164
572.5	39.1952688	0.563278742	0.0448096342
575	39.1694298	0.563812082	0.044908153
577.5	39.1489305	0.564335611	0.0448969143
580	39.1308993	0.564888865	0.0447777138
582.5	39.1147514	0.56547351	0.0445623191
585	39.1002208	0.566086538	0.0442627546
587.5	39.087042	0.566724941	0.0438910444
590	39.0749503	0.567385712	0.043459213
592.5	39.063681	0.568065842	0.0429792845
595	39.0529702	0.568762324	0.0424632832
597.5	39.042554	0.56947215	0.0419232334
600	39.032169	0.570192312	0.0413711593
602.5	39.021552	0.570919802	0.0408190852
605	39.01044	0.571651613	0.0402790353
607.5	38.9985705	0.572384736	0.039763034
610	38.9856812	0.573116164	0.0392831055
612.5	38.9715103	0.573842889	0.0388512741
615	38.9557965	0.574561902	0.038479564
617.5	38.9382791	0.575270198	0.0381799994
620	38.9186979	0.575964766	0.0379646048
622.5	38.8967939	0.5766426	0.0378454042
625	38.8708132	0.577307292	0.0378402364
627.5	38.8275523	0.578014596	0.0380044344
630	38.7659522	0.578769778	0.038332964
632.5	38.688494	0.57956283	0.0388057847
635	38.5976612	0.580383747	0.0394028562
637.5	38.4959306	0.581222524	0.0401041379
640	38.3857644	0.582069155	0.0408895895
642.5	38.2696046	0.582913633	0.0417391704
645	38.1498677	0.583745954	0.0426328403
647.5	38.0289425	0.58455611	0.0435505588
650	37.9091881	0.585334097	0.0444722853
652.5	37.7929341	0.586069909	0.0453779795
655	37.6824821	0.58675354	0.0462476009
657.5	37.5801083	0.587374984	0.0470611091
660	37.488068	0.587924235	0.0477984636
662.5	37.408601	0.588391287	0.048439624
665	37.3439387	0.588766135	0.0489645499
667.5	37.2963124	0.589038774	0.0493532008
670	37.2679631	0.589199196	0.0495855363
672.5	37.2610514	0.589229657	0.0496438619
675	37.2735293	0.58888019	0.0495922912
677.5	37.3023156	0.588074425	0.0494733847
680	37.3455044	0.586866681	0.0492951584
682.5	37.401199	0.585311282	0.0490656287
685	37.4675052	0.583462547	0.0487928116
687.5	37.5425251	0.581374799	0.0484847234
690	37.6243524	0.579102358	0.0481493802
692.5	37.7110682	0.576699547	0.0477947981
695	37.800738	0.574220685	0.0474289935
697.5	37.8914098	0.571720095	0.0470599823
700	37.981113	0.569252098	0.0466957809
702.5	38.0678585	0.566871015	0.0463444053
705	38.1496395	0.564631167	0.0460138718
707.5	38.2244337	0.562586876	0.0457121965
710	38.2902065	0.560792463	0.0454473956
712.5	38.3449151	0.559302248	0.0452274852
715	38.3865139	0.558170555	0.0450604816
717.5	38.4129609	0.557451703	0.044954401
720	38.422225	0.557200015	0.0449172594
722.5	38.4100261	0.557475269	0.044954401
725	38.3749792	0.558261428	0.0450604816
727.5	38.3194336	0.559499084	0.0452274852
730	38.2457606	0.56112883	0.0454473956
732.5	38.1563421	0.563091257	0.0457121965
735	38.05356	0.565326959	0.0460138718
737.5	37.9397876	0.567776527	0.0463444053
740	37.8173819	0.570380556	0.0466957809
742.5	37.6886777	0.573079636	0.0470599823
745	37.5559833	0.57581436	0.0474289935
747.5	37.4215769	0.578525322	0.0477947981
750	37.2877055	0.581153113	0.0481493802
752.5	37.1565841	0.583638326	0.0484847234
755	37.0303966	0.585921554	0.0487928116
757.5	36.9112986	0.587943389	0.0490656287
760	36.8014205	0.589644423	0.0492951584
762.5	36.7028722	0.59096525	0.0494733847
765	36.6177496	0.591846461	0.0495922912
767.5	36.5481413	0.592228649	0.0496438619
770	36.4899768	0.59222995	0.0495855363
772.5	36.4317321	0.592191033	0.0493532008
775	36.3734373	0.592125933	0.0489645499
777.5	36.3154934	0.592038006	0.048439624
780	36.258299	0.591930609	0.0477984636
782.5	36.20225	0.5918071	0.0470611091
785	36.1477403	0.591670834	0.0462476009
787.5	36.0951612	0.59152517	0.0453779795
790	36.0449021	0.591373463	0.0444722853
792.5	35.9973507	0.59121907	0.0435505588
795	35.9528929	0.591065349	0.0426328403
797.5	35.9119134	0.590915656	0.0417391704
800	35.8747964	0.590773348	0.0408895895
802.5	35.8419252	0.590641783	0.0401041379
805	35.8136832	0.590524315	0.0394028562
807.5	35.7904543	0.590424304	0.0388057847
810	35.7726234	0.590345105	0.038332964
812.5	35.7605768	0.590290075	0.0380044344
815	35.7547032	0.590262571	0.0378402364
817.5	35.7583103	0.590298977	0.0378521859
820	35.7825797	0.590528962	0.0380111199
822.5	35.8264761	0.590948981	0.0382983128
825	35.8876156	0.591540219	0.0386977321
827.5	35.9636246	0.592283858	0.0391933455
830	36.0521296	0.593161084	0.0397691207
832.5	36.1507479	0.594153081	0.0404090253
835	36.2570795	0.595241032	0.041097027
837.5	36.3687018	0.596406121	0.0418170933
840	36.4831645	0.597629534	0.042553192
842.5	36.5979875	0.598892454	0.0432892907
845	36.7106593	0.600176065	0.0440093571
847.5	36.8186379	0.601461552	0.0446973587
850	36.9193528	0.602730098	0.0453372633
852.5	37.0102099	0.603962888	0.0459130385
855	37.0885965	0.605141106	0.0464086519
857.5	37.1518898	0.606245936	0.0468080712
860	37.1974661	0.607258562	0.0470952641
862.5	37.2227122	0.608160168	0.0472541981
865	37.2249935	0.608946404	0.0472722185
867.5	37.2030445	0.609735757	0.0471736997
870	37.1591676	0.610552029	0.0469765819
872.5	37.0961106	0.611387119	0.0466928894
875	37.016636	0.612232927	0.0463346464
877.5	36.9235077	0.613081352	0.0459138773
880	36.8194799	0.613924293	0.0454426063
882.5	36.7072886	0.61475365	0.0449328576
885	36.589644	0.615561321	0.0443966555
887.5	36.469226	0.616339206	0.0438460243
890	36.348681	0.617079204	0.0432929883
892.5	36.2306208	0.617773215	0.0427495717
895	36.1176238	0.618413137	0.0422277987
897.5	36.012237	0.618990869	0.0417396937
900	35.9169813	0.619498312	0.0412972809
902.5	35.8343574	0.619927363	0.0409125846
905	35.7668537	0.620269923	0.040597629
907.5	35.7169564	0.620517891	0.0403644384
910	35.6871611	0.620663165	0.0402250371
912.5	35.6795737	0.620699748	0.0401904734
915	35.6824338	0.620690948	0.0402365822
917.5	35.6890707	0.620669832	0.0403449463
920	35.6990939	0.620636724	0.0405109929
922.5	35.7121138	0.620591946	0.0407301496
925	35.7277408	0.620535824	0.0409978436
927.5	35.7455855	0.62046868	0.0413095025
930	35.765258	0.620390837	0.0416605534
932.5	35.7863678	0.62030262	0.042046424
935	35.8085239	0.620204351	0.0424625415
937.5	35.8313343	0.620096355	0.0429043334
940	35.854406	0.619978955	0.0433672269
942.5	35.8773452	0.619852474	0.0438466497
945	35.899757	0.619717235	0.0443380289
947.5	35.9212453	0.619573563	0.044836792
950	35.9414136	0.619421781	0.0453383664
952.5	35.9598641	0.619262213	0.0458381795
955	35.9761988	0.619095181	0.0463316587
957.5	35.9900191	0.61892101	0.0468142314
960	36.0009264	0.618740022	0.0472813249
962.5	36.010185	0.618503424	0.0477493799
965	36.0192952	0.618166537	0.0482373784
967.5	36.0282121	0.617735863	0.0487445601
970	36.0368909	0.617217901	0.0492701644
972.5	36.0452867	0.616619152	0.049813431
975	36.0533546	0.615946115	0.0503735994
977.5	36.0610495	0.615205291	0.0509499092
980	36.0683265	0.614403181	0.0515415999
982.5	36.0751406	0.613546283	0.0521479111
985	36.0814467	0.6126411	0.0527680824
987.5	36.0871998	0.61169413	0.0534013533
990	36.0923548	0.610711873	0.0540469634
992.5	36.0968667	0.609700831	0.0547041522
995	36.1006904	0.608667504	0.0553721594
997.5	36.103781	0.60761839	0.0560502244
1000	36.1060933	0.606559992	0.0567375869
