kimg	fid	precision	recall
0	298.405691	0	0
2.5	285.17824	5.46079007e-07	0
5	272.706389	2.18353706e-06	0
7.5	260.975898	4.91120571e-06	0
10	249.970157	8.72791651e-06	0
12.5	239.670795	1.3632501e-05	0
15	230.058232	1.96237907e-05	0
17.5	221.112177	2.67006173e-05	0
20	212.812083	3.48618122e-05	0
22.5	205.137547	4.4106207e-05	0
25	198.068678	5.44326332e-05	0
27.5	191.586425	6.58399224e-05	0
30	185.672877	7.83269062e-05	0
32.5	180.311537	9.18924161e-05	0
35	175.487585	0.000106535284	0
37.5	171.188122	0.00012225434	0
40	167.402417	0.000139048418	0
42.5	164.12215	0.000156916348	0
45	161.341678	0.000175856961	0
47.5	159.058306	0.00019586909	0
50	157.1908	0.000382410391	0
52.5	155.555076	0.00105855912	0
55	154.116795	0.00220121418	0
57.5	152.848157	0.00377670886	0
60	151.722728	0.00575137642	0
62.5	150.715189	0.00809155015	0
65	149.801128	0.0107635633	0
67.5	148.956881	0.0137337493	0
70	148.159405	0.0169684412	0
72.5	147.386188	0.0204339725	0
75	146.6152	0.0240966763	0
77.5	145.82487	0.027922886	0
80	144.994101	0.0318789349	0
82.5	144.10231	0.0359311562	0
85	143.129504	0.0400458832	0
87.5	142.056382	0.0441894491	0
90	140.86446	0.0483281874	0
92.5	139.536221	0.0524284312	0
95	138.055294	0.0564565139	0
97.5	136.325803	0.0604899767	3.84937645e-06
100	134.046647	0.0649453295	2.69623325e-05
102.5	131.272589	0.069822336	7.01120828e-05
105	128.097706	0.0750708955	0.00013233532
107.5	124.614012	0.0806409077	0.000212668737
110	120.909278	0.0864822721	0.000310149025
112.5	117.065417	0.0925448881	0.000423812879
115	113.157372	0.0987786553	0.000552696989
117.5	109.252489	0.105133473	0.00069583805
120	105.410311	0.111559241	0.000852272753
122.5	101.682712	0.118005859	0.00102103779
125	98.1143264	0.124423226	0.00120116986
127.5	94.7431947	0.130761242	0.00139170564
130	91.601571	0.136969807	0.00159168184
132.5	88.716853	0.142998819	0.00180013514
135	86.1125899	0.148798178	0.00201610224
137.5	83.8095484	0.154317785	0.00223861984
140	81.8268222	0.159507538	0.00246672461
142.5	80.182984	0.164317336	0.00269945326
145	78.8739538	0.168715142	0.0029380135
147.5	77.6955042	0.172842363	0.00320219827
150	76.5904347	0.176759851	0.00349786942
152.5	75.5527776	0.180492308	0.00382612789
155	74.5769267	0.184064437	0.0041880746
157.5	73.6575999	0.18750094	0.00458481047
160	72.7898072	0.190826518	0.00501743641
162.5	71.968821	0.194065873	0.00548705337
165	71.1901503	0.197243707	0.00599476225
167.5	70.4495175	0.200384723	0.00654166398
170	69.7428383	0.203513622	0.00712885948
172.5	69.0662034	0.206655107	0.00775744969
175	68.4158628	0.209833878	0.00842853551
177.5	67.7882126	0.213074639	0.00914321787
180	67.1797828	0.21640209	0.00990259769
182.5	66.5872279	0.219840935	0.0107077759
185	66.0073188	0.223415875	0.0115598534
187.5	65.4369359	0.227151611	0.0124599312
190	64.8730645	0.231072847	0.0134091101
192.5	64.3125306	0.235214686	0.0144253029
195	63.7456745	0.239914738	0.0160403566
197.5	63.172025	0.245251141	0.0184348637
200	62.5959212	0.251122108	0.021509741
202.5	62.0215526	0.257425851	0.0251659055
205	61.4529588	0.264060584	0.0293042742
207.5	60.8940318	0.27092452	0.0338257641
210	60.3485212	0.277915871	0.038631292
212.5	59.8200414	0.28493285	0.043621775
215	59.3120812	0.291873671	0.0486981299
217.5	58.8280153	0.298636546	0.0537612738
220	58.3711183	0.305119687	0.0587121235
222.5	57.9445797	0.311221309	0.0634515961
225	57.5515215	0.316839624	0.0678806085
227.5	57.1950171	0.321872845	0.0719000775
230	56.8781122	0.326219184	0.0754109203
232.5	56.6038474	0.329776855	0.0783140537
235	56.3752825	0.332444071	0.0805103946
237.5	56.1955226	0.334119045	0.0819008601
240	56.067747	0.334699988	0.082386367
242.5	55.9730315	0.334625739	0.0821855174
245	55.8894445	0.334411165	0.0816118678
247.5	55.8157375	0.334068528	0.0807087671
250	55.7506746	0.333610091	0.079519564
252.5	55.6930294	0.333048115	0.0780876075
255	55.641584	0.332394862	0.0764562463
257.5	55.5951273	0.331662594	0.0746688294
260	55.5524536	0.330863573	0.0727687054
262.5	55.512362	0.330010061	0.0707992233
265	55.4736555	0.32911432	0.0688037319
267.5	55.4351406	0.328188611	0.0668255801
270	55.3956271	0.327245198	0.0649081166
272.5	55.3539283	0.326296341	0.0630946903
275	55.3088612	0.325354302	0.0614286501
277.5	55.2592472	0.324431344	0.0599533447
280	55.2039131	0.323539728	0.058712123
282.5	55.1416916	0.322691716	0.0577483339
285	55.0714234	0.321899571	0.0571053262
287.5	54.9919583	0.321175554	0.0568264487
290	54.8945482	0.320486604	0.0568314853
292.5	54.7652341	0.319750114	0.0568845781
295	54.6076937	0.318972954	0.0569765535
297.5	54.4261174	0.318164809	0.05710566
300	54.224679	0.317335363	0.0572701462
302.5	54.0075185	0.316494302	0.0574682605
305	53.7787291	0.31565131	0.0576982515
307.5	53.5423475	0.314816072	0.0579583678
310	53.3023461	0.313998273	0.0582468578
312.5	53.0626293	0.313207599	0.0585619702
315	52.8270323	0.312453733	0.0589019533
317.5	52.5993225	0.311746362	0.0592650559
320	52.3832038	0.311095169	0.0596495264
322.5	52.1823238	0.31050984	0.0600536133
325	52.000283	0.31000006	0.0604755651
327.5	51.8406473	0.309575513	0.0609136305
330	51.7069619	0.309245885	0.0613660579
332.5	51.602769	0.30902086	0.0618310959
335	51.5316268	0.308910123	0.0623069929
337.5	51.490895	0.308982801	0.0628460182
340	51.4568485	0.309468782	0.0636541191
342.5	51.4264292	0.310349049	0.0647207367
345	51.3992452	0.311576657	0.0660104037
347.5	51.3749058	0.313104659	0.067487653
350	51.3530216	0.314886109	0.0691170172
352.5	51.3332044	0.316874061	0.0708630293
355	51.3150666	0.319021569	0.0726902218
357.5	51.2982216	0.321281687	0.0745631277
360	51.2822832	0.32360747	0.0764462797
362.5	51.266866	0.32595197	0.0783042105
365	51.2515848	0.328268243	0.080101453
367.5	51.2360552	0.330509341	0.0818025399
370	51.2198929	0.33262832	0.083372004
372.5	51.2027144	0.334578232	0.084774378
375	51.1841366	0.336312133	0.0859741948
377.5	51.163777	0.337783075	0.0869359872
380	51.1412542	0.338944114	0.0876242878
382.5	51.1161873	0.339748303	0.0880036294
385	51.0878969	0.340182808	0.0880499412
387.5	51.0536491	0.34053132	0.0878526237
390	51.013596	0.34086709	0.0874578282
392.5	50.9686404	0.34118939	0.0868896373
395	50.9196839	0.341497491	0.0861721338
397.5	50.8676256	0.341790664	0.0853294003
400	50.8133618	0.342068179	0.0843855195
402.5	50.7577852	0.342329309	0.0833645741
405	50.7017851	0.342573324	0.0822906468
407.5	50.6462465	0.342799495	0.0811878203
410	50.5920509	0.343007094	0.0800801773
412.5	50.5400759	0.343195393	0.0789918004
415	50.4911958	0.343363661	0.0779467723
417.5	50.4462819	0.34351117	0.0769691757
420	50.4062032	0.343637192	0.0760830934
422.5	50.3718271	0.343740997	0.075312608
425	50.3440205	0.343821857	0.0746818021
427.5	50.3236504	0.343879043	0.0742147586
430	50.3115859	0.343911826	0.0739355599
432.5	50.3088478	0.343916741	0.0738654697
435	50.320588	0.343805512	0.0739274425
437.5	50.3476677	0.343543836	0.0740703331
440	50.3882842	0.343142409	0.0742845085
442.5	50.4406407	0.342611925	0.0745603357
445	50.5029419	0.341963079	0.0748881814
447.5	50.5733903	0.341206564	0.0752584127
450	50.6501825	0.340353076	0.0756613964
452.5	50.7315072	0.339413308	0.0760874995
455	50.8155427	0.338397954	0.076527089
457.5	50.9004559	0.337317711	0.0769705316
460	50.9844014	0.33618327	0.0774081944
462.5	51.0655219	0.335005328	0.0778304443
465	51.1419485	0.333794578	0.0782276482
467.5	51.2118022	0.332561715	0.078590173
470	51.2731962	0.331317434	0.0789083857
472.5	51.3242383	0.330072428	0.0791726531
475	51.3630345	0.328837391	0.0793733422
477.5	51.387693	0.32762302	0.0795008199
480	51.3963294	0.326440006	0.0795454532
482.5	51.3817968	0.325151102	0.0792999704
485	51.3400856	0.323634292	0.0785988431
487.5	51.2740511	0.321923124	0.0774950534
490	51.1865718	0.320051149	0.0760415831
492.5	51.0805364	0.318051914	0.0742914141
495	50.958833	0.315958968	0.0722975284
497.5	50.8243395	0.31380586	0.0701129078
500	50.6799155	0.311626138	0.0677905342
502.5	50.5283966	0.309453351	0.0653833896
505	50.372589	0.307321048	0.0629444558
507.5	50.2152669	0.305262778	0.0605267148
510	50.0591706	0.303312088	0.0581831485
512.5	49.9070065	0.301502529	0.0559667387
515	49.7614487	0.299867647	0.0539304675
517.5	49.6251416	0.298440993	0.0521273166
520	49.500704	0.297256115	0.050610268
522.5	49.3907352	0.296346561	0.0494323036
525	49.2978219	0.295745881	0.0486464053
527.5	49.2245463	0.295487622	0.0483055551
530	49.1673246	0.295502454	0.0483817655
532.5	49.1144274	0.295589977	0.0487168038
535	49.0651298	0.295737284	0.049277256
537.5	49.0190755	0.29593763	0.0500342229
540	48.9759101	0.296184269	0.0509588053
542.5	48.9352809	0.296470455	0.0520221039
545	48.8968368	0.296789442	0.0531952195
547.5	48.8602282	0.297134486	0.054449253
550	48.8251067	0.29749884	0.055755305
552.5	48.791125	0.297875759	0.0570844765
555	48.757937	0.298258496	0.058407868
557.5	48.7251973	0.298640308	0.0596965806
560	48.6925619	0.299014447	0.0609217148
562.5	48.6596873	0.299374168	0.0620543716
565	48.6262311	0.299712726	0.0630656516
567.5	48.5918519	0.300023375	0.0639266556
570	48.5562093	0.300299369	0.0646084846
572.5	48.5189639	0.300533963	0.0650822391
575	48.4797775	0.300720411	0.06531902
577.5	48.4378615	0.300859348	0.0653164577
580	48.3914967	0.300978156	0.0651732139
582.5	48.3412273	0.301081999	0.0649143734
585	48.287826	0.301172997	0.0645543856
587.5	48.2320626	0.30125327	0.0641077002
590	48.1747041	0.301324939	0.0635887667
592.5	48.116514	0.301390123	0.0630120349
595	48.0582522	0.301450944	0.0623919543
597.5	48.000675	0.301509522	0.0617429744
600	47.9445351	0.301567976	0.0610795449
602.5	47.8905816	0.301628428	0.0604161155
605	47.8395606	0.301692997	0.0597671356
607.5	47.7922154	0.301763803	0.059147055
610	47.7492871	0.301842967	0.0585703232
612.5	47.7115151	0.30193261	0.0580513897
615	47.6796381	0.302034851	0.0576047043
617.5	47.6543946	0.30215181	0.0572447165
620	47.6365242	0.302285609	0.056985876
622.5	47.6267687	0.302438367	0.0568426322
625	47.6259585	0.302661522	0.0568437176
627.5	47.6350296	0.303390319	0.057119962
630	47.6531842	0.30467148	0.0576726757
632.5	47.6793247	0.306436526	0.0584681428
635	47.7123549	0.308616977	0.0594726476
637.5	47.7511794	0.311144354	0.0606524744
640	47.7947012	0.313950178	0.0619739073
642.5	47.841821	0.31696597	0.0634032307
645	47.8914362	0.32012325	0.0649067287
647.5	47.9424402	0.323353541	0.0664506857
650	47.9937215	0.326588362	0.0680013858
652.5	48.0441644	0.329759234	0.0695251133
655	48.092648	0.332797679	0.0709881524
657.5	48.1380474	0.335635216	0.0723567874
660	48.179234	0.338203368	0.0735973025
662.5	48.2150761	0.340433655	0.074675982
665	48.2444403	0.342257597	0.0755591101
667.5	48.2661929	0.343606716	0.0762129711
670	48.2792012	0.344412532	0.0766038491
672.5	48.2821343	0.34461196	0.0767041708
675	48.2679973	0.344341025	0.0766911375
677.5	48.2353717	0.34371633	0.0766599085
680	48.1864307	0.34277999	0.0766110188
682.5	48.1233569	0.341574118	0.0765450035
685	48.0483355	0.34014083	0.076462398
687.5	47.9635485	0.338522239	0.0763637373
690	47.8711696	0.336760459	0.0762495566
692.5	47.7733608	0.334897605	0.0761203911
695	47.672269	0.332975791	0.075976776
697.5	47.5700241	0.331037132	0.0758192464
700	47.4687385	0.329123741	0.0756483376
702.5	47.3705065	0.327277733	0.0754645846
705	47.2774053	0.325541222	0.0752685227
707.5	47.1914971	0.323956322	0.075060687
710	47.1148316	0.322565148	0.0748416127
712.5	47.0494493	0.321409814	0.074611835
715	46.9973867	0.320532433	0.074371889
717.5	46.960681	0.319975121	0.0741223099
720	46.9413769	0.319779992	0.073863633
722.5	46.9316595	0.319899238	0.0734487397
725	46.9223529	0.320239818	0.072752989
727.5	46.9134693	0.320775996	0.0718106316
730	46.9050209	0.321482034	0.0706559186
732.5	46.8970201	0.322332198	0.0693231009
735	46.8894791	0.323300749	0.0678464293
737.5	46.8824102	0.324361952	0.0662601548
740	46.8758257	0.32549007	0.0645985283
742.5	46.869738	0.326659366	0.0628958008
745	46.8641592	0.327844104	0.061186223
747.5	46.8591019	0.329018548	0.0595040461
750	46.8545782	0.33015696	0.0578835208
752.5	46.8506005	0.331233605	0.0563588981
755	46.8471813	0.332222745	0.0549644289
757.5	46.8443328	0.333098645	0.0537343641
760	46.8420675	0.333835568	0.0527029547
762.5	46.8403977	0.334407776	0.0519044516
765	46.839336	0.334789535	0.0513731057
767.5	46.8388948	0.334955107	0.0511431678
770	46.843512	0.334917987	0.0511507487
772.5	46.8614884	0.334754669	0.0512065884
775	46.8915747	0.334481077	0.0512999972
777.5	46.9322411	0.334110946	0.0514261584
780	46.98196	0.333658012	0.0515802555
782.5	47.0392035	0.333136009	0.051757472
785	47.10244	0.332558673	0.0519529914
787.5	47.1701323	0.331939739	0.052161997
790	47.240736	0.331292943	0.0523796725
792.5	47.3126981	0.330632018	0.0526012011
795	47.3844561	0.329970701	0.0528217665
797.5	47.4544383	0.329322727	0.053036552
800	47.5210638	0.328701831	0.0532407412
802.5	47.5827433	0.328121748	0.0534295174
805	47.6378809	0.327596213	0.0535980641
807.5	47.6848754	0.327138962	0.0537415648
810	47.7221232	0.326763729	0.053855203
812.5	47.7480212	0.32648425	0.0539341622
815	47.7609702	0.32631426	0.0539736257
817.5	47.7620279	0.326245432	0.0538957776
820	47.7611883	0.326194525	0.0534182982
822.5	47.7596144	0.326151162	0.0525554959
825	47.7573347	0.326114378	0.0513555359
827.5	47.7543781	0.326083209	0.0498665838
830	47.7507731	0.326056692	0.0481368047
832.5	47.7465484	0.326033861	0.0462143642
835	47.7417328	0.326013753	0.0441474276
837.5	47.736355	0.325995402	0.0419841603
840	47.7304437	0.325977846	0.0397727275
842.5	47.7240277	0.325960119	0.0375612948
845	47.7171357	0.325941257	0.0353980274
847.5	47.7097964	0.325920297	0.0333310908
850	47.7020386	0.325896273	0.0314086503
852.5	47.693891	0.325868222	0.0296788713
855	47.6853823	0.325835179	0.0281899191
857.5	47.6765412	0.325796181	0.0269899592
860	47.6673965	0.325750262	0.0261271568
862.5	47.6579767	0.325696458	0.0256496775
865	47.6477081	0.325586698	0.0255937157
867.5	47.6313242	0.325005349	0.0258699602
870	47.6082982	0.323906108	0.0264226739
872.5	47.5795116	0.322352536	0.0272181411
875	47.5458456	0.320408194	0.028222646
877.5	47.5081809	0.318136644	0.0294024729
880	47.4673967	0.315601447	0.0307239059
882.5	47.4243697	0.312866164	0.0321532295
885	47.379974	0.309994356	0.0336567276
887.5	47.3350808	0.307049585	0.0352006847
890	47.2905576	0.304095411	0.036751385
892.5	47.2472692	0.301195396	0.0382751126
895	47.2060769	0.298413101	0.0397381519
897.5	47.1678393	0.295812088	0.041106787
900	47.1334127	0.293455917	0.0423473023
902.5	47.1036518	0.291408149	0.0434259818
905	47.07941	0.289732347	0.04430911
907.5	47.0615411	0.288492071	0.044962971
910	47.0508997	0.287750881	0.0453538491
912.5	47.0483419	0.287569613	0.0454517917
915	47.0542769	0.287894429	0.0453588326
917.5	47.0679641	0.288643359	0.0451444966
920	47.0884869	0.289765912	0.0448232335
922.5	47.1149305	0.291211599	0.0444094928
925	47.1463805	0.292929929	0.0439177242
927.5	47.1819218	0.294870415	0.0433623773
930	47.2206376	0.296982564	0.0427579017
932.5	47.2616091	0.299215889	0.042118747
935	47.3039147	0.3015199	0.0414593628
937.5	47.3466295	0.303844106	0.0407941989
940	47.3888253	0.306138019	0.0401377046
942.5	47.4295708	0.308351148	0.0395043298
945	47.4679314	0.310433004	0.038908524
947.5	47.5029699	0.312333097	0.0383647367
950	47.5337469	0.314000938	0.0378874178
952.5	47.5593216	0.315386038	0.0374910166
955	47.5787526	0.316437905	0.037189983
957.5	47.5910993	0.317106051	0.0369987664
960	47.595423	0.317339987	0.0369318165
962.5	47.5901052	0.317338468	0.0369318165
965	47.5745005	0.317327838	0.0369318165
967.5	47.549136	0.317298986	0.0369318165
970	47.5145442	0.317242799	0.0369318165
972.5	47.4712615	0.317150168	0.0369318165
975	47.4198275	0.31701198	0.0369318165
977.5	47.3607839	0.316819124	0.0369318165
980	47.2946737	0.316562489	0.0369318165
982.5	47.2220401	0.316232963	0.0369318165
985	47.1434264	0.315821436	0.0369318165
987.5	47.0593746	0.315318796	0.0369318165
990	46.9704251	0.314715931	0.0369318165
992.5	46.8771162	0.314003731	0.0369318165
995	46.7799832	0.313173084	0.0369318165
997.5	46.6795585	0.312214878	0.0369318165
1000	46.5763706	0.311120003	0.0369318165
